Error results for SA1
---------------------------
1014.425
1015.377
1019.656
1035.614
1038.231
1035.618
1036.774
1035.887
1035.569
1031.840
1031.840
1042.993
1032.728
1025.911
1020.874
1020.225
1023.933
1016.001
1014.054
1018.948
1013.450
1012.572
1016.452
1012.332
1018.491
1015.442
1009.497
997.698
997.887
997.870
1001.097
994.375
993.673
998.165
981.105
981.105
983.504
983.663
984.162
981.136
980.951
979.252
979.868
985.393
979.252
968.254
973.420
968.233
968.791
971.602
975.771
964.789
963.930
962.662
968.673
975.697
980.851
982.341
965.272
961.817
961.801
957.892
954.729
954.731
935.876
936.524
935.973
937.864
935.876
935.747
933.911
933.710
929.857
936.061
929.982
922.616
919.168
918.823
907.596
907.181
928.924
894.373
894.320
894.104
894.243
894.821
894.851
895.775
900.197
892.309
892.193
891.827
892.945
891.470
891.331
891.215
894.146
879.025
887.518
878.784
880.745
879.947
878.120
878.073
878.116
873.689
872.672
873.647
876.668
871.916
871.840
873.763
874.415
869.145
877.262
868.210
869.987
867.082
871.535
863.383
870.025
860.090
859.508
859.717
859.849
860.658
859.531
858.119
855.894
866.621
855.343
855.679
854.783
855.005
853.035
858.269
852.521
853.139
847.438
846.593
851.002
846.588
846.556
847.186
869.150
846.800
847.289
846.719
845.489
847.079
859.307
835.864
835.864
832.676
828.335
834.183
828.335
828.335
828.341
827.852
826.531
825.431
819.085
822.529
819.402
816.058
804.586
801.768
801.768
799.434
801.195
805.080
793.175
787.885
789.731
788.627
778.143
778.240
772.284
773.141
772.284
771.262
771.762
774.493
775.846
769.795
769.573
762.787
762.931
791.663
763.327
763.247
760.905
742.065
743.388
742.357
741.666
711.961
712.212
716.744
715.380
712.237
713.392
711.146
712.389
711.881
711.552
711.146
710.876
708.375
710.752
716.821
707.335
706.346
707.219
706.346
705.758
707.346
705.176
702.102
700.754
702.820
713.145
701.536
700.803
700.643
700.423
701.028
700.409
707.193
703.623
703.272
699.821
699.661
700.250
703.837
700.926
699.821
699.426
699.035
698.750
701.861
700.739
698.151
693.545
693.686
689.098
681.690
685.955
687.211
691.446
681.148
681.148
689.342
680.882
684.973
681.772
679.077
690.382
672.024
667.950
667.002
654.890
654.890
661.005
655.469
655.191
652.831
653.493
652.687
656.215
650.949
657.038
651.471
651.027
651.490
651.027
651.503
651.131
650.960
650.816
651.315
651.254
651.198
649.774
649.787
656.503
649.655
656.265
651.674
649.854
648.234
648.124
646.896
647.947
648.986
646.607
646.842
649.791
646.078
634.251
635.950
637.610
634.206
634.206
634.210
634.964
628.122
633.039
628.226
633.912
628.308
622.262
623.589
622.262
631.271
622.615
622.623
624.861
622.262
627.572
624.428
622.268
621.496
621.496
621.878
621.737
627.106
621.589
621.589
624.308
622.631
621.044
621.489
620.128
620.154
624.156
637.387
619.923
618.734
619.176
618.409
620.326
614.898
615.626
612.752
615.573
611.949
613.001
635.845
603.227
601.500
602.626
601.726
601.450
601.394
601.293
601.190
601.220
599.227
605.007
597.021
596.724
598.784
604.273
595.922
593.777
593.440
593.254
598.756
595.813
597.359
594.687
592.596
592.649
597.382
587.186
587.763
585.715
586.192
585.070
584.067
582.764
583.155
582.587
582.747
582.672
577.986
578.161
577.784
578.801
577.117
572.875
573.202
571.001
570.610
561.853
568.219
561.853
562.949
561.915
562.109
561.850
561.660
576.093
559.965
559.717
559.717
559.058
558.704
550.499
550.331
549.200
545.515
546.025
547.549
545.658
545.364
545.637
543.928
543.941
543.928
542.919
542.934
545.256
543.242
543.006
542.942
542.812
538.727
535.049
539.708
537.678
543.723
534.567
534.639
534.639
533.767
537.631
533.756
534.278
531.176
532.400
534.528
535.039
529.751
530.078
531.596
533.279
521.423
517.598
517.598
517.808
517.598
517.689
517.192
519.523
520.671
516.872
521.182
516.835
517.103
517.323
518.393
512.943
513.651
515.131
511.992
513.269
512.066
515.636
510.815
510.788
510.962
509.544
510.620
511.405
509.470
513.908
509.288
514.015
509.096
507.596
507.512
507.929
505.206
515.963
505.324
503.341
506.868
503.704
507.460
502.584
502.548
507.337
502.544
502.713
503.838
501.996
502.063

Error results for SA2
---------------------------
997.328
997.488
998.342
1004.549
991.957
991.047
985.057
976.527
977.857
977.996
976.874
981.103
978.498
961.362
949.925
955.958
954.736
930.829
928.349
925.200
925.165
928.271
923.023
911.939
899.227
901.435
900.442
899.881
899.478
894.450
879.512
878.779
879.976
880.776
878.675
878.675
884.232
879.827
880.446
878.675
882.849
868.652
868.894
868.433
868.294
879.956
866.975
871.957
857.564
853.282
853.329
850.831
850.699
854.824
850.699
850.699
850.451
832.604
831.945
831.945
851.023
844.387
832.021
829.360
830.745
823.711
821.357
820.277
826.461
820.817
820.277
810.446
809.503
829.256
810.664
809.572
808.210
807.519
807.393
807.393
783.449
783.689
777.817
772.297
773.546
765.049
764.355
760.581
760.504
756.431
755.255
760.851
753.865
754.213
753.452
751.906
752.037
751.264
752.142
751.487
749.844
747.506
747.506
748.309
748.332
750.127
757.112
745.039
747.775
733.076
722.111
727.486
721.990
722.111
722.000
717.717
716.543
716.828
715.777
717.363
716.106
715.849
716.151
715.879
715.832
715.845
715.408
715.576
715.578
717.825
706.112
705.884
719.131
702.312
702.766
699.382
713.990
703.679
694.901
694.979
693.841
693.913
693.707
698.225
697.237
693.314
697.101
696.319
693.991
697.014
695.090
692.964
694.776
691.861
691.904
702.371
692.036
692.026
692.069
692.373
692.219
692.596
698.021
693.536
688.199
709.774
688.456
705.975
696.008
684.874
681.760
686.399
716.492
681.582
680.472
668.844
660.673
660.673
666.863
660.546
662.222
662.174
657.901
658.178
659.119
657.180
659.175
658.995
658.878
661.596
657.626
665.334
670.041
656.940
657.355
660.002
656.033
654.950
656.281
649.067
648.567
646.006
645.226
645.051
644.706
645.397
656.499
643.257
641.698
642.511
625.221
626.130
625.183
629.991
625.769
624.015
624.253
622.839
624.580
623.023
614.643
615.234
614.476
614.253
615.090
609.801
606.430
605.503
605.512
606.186
607.473
605.470
606.732
604.595
608.636
606.851
608.802
604.411
604.980
604.655
611.255
604.742
604.852
603.535
606.614
603.535
603.492
602.202
602.202
607.575
601.913
601.595
600.436
600.578
601.686
601.454
599.395
599.690
600.506
599.211
599.159
599.602
598.835
600.123
593.329
593.455
593.329
594.296
593.326
593.179
593.377
594.541
587.855
587.808
587.653
587.653
591.249
587.819
590.288
585.703
584.570
584.311
585.208
585.156
584.511
569.704
571.281
569.654
575.393
568.418
568.380
568.321
570.121
568.367
568.884
567.938
568.554
566.429
563.865
576.195
560.572
560.717
560.572
563.330
571.530
560.305
560.456
564.489
560.297
560.830
559.195
559.157
559.157
559.157
560.823
560.281
558.448
552.205
553.028
553.114
550.277
552.413
548.440
548.440
550.758
548.255
567.419
554.614
548.127
547.590
557.317
547.309
558.152
547.550
549.053
547.784
548.105
548.770
545.041
543.441
544.632
543.491
542.414
542.098
541.976
542.098
541.721
543.395
541.597
542.047
552.734
541.820
541.395
540.850
540.948
541.301
541.294
541.666
540.761
554.667
549.347
541.674
536.398
533.388
534.593
533.388
526.879
527.178
527.862
527.355
523.006
522.631
523.647
522.962
529.158
522.747
522.746
515.040
515.040
527.914
514.957
514.815
513.605
513.144
520.097
513.572
513.020
517.059
513.074
513.117
513.546
512.901
512.374
512.806
514.275
516.509
522.719
511.133
519.433
509.397
514.615
510.506
512.951
514.796
509.571
508.618
508.284
507.964
507.920
507.466
495.287
494.290
494.212
494.068
494.129
493.419
493.425
494.033
497.034
493.094
479.199
478.501
478.406
478.330
478.150
479.225
482.409
478.619
476.333
476.085
480.458
488.580
477.073
475.928
477.089
475.928
477.267
479.246
475.991
475.810
475.468
475.469
475.495
475.468
474.550
475.474
475.554
475.158
475.533
466.721
466.726
466.181
461.907
461.698
464.369
463.997
463.136
461.971
455.569
457.612
458.087
461.335
457.981
455.781
461.968
455.954
453.332
455.053
455.167
452.696
455.714
450.651
449.900
450.207
458.356
451.095
445.227
447.993
446.257
445.227
444.820
443.706
448.818
445.723
442.762
442.051
443.148
441.842
441.831
442.905
449.166
441.862
441.043
441.043
440.490
442.459
440.912
439.768
445.025
439.924

Error results for SA3
---------------------------
928.841
948.171
949.793
945.773
1000.448
999.233
948.770
981.833
982.266
979.266
979.266
1018.679
979.997
979.457
962.975
969.875
962.939
962.645
952.158
956.343
952.158
951.321
948.661
947.451
945.876
897.840
897.018
896.919
896.896
893.831
893.743
894.291
893.743
929.711
895.037
892.382
880.021
879.989
867.125
867.298
862.929
851.844
851.844
851.844
851.508
811.076
810.744
798.335
795.652
790.379
789.390
792.448
785.477
786.694
790.363
789.261
785.477
805.464
784.598
785.552
784.713
784.326
786.400
783.655
781.679
796.362
786.204
782.828
773.890
776.052
773.157
773.734
768.192
769.927
768.283
768.192
771.750
770.457
772.426
767.389
767.963
759.106
758.107
759.460
763.570
757.393
755.209
754.102
754.128
750.076
746.703
746.965
746.452
739.997
744.437
740.086
740.086
773.451
741.429
724.445
726.132
724.824
712.228
715.904
713.826
709.920
709.920
708.592
726.332
708.489
708.493
708.427
709.378
744.562
714.341
709.851
714.273
711.908
708.300
705.449
709.918
701.485
699.390
706.931
700.980
699.228
707.237
700.857
699.312
699.312
706.472
699.551
693.094
688.997
690.714
696.047
688.648
695.483
691.745
695.456
689.435
688.451
686.707
690.532
686.509
694.067
694.714
685.443
685.440
682.837
677.218
677.218
677.202
685.177
685.873
678.579
679.360
677.164
679.355
689.158
678.823
677.164
697.034
680.314
664.669
664.909
664.975
665.489
665.560
665.019
666.875
665.942
662.543
662.443
662.574
662.861
656.679
652.741
654.097
652.675
672.716
648.472
657.665
648.156
648.580
655.448
647.611
642.866
642.110
642.755
652.416
649.597
639.972
638.923
639.666
639.028
638.823
634.774
636.674
635.725
635.447
634.597
633.573
635.220
634.176
633.790
649.132
634.958
633.698
634.472
631.160
636.208
634.827
633.159
633.893
631.659
631.393
626.502
626.355
624.002
624.039
624.051
618.376
618.376
619.226
619.049
618.376
618.413
621.002
616.980
618.334
616.007
616.312
629.139
615.859
621.834
616.605
603.991
604.413
603.901
603.556
604.036
603.430
603.898
603.875
603.827
579.270
573.213
574.077
573.412
579.105
570.674
571.593
570.674
570.612
575.207
570.612
571.296
570.586
570.603
570.389
570.085
581.313
570.085
584.129
571.330
568.817
550.192
548.563
549.884
542.779
542.897
542.377
542.345
542.216
564.976
542.168
542.167
543.215
541.487
542.377
540.710
541.385
546.483
542.206
543.529
542.790
541.064
541.807
541.435
541.064
541.064
541.980
541.068
543.072
543.221
544.037
540.987
541.514
570.828
540.302
540.343
539.021
540.515
547.516
546.298
542.293
540.613
548.272
540.039
541.425
550.897
553.017
541.327
541.499
540.572
540.412
544.445
533.086
557.881
537.905
536.701
534.505
533.119
532.482
533.588
531.782
531.926
538.609
531.237
534.708
527.875
527.875
527.875
523.354
523.159
522.993
515.266
515.678
512.480
511.939
510.856
512.251
508.524
509.338
509.549
510.276
504.379
503.182
503.171
498.687
514.054
498.390
498.367
484.396
484.286
484.676
484.802
481.581
482.119
481.602
475.427
472.870
474.055
474.310
458.695
460.545
460.502
458.695
458.608
459.176
459.027
458.586
472.232
458.517
458.966
469.382
454.185
465.399
453.541
453.888
453.066
452.702
452.280
455.486
452.106
444.669
440.859
436.631
440.025
436.631
436.631
438.041
437.848
438.030
439.812
437.136
445.305
434.724
435.599
435.599
438.618
442.369
439.094
435.426
435.232
421.993
421.993
423.278
421.875
421.875
421.813
411.648
410.353
410.406
406.727
407.634
406.252
406.675
406.687
406.632
408.041
408.058
406.431
406.436
406.431
406.751
397.073
394.396
393.848
395.224
392.731
392.659
392.650
392.650
392.060
391.982
391.888
392.562
392.679
391.197
391.204
391.204
391.016
391.348
391.170
391.219
391.265
421.985
391.219
391.346
393.397
390.741
408.580
391.297
391.424
391.161
390.672
390.147
388.748
388.679
388.659
388.679
383.860
383.920
384.894
381.143
381.681
378.816
379.818
378.224
380.262
381.873
378.599
385.318
376.882
378.997
376.678
377.126
377.613
376.895
376.998
378.101
376.882
381.133
378.285
377.736
376.892
376.507
376.507
374.360
376.067
374.360
374.389
374.043
374.043
375.190
375.395
374.168
374.162

Error results for SA4
---------------------------
1009.394
1009.513
1007.168
1005.433
1005.433
1003.081
1004.907
1006.656
1006.656
1013.401
1013.647
1008.752
1021.541
1008.790
1008.545
1016.549
1050.286
1006.436
1007.653
1006.477
996.621
995.011
1012.387
995.229
995.048
993.004
986.349
982.205
984.232
981.650
981.882
980.890
976.063
976.250
976.385
1002.910
976.798
976.488
975.245
974.013
974.013
972.554
976.142
966.647
970.748
964.244
963.082
962.821
963.953
960.682
963.620
960.681
959.539
944.586
972.622
925.587
927.742
924.989
929.606
920.323
921.608
917.880
932.801
917.602
913.112
916.269
912.771
912.896
907.296
906.298
911.074
900.714
902.181
899.822
898.142
907.613
899.416
896.314
896.401
895.430
894.644
898.052
911.945
932.331
894.133
894.370
894.778
894.003
898.952
891.480
893.000
891.638
891.611
891.479
890.619
888.538
890.362
887.305
886.657
881.668
883.770
879.431
880.169
892.514
879.359
879.573
895.280
878.257
869.346
870.969
874.325
868.565
869.019
878.936
871.283
868.565
866.227
868.244
867.864
867.101
865.228
866.173
865.502
861.612
861.612
861.612
870.526
861.673
867.675
866.938
861.035
862.475
861.035
860.312
863.274
859.827
859.689
861.399
860.657
845.084
845.766
843.680
843.221
842.596
844.417
843.609
835.585
835.810
852.226
851.028
835.039
835.039
837.714
835.926
832.900
832.900
834.957
829.681
823.842
824.159
824.364
818.810
819.134
818.656
815.717
817.544
819.917
814.947
813.496
821.387
815.530
814.253
814.313
818.223
812.329
812.311
812.064
811.577
808.945
809.809
812.500
810.866
808.121
807.678
807.678
807.154
805.095
803.653
805.286
804.982
811.396
803.538
801.521
808.203
804.523
796.521
796.691
796.473
798.616
794.796
794.602
794.684
791.792
791.069
790.923
798.838
792.260
795.924
792.824
788.586
785.013
784.746
784.549
782.594
782.203
781.739
790.622
782.983
785.815
783.838
786.534
787.629
785.946
780.630
785.528
788.719
781.054
785.638
784.421
781.650
790.926
780.630
798.380
795.508
791.785
781.040
777.310
776.135
776.304
776.132
773.678
778.530
777.242
768.328
769.715
773.967
768.272
768.099
767.166
767.436
782.568
765.523
765.643
766.783
765.977
765.451
762.091
764.126
762.129
764.751
765.938
762.203
764.529
761.918
761.964
762.560
762.745
765.860
761.883
766.141
767.563
762.773
762.400
762.356
757.725
757.689
757.744
754.182
754.182
754.715
754.467
754.250
754.248
750.893
750.133
748.242
746.620
746.777
748.191
744.724
745.694
747.494
744.518
744.122
744.133
743.294
741.652
743.159
741.952
750.240
741.652
741.882
741.652
752.030
742.856
747.319
741.753
741.595
741.595
741.595
741.941
739.218
742.362
738.565
734.174
736.294
733.476
734.624
735.288
733.456
732.223
721.868
718.292
716.962
717.245
724.780
716.962
719.245
717.131
717.822
715.772
715.490
715.471
715.502
718.471
717.976
717.007
712.480
711.655
711.621
711.176
712.833
712.003
710.920
713.362
712.889
711.543
709.792
704.982
705.811
713.341
708.415
705.664
704.222
711.580
703.837
705.759
705.332
703.837
704.405
704.064
706.439
701.802
701.802
707.567
702.179
699.081
696.140
696.148
703.081
696.186
696.429
695.031
693.366
692.418
691.545
688.581
686.972
684.871
685.070
684.417
686.934
684.464
682.615
685.933
682.601
681.155
681.155
682.608
682.248
680.187
677.505
677.601
677.356
678.241
677.285
686.629
682.869
678.940
678.239
677.427
677.298
677.629
675.420
676.021
679.493
678.408
676.503
677.162
675.250
677.269
677.120
677.458
677.363
675.372
675.154
674.011
678.967
673.859
673.777
673.109
674.080
672.260
671.747
674.031
671.708
671.671
671.671
669.701
669.077
669.085
670.302
722.278
669.211
669.402
668.452
668.244
634.106
634.117
637.421
636.597
633.478
635.216
632.243
641.471
633.278
627.741
635.202
618.675
617.423
619.459
617.269
619.747
617.937
626.325
612.284
612.284
623.181
612.006
611.864
611.826
614.055
611.503
616.049
610.805
611.084
611.130
610.259
610.459
610.237
610.242
610.242
611.112
611.333
614.091
611.278
608.586
609.015
608.061
608.687
605.239
604.964
605.025
605.742
608.797
607.475
605.153
607.236
604.903
604.228
604.477
604.235
607.237
597.372
597.372
597.683
597.844
596.678
596.741
597.861

Error results for SA5
---------------------------
998.586
999.818
999.936
999.964
998.629
1007.374
1022.013
1022.013
1022.595
1020.252
1020.570
1008.142
1008.708
1020.908
1008.633
1008.121
1007.961
1008.260
1008.119
1002.252
1009.716
999.759
1000.656
1000.749
993.757
993.902
987.017
986.878
985.814
993.006
985.594
985.594
985.169
984.387
982.322
978.515
978.258
968.067
967.296
960.438
963.633
963.179
986.278
951.576
951.568
947.860
947.625
947.784
949.374
953.382
952.727
967.787
947.108
946.875
946.882
954.185
946.740
943.817
950.408
943.817
926.761
929.221
926.863
929.810
926.797
927.677
926.923
926.571
928.657
929.181
930.378
930.510
915.954
914.925
915.675
914.774
914.925
921.600
915.132
910.697
910.149
909.888
908.960
909.177
908.960
905.967
905.979
903.584
903.944
916.675
904.569
905.077
904.000
910.076
903.880
904.917
903.880
915.370
901.152
899.915
896.184
890.529
894.353
891.391
887.127
887.515
887.702
891.859
888.362
895.975
885.903
885.903
893.924
886.050
884.272
865.815
865.815
866.351
865.174
866.398
860.808
856.170
856.066
851.338
851.160
852.576
851.420
849.480
863.267
844.841
845.383
844.839
846.045
839.229
837.302
837.297
837.382
835.704
835.704
831.951
831.951
834.137
829.935
827.889
827.921
826.515
828.051
822.760
825.561
813.888
815.704
813.272
812.305
819.178
816.070
810.778
810.789
810.481
811.354
820.096
811.026
809.920
810.887
808.422
805.754
805.754
809.953
805.926
805.303
802.453
805.500
811.335
802.054
806.457
805.897
801.596
799.803
799.720
794.637
795.667
794.668
793.166
792.793
793.041
791.181
790.563
789.125
791.578
810.130
784.594
783.951
786.091
784.012
795.436
784.024
787.142
786.850
784.861
783.951
783.401
784.895
786.165
784.069
784.553
786.586
783.642
788.525
783.579
779.776
780.118
779.479
780.151
780.104
783.859
772.553
772.553
773.128
774.640
768.482
765.479
765.771
760.887
758.067
780.965
758.067
758.383
758.745
751.043
756.344
752.236
752.649
751.148
750.907
751.020
751.145
749.463
754.349
751.409
750.485
749.488
748.071
748.283
751.008
746.491
747.068
747.447
755.071
746.387
745.589
744.099
746.120
743.740
745.176
743.827
746.856
744.070
745.719
744.046
759.082
742.909
743.140
742.909
742.909
742.416
742.416
742.887
741.132
745.134
742.416
759.441
742.447
748.979
742.416
741.806
785.205
740.617
740.892
740.465
740.250
737.975
734.631
735.698
780.991
734.676
737.034
734.990
732.875
733.478
732.479
736.469
732.479
732.743
729.163
729.163
729.883
728.065
755.952
727.502
732.455
726.291
726.444
725.597
732.682
725.785
725.600
725.341
725.533
726.152
725.528
786.810
724.354
726.203
727.097
722.663
721.947
721.947
725.719
721.950
718.129
718.343
719.284
730.083
719.125
719.391
723.527
718.591
723.604
720.232
719.659
715.333
719.505
714.781
714.965
716.944
715.170
714.777
726.789
714.965
728.030
714.954
715.032
714.694
714.528
714.832
714.821
714.698
710.510
767.215
710.962
710.368
690.852
694.388
690.909
690.248
690.248
694.916
712.499
669.170
669.947
666.887
667.073
669.554
667.646
660.827
662.256
666.921
656.881
659.914
662.792
657.240
672.241
656.881
657.545
655.699
662.325
655.421
651.831
650.537
646.088
645.725
646.824
645.525
645.445
645.774
643.625
643.566
647.934
643.552
660.862
643.568
638.450
638.184
637.307
637.806
652.560
637.816
636.814
637.688
646.377
636.957
637.398
636.528
635.169
629.777
629.460
629.256
629.280
628.068
631.818
627.161
626.741
627.064
616.799
620.262
616.551
613.298
612.394
614.508
611.559
618.603
610.412
610.351
619.815
619.488
610.351
610.494
614.954
611.436
615.150
610.209
608.996
608.482
610.206
598.784
598.843
596.098
597.274
597.272
596.369
596.210
595.803
596.499
605.795
595.812
588.069
585.673
585.070
585.724
582.529
582.634
582.325
581.829
577.187
578.946
580.037
578.749
577.598
600.483
578.603
577.187
576.945
577.622
574.995
577.509
575.059
574.876
574.967
576.398
573.378
573.378
573.228
572.780
573.361
573.358
572.420
572.718
596.798
571.295
571.311
571.295
572.071
571.472
571.406
571.317
584.214
573.438
566.136
566.136
564.290
566.421
563.336
564.624
563.565
563.560
572.412
557.320
557.634
557.928
557.232
549.026

Error results for SA6
---------------------------
1040.247
1036.962
1044.489
1043.630
1045.463
1048.396
1016.844
1002.621
1001.632
1002.001
998.741
998.783
1018.918
998.911
998.783
998.731
1003.078
998.985
993.208
991.167
991.442
990.563
990.474
990.737
976.461
977.692
976.503
973.545
979.158
972.031
971.929
971.869
973.397
975.475
973.908
972.038
978.576
972.287
972.097
972.225
968.809
968.809
969.095
934.015
933.590
933.590
966.980
932.608
934.189
935.050
932.590
907.667
901.081
900.798
895.609
895.246
897.394
895.250
894.721
891.601
891.441
891.673
891.612
890.784
891.944
891.530
888.809
892.910
889.352
887.302
888.855
894.120
887.322
890.718
899.485
899.909
880.359
878.036
884.473
884.489
879.687
882.203
877.857
868.472
861.005
874.314
861.005
861.145
860.587
846.587
846.587
845.993
845.672
845.696
845.672
848.297
845.855
854.909
845.967
836.659
836.632
835.994
840.330
834.228
832.851
838.351
832.851
832.433
834.419
830.152
832.796
842.499
827.938
827.946
828.501
831.951
828.317
826.765
827.178
839.939
826.839
826.777
835.445
826.468
826.392
827.170
822.295
822.291
818.287
818.242
817.851
817.586
818.522
815.209
818.567
814.011
813.977
813.642
813.084
816.184
813.474
812.696
817.756
807.346
807.002
807.215
818.352
806.846
807.573
808.982
806.872
805.969
806.154
814.542
806.076
805.576
805.423
805.200
808.022
800.085
800.391
805.342
799.556
799.328
795.662
789.289
788.425
788.425
789.856
788.304
793.185
788.304
788.287
788.514
787.614
793.700
784.870
784.959
783.225
782.730
780.835
780.548
781.612
780.606
781.609
784.285
780.319
765.547
761.432
765.136
761.580
757.134
757.068
757.595
757.344
755.664
756.818
755.979
765.795
757.272
762.001
755.916
753.321
753.685
753.423
752.078
752.078
750.335
751.861
751.069
750.528
748.023
748.023
747.805
747.978
749.973
747.139
747.242
744.540
744.540
743.375
725.053
733.919
725.390
723.869
723.898
725.576
737.761
726.223
723.869
723.869
724.996
724.256
724.171
724.751
724.181
725.665
725.125
726.121
723.842
723.875
723.586
722.710
722.874
732.941
724.274
723.051
722.077
722.722
706.589
705.304
706.489
705.508
701.263
699.297
705.457
698.745
699.058
698.328
698.499
699.289
698.701
698.271
695.764
697.794
689.700
695.317
690.670
687.152
680.596
681.885
681.115
683.863
681.090
681.917
680.652
700.781
666.113
665.983
673.262
670.283
667.354
666.230
671.165
668.458
661.041
669.205
661.080
661.356
662.595
661.863
661.217
661.128
661.719
661.427
661.178
662.592
660.850
661.065
660.732
657.799
659.636
657.730
664.111
668.858
656.461
656.434
673.500
655.866
656.460
655.859
655.779
651.779
659.226
655.211
651.068
647.634
647.676
647.676
631.735
638.095
628.819
638.538
630.509
624.111
614.463
614.442
614.960
636.151
614.918
614.677
614.212
613.115
620.387
611.067
611.376
608.216
604.724
607.698
603.906
604.194
585.278
585.347
585.008
584.872
585.148
589.868
584.639
589.111
584.775
586.200
585.214
585.304
584.402
589.747
584.452
587.540
582.672
588.823
583.244
583.231
582.115
584.037
581.931
584.137
568.299
568.472
585.055
567.671
572.288
567.774
566.540
567.141
566.252
565.671
565.562
565.681
565.698
565.602
564.978
571.242
568.588
566.903
563.548
564.683
563.934
563.542
563.655
564.885
577.665
572.039
565.575
568.725
580.778
563.525
572.263
583.548
561.208
562.021
560.346
560.431
565.883
560.161
560.087
564.442
561.193
560.268
560.274
560.261
562.857
555.372
557.806
554.666
555.906
555.521
555.758
554.621
554.374
554.303
553.663
552.550
552.550
552.877
547.006
548.039
547.414
546.578
546.124
545.898
551.475
547.483
545.876
545.641
545.613
540.892
538.899
537.723
539.848
543.026
537.688
547.205
537.579
537.409
537.409
533.331
534.460
534.485
533.233
533.194
529.031
529.981
545.094
530.984
529.094
547.025
531.871
529.229
528.990
529.227
529.525
523.211
523.245
523.012
523.746
528.951
523.913
534.405
522.788
523.617
522.788
521.632
521.563
522.406
524.102
521.562
521.613
513.049
513.205
513.049
509.161
509.142
509.129
511.472
507.952
517.954
507.994
508.653
511.884
507.908
509.460
506.770
511.536
503.445
503.067
503.138
505.741
504.626
502.481
502.743
503.106

Error results for SA7
---------------------------
1111.422
1107.540
1107.910
1107.606
1104.500
1114.970
1115.453
1120.821
1155.130
1171.639
1188.909
1171.472
1171.472
1173.439
1171.541
1171.714
1179.640
1176.481
1167.066
1166.262
1172.700
1166.710
1165.286
1167.115
1169.478
1168.576
1170.761
1165.489
1168.563
1165.576
1168.327
1171.918
1161.950
1165.633
1161.950
1164.317
1161.948
1159.702
1159.089
1158.917
1155.711
1152.636
1143.288
1145.774
1143.550
1143.118
1143.173
1143.777
1142.241
1142.194
1121.441
1125.551
1125.086
1118.915
1118.946
1118.780
1118.170
1119.840
1118.236
1125.100
1108.936
1108.462
1116.057
1110.446
1115.610
1110.204
1094.797
1091.642
1091.432
1093.727
1091.432
1090.783
1090.787
1092.198
1090.695
1090.695
1087.627
1090.979
1079.114
1078.240
1077.733
1076.791
1078.211
1076.187
1078.165
1072.262
1071.160
1064.537
1050.524
1053.506
1045.475
1044.900
1043.596
1040.122
1041.399
1036.148
1024.400
1028.945
1029.700
1021.007
1021.418
1011.490
1011.731
1010.061
1018.808
989.291
989.232
989.463
993.479
990.118
987.340
986.827
990.902
987.439
987.955
988.539
986.140
985.520
985.414
989.780
985.300
985.300
992.818
976.519
977.498
966.896
968.509
962.381
963.321
953.442
950.906
943.999
943.638
943.869
939.787
936.156
937.369
936.455
926.033
925.888
955.519
924.572
925.115
924.210
929.969
923.408
924.851
923.612
921.296
920.155
919.963
920.234
920.448
925.775
919.392
918.852
921.980
909.197
906.062
912.821
913.605
906.833
896.199
903.686
898.537
896.145
895.501
893.939
893.939
893.939
893.939
893.339
896.664
890.946
886.731
884.055
904.001
888.113
885.818
885.591
871.880
874.764
870.964
870.899
869.683
875.966
872.048
871.261
873.679
863.457
852.234
845.565
849.895
838.577
832.028
838.170
832.343
831.193
828.006
820.289
821.886
818.066
816.299
815.594
816.632
816.297
816.447
813.012
822.819
812.152
811.300
812.419
811.395
809.946
813.107
813.241
809.196
801.365
799.251
800.609
799.980
799.111
795.066
794.315
788.823
789.870
788.948
786.830
786.674
785.149
785.864
781.858
781.242
782.046
779.233
779.469
779.390
778.811
779.893
780.662
777.778
777.907
778.406
781.174
778.533
777.943
777.778
780.049
782.802
778.729
777.749
779.319
777.850
785.001
779.321
777.631
777.931
777.805
771.188
771.224
769.122
764.469
763.500
767.862
763.491
764.316
765.044
767.625
771.408
764.519
765.481
769.307
764.316
764.492
764.988
769.935
765.192
764.621
764.275
764.214
764.214
764.214
760.990
753.215
753.215
753.114
753.157
761.040
754.671
752.815
766.369
755.251
753.102
752.398
752.398
751.533
750.104
743.634
743.639
739.482
739.482
739.133
744.946
743.582
737.024
737.067
737.825
739.886
736.964
736.345
738.640
732.797
735.055
732.019
731.279
732.293
729.786
726.860
726.883
726.415
726.644
726.495
725.515
725.216
725.877
725.175
722.999
746.428
722.493
720.147
722.079
720.639
719.053
720.317
718.998
719.674
719.397
713.945
716.516
714.498
722.199
715.891
711.433
724.534
711.433
710.993
713.359
709.240
707.599
708.974
709.176
707.599
708.873
719.489
708.203
706.573
705.866
705.785
705.242
705.772
699.157
699.157
697.770
699.261
697.270
700.059
701.526
694.411
693.865
696.723
694.031
693.185
693.185
694.669
684.305
682.875
684.087
685.066
680.168
683.059
677.759
677.764
680.296
681.382
679.497
676.918
676.383
678.391
677.976
675.430
677.145
673.498
677.148
673.882
668.736
667.946
667.722
666.056
666.914
665.689
662.237
665.982
667.437
662.952
662.354
659.931
660.507
675.113
660.281
658.838
663.022
623.909
623.948
622.085
622.264
615.961
615.961
615.961
625.088
615.608
614.679
613.894
614.483
615.303
619.159
613.329
613.855
613.651
611.929
628.123
612.027
611.808
611.808
610.999
617.897
618.218
609.701
608.631
610.400
604.415
602.165
602.496
605.291
601.299
599.281
597.868
598.628
596.940
597.164
597.562
589.937
590.089
591.220
588.580
588.596
590.482
592.699
586.957
588.008
590.486
588.003
582.122
582.557
581.196
581.144
579.776
583.637
578.622
578.382
581.172
583.323
578.224
578.985
577.949
580.787
577.576
577.733
574.835
582.294
576.659
580.258
577.945
574.962
573.759
573.813
579.669
568.121
567.932
567.332
572.372
570.000
574.547
566.743
567.194
566.607
566.093
568.190
566.093
566.200
565.478

Error results for SA8
---------------------------
1379.751
1369.965
1365.668
1365.668
1362.886
1362.842
1350.630
1350.630
1347.859
1362.755
1354.924
1354.924
1359.307
1353.961
1352.428
1345.369
1377.782
1325.712
1310.503
1314.274
1309.371
1309.570
1325.278
1287.360
1283.249
1281.606
1266.768
1262.614
1263.469
1261.946
1268.573
1261.946
1262.107
1262.046
1263.145
1262.292
1262.327
1265.289
1262.149
1266.059
1270.885
1263.063
1267.911
1261.442
1263.934
1253.685
1250.750
1255.585
1251.445
1253.657
1250.778
1253.287
1229.592
1231.041
1228.835
1232.966
1199.305
1202.838
1218.298
1196.746
1198.796
1197.599
1216.014
1182.103
1184.393
1183.738
1173.775
1145.179
1139.175
1138.276
1141.433
1138.276
1137.661
1138.848
1120.963
1122.180
1120.568
1128.053
1120.673
1120.560
1115.666
1104.567
1110.012
1108.323
1108.354
1121.477
1104.124
1105.133
1105.517
1104.479
1106.868
1105.106
1105.013
1106.876
1097.123
1097.094
1097.225
1106.806
1091.726
1096.983
1086.031
1085.847
1085.847
1088.094
1089.155
1086.564
1085.709
1086.628
1084.893
1084.983
1084.091
1083.417
1084.739
1084.744
1078.594
1064.724
1064.085
1063.005
1061.389
1060.320
1058.313
1085.041
1063.895
1046.841
1048.270
1046.841
1048.254
1049.197
1041.952
1024.306
1089.740
1024.217
1024.220
1023.273
1022.965
1035.998
1014.458
1014.178
1016.758
1014.221
1019.037
1014.178
1010.021
1009.653
1013.312
1005.612
1005.996
1024.564
1005.612
1006.260
1005.870
1001.514
1001.139
960.408
961.078
953.730
953.763
955.059
954.593
958.393
953.730
953.730
953.633
964.726
954.918
959.728
952.589
953.698
951.155
956.389
949.720
954.652
950.338
949.583
951.157
949.583
951.295
949.632
951.091
949.506
948.326
948.064
955.829
947.268
945.798
956.990
939.799
1101.115
939.491
939.491
939.534
940.040
937.524
921.075
930.960
921.885
924.480
928.284
921.132
922.745
949.593
929.119
920.046
918.477
919.782
919.423
918.477
915.034
926.391
915.034
911.862
911.940
911.834
910.619
910.497
917.139
910.497
900.256
900.224
908.637
900.493
904.369
894.199
894.068
898.074
892.573
892.100
893.295
891.836
878.583
879.256
877.218
892.712
876.830
869.440
871.430
868.315
857.214
857.449
856.560
856.571
856.906
860.496
855.815
854.930
859.298
856.721
853.087
850.282
850.600
850.942
845.522
840.074
840.100
839.769
840.482
838.556
839.049
838.762
838.757
835.016
835.016
840.878
842.244
839.116
813.443
812.464
809.865
809.773
807.821
810.188
804.924
805.126
807.984
800.090
800.090
801.531
796.056
796.368
795.399
795.597
794.471
790.868
787.742
786.358
786.358
788.598
779.115
781.838
779.965
778.915
781.723
778.923
776.887
776.650
776.674
778.273
776.674
773.009
773.089
772.844
772.860
769.332
772.243
769.332
767.471
758.235
756.549
756.348
755.192
761.265
755.559
755.170
758.799
755.301
753.990
754.934
754.953
756.535
755.286
754.640
758.591
754.775
757.148
752.073
752.077
758.232
749.901
751.893
749.901
754.497
750.722
749.786
748.057
745.009
744.899
743.806
743.806
743.771
744.786
741.594
743.164
742.279
741.892
760.646
739.286
746.373
736.393
722.756
722.338
723.631
725.564
722.753
726.584
721.805
721.532
721.519
721.713
724.447
720.000
720.032
721.254
723.259
721.090
720.330
719.060
722.111
718.547
720.541
722.725
718.547
720.323
718.668
718.229
718.547
720.771
719.107
714.056
729.707
714.039
726.940
713.314
713.618
713.469
713.229
713.255
710.627
725.896
710.466
710.647
711.357
716.265
708.495
726.234
720.841
709.111
708.485
729.324
708.214
703.108
704.336
706.042
702.919
705.670
704.707
703.590
703.821
702.919
703.734
702.658
703.039
702.779
699.487
699.129
701.252
698.654
698.466
699.144
700.201
698.012
723.560
698.002
698.589
699.503
707.299
699.006
698.337
695.365
698.578
696.477
693.263
693.263
694.084
693.109
697.475
707.827
691.914
690.327
690.415
690.327
690.070
691.691
689.948
689.941
700.098
689.245
688.980
690.852
694.130
683.719
687.602
683.719
683.641
684.102
688.177
681.124
679.306
679.776
657.215
658.210
657.223
658.526
658.530
653.136
653.651
653.143
649.811
652.680
649.737
649.554
650.388
649.659
651.100
654.345
650.250
650.560
653.951
650.031
647.746
647.746
649.517
655.154
647.746
647.864
648.475
649.566
647.965
648.415
648.148
648.260
643.275
633.786
635.178
635.450
634.320
635.556
633.731
630.765
631.289
637.128

Error results for SA9
---------------------------
1122.948
1122.509
1120.537
1128.501
1128.681
1122.896
1129.716
1122.256
1140.289
1122.170
1109.949
1118.460
1103.280
1105.319
1103.592
1103.171
1103.374
1103.729
1106.165
1103.582
1104.359
1095.365
1096.002
1095.299
1095.388
1082.011
1078.543
1079.755
1080.768
1079.004
1079.852
1079.004
1073.764
1086.805
1073.285
1072.796
1072.978
1072.320
1072.049
1076.688
1072.049
1065.658
1065.158
1065.158
1067.316
1064.246
1064.624
1064.246
1063.665
1059.710
1060.350
1057.765
1057.920
1058.139
1057.790
1054.963
1061.505
1057.014
1047.864
1048.256
1047.195
1050.065
1050.119
1047.195
1046.581
1043.521
1039.961
1050.044
1039.819
1036.775
1039.667
1037.021
1040.365
1053.326
1035.621
1050.719
1043.952
1034.405
1030.279
1032.531
1026.075
1023.279
1023.484
1022.366
1023.504
1024.891
1030.395
1022.303
1022.995
1026.411
1023.195
1021.593
1025.851
1022.059
1017.909
1022.215
1006.336
1005.232
1005.080
1005.109
1002.721
1001.526
1003.184
1000.565
1001.310
1007.666
1000.064
1000.832
1002.612
999.420
1001.112
1000.707
1005.726
993.676
1002.374
992.253
997.136
990.791
996.361
987.636
987.320
987.393
985.228
983.212
976.628
976.319
959.067
958.818
958.818
948.639
952.322
952.676
951.147
942.851
941.951
941.423
942.970
939.959
938.937
939.090
938.250
938.535
939.327
937.449
936.215
935.190
928.626
927.772
920.930
915.882
960.847
915.373
915.509
914.355
910.776
911.364
913.177
910.862
922.834
907.926
919.377
902.625
902.921
902.952
902.827
901.302
901.474
900.320
903.353
900.654
898.530
900.935
898.514
897.090
893.928
896.014
893.942
893.194
897.058
894.716
889.207
890.105
888.963
886.586
904.235
888.730
886.462
887.516
884.163
884.163
888.428
884.311
884.163
885.152
880.056
888.558
881.212
877.957
879.735
877.650
882.888
873.311
872.707
870.737
869.243
859.871
860.157
859.694
861.309
859.284
859.309
859.284
856.335
856.352
860.688
857.677
855.674
855.601
854.712
855.880
855.652
851.072
851.209
851.451
851.251
851.943
848.137
848.036
848.036
848.498
848.261
851.058
848.406
848.183
848.223
847.989
855.947
848.212
850.739
844.287
844.287
844.271
845.163
844.717
844.264
844.175
843.689
831.994
831.994
832.134
831.212
828.155
830.271
837.219
823.088
820.039
824.070
820.345
820.717
819.102
819.431
820.854
825.884
820.924
819.102
814.893
815.596
811.871
830.609
813.940
809.369
809.116
804.102
803.167
864.259
804.187
802.399
801.021
791.838
782.832
773.600
828.974
773.600
773.885
774.477
772.731
772.703
767.272
769.599
766.858
774.484
771.996
765.945
771.598
765.723
764.942
763.095
765.382
762.919
762.876
763.891
762.195
753.841
756.250
753.052
749.306
748.496
752.650
746.556
755.305
749.783
748.028
747.048
746.556
742.323
742.323
745.685
742.104
739.727
739.488
739.583
733.135
734.649
738.822
731.325
728.697
730.035
730.438
735.727
727.668
727.740
729.519
708.149
711.194
708.820
708.235
709.896
707.479
710.377
709.451
706.651
712.925
703.476
706.802
705.987
711.465
703.779
703.493
702.603
702.307
702.637
703.805
701.806
701.862
697.462
697.207
705.063
698.207
699.397
697.914
698.122
693.464
692.917
692.797
694.925
695.778
694.916
692.554
692.554
701.666
689.003
689.414
688.899
691.076
688.899
691.957
688.550
688.416
687.981
692.809
687.880
686.757
685.863
688.086
685.665
685.978
683.483
683.576
680.110
680.211
679.714
678.107
680.256
679.156
680.589
678.834
678.762
677.911
676.885
675.141
674.928
662.827
661.222
660.721
654.434
654.117
654.232
658.213
645.916
645.922
646.539
631.477
630.414
628.636
626.075
626.499
626.994
626.384
630.945
623.852
625.411
623.612
623.905
628.036
624.633
624.015
634.653
626.708
623.783
571.218
572.365
570.745
570.974
564.263
564.528
564.122
566.912
565.175
564.087
563.891
564.387
564.131
563.465
565.889
563.465
567.167
558.826
558.916
555.865
548.559
548.240
548.201
548.584
548.558
547.910
548.766
548.544
548.056
548.056
545.267
547.638
549.146
542.616
537.963
534.695
532.254
532.175
530.639
530.639
531.285
530.512
531.272
529.741
492.441
491.063
490.781
491.343
487.478
487.318
487.775
488.017
487.449
479.394
479.363
481.032
479.323
479.323
479.283
479.568
502.122
480.880
479.283
480.590
482.462
479.438
478.518
478.111
475.182
473.943
476.694

Error results for SA10
---------------------------
1102.333
1105.694
1105.587
1087.049
1090.125
1120.898
1138.822
1138.607
1141.407
1141.224
1137.472
1142.166
1145.056
1137.472
1135.846
1135.955
1147.874
1165.145
1136.511
1136.258
1134.826
1139.480
1128.384
1144.023
1127.613
1128.236
1128.031
1123.065
1121.184
1102.548
1100.229
1100.738
1084.948
1080.003
1083.302
1079.035
1079.035
1089.435
1079.075
1079.641
1079.707
1078.336
1073.373
1073.373
1073.373
1068.481
1054.172
1070.655
1054.331
1072.276
1054.853
1054.603
1053.474
1050.449
1049.855
1049.783
1049.806
1048.798
1057.648
1055.630
1047.599
1035.772
1035.855
1032.727
1032.738
1031.956
1031.956
1040.390
1032.674
1032.425
1035.474
1030.976
1028.956
1028.878
1028.620
1030.522
1028.898
1026.634
1026.331
1036.056
1015.388
1008.515
1010.978
1009.339
1008.863
1008.115
1008.287
1008.115
1007.234
1020.472
1006.852
1007.283
1006.532
1018.267
1006.856
1004.351
997.695
998.229
1011.246
999.561
993.164
992.477
994.424
986.776
989.757
986.900
995.443
986.366
984.935
983.503
983.557
986.978
980.582
981.504
1000.768
974.030
972.375
982.096
974.325
980.942
1005.807
974.041
971.531
971.015
972.799
970.334
970.469
952.468
952.069
955.985
952.069
949.310
948.772
948.274
942.415
947.842
935.396
929.860
935.273
897.790
899.695
896.311
890.724
893.499
890.523
890.430
892.592
890.614
890.240
883.726
883.776
883.726
867.120
868.721
876.451
932.251
855.632
855.632
859.987
856.603
855.632
859.303
855.632
853.588
850.038
851.367
849.547
849.547
848.433
841.640
844.208
840.765
839.461
839.563
837.872
776.217
776.217
776.220
776.217
774.888
777.440
774.694
770.926
772.146
760.429
763.539
759.416
758.623
761.040
757.959
757.573
759.340
759.528
754.490
754.490
755.354
751.392
748.370
748.298
753.852
747.953
747.691
744.323
751.641
745.718
739.164
741.553
738.339
740.030
739.451
753.594
729.984
731.375
730.099
730.888
727.723
727.756
735.722
730.381
729.405
727.009
728.943
728.081
726.387
726.062
726.716
726.062
726.096
725.225
725.225
730.681
724.848
724.848
725.007
729.665
720.752
720.752
715.472
715.416
715.562
714.461
713.757
714.235
711.319
692.548
692.548
696.049
693.213
691.230
688.971
688.718
689.630
688.620
688.647
688.647
688.907
688.946
688.632
687.939
686.124
666.178
704.233
675.340
666.085
667.502
668.370
665.910
666.115
665.823
665.910
665.910
664.364
666.145
665.294
664.364
675.954
665.866
660.359
662.410
724.914
660.402
658.461
659.761
653.865
653.845
650.591
650.575
651.232
655.854
656.930
651.266
655.182
650.575
661.249
650.048
650.048
650.327
651.055
648.769
648.842
655.165
682.548
648.842
647.796
639.918
638.250
639.684
637.072
636.654
634.392
634.776
633.978
633.458
628.962
628.920
627.018
630.336
629.028
627.018
626.912
624.049
623.597
623.860
624.506
623.314
623.322
624.054
623.239
621.671
621.671
623.026
625.552
622.235
624.198
614.762
614.853
614.746
614.676
625.210
613.163
613.460
610.378
611.007
609.402
600.551
600.424
602.137
582.319
595.285
582.010
577.632
578.687
579.487
578.758
577.911
580.359
579.416
577.597
578.322
577.773
594.308
577.773
576.111
575.670
575.713
575.236
575.558
575.385
578.197
572.076
571.948
572.076
572.656
572.291
576.513
578.262
573.127
572.869
571.666
573.772
570.816
571.102
569.676
571.040
569.976
567.913
567.846
567.604
566.294
566.441
555.331
555.115
555.111
557.441
555.553
557.271
554.260
554.017
554.017
555.240
556.738
559.461
553.806
554.077
553.312
553.205
554.843
553.461
553.340
553.809
553.232
553.716
555.961
553.188
551.909
552.505
552.002
552.731
553.154
554.341
547.677
547.645
544.840
545.220
543.727
535.102
534.797
538.634
534.893
534.893
536.932
540.974
535.252
534.893
538.151
535.290
542.397
534.872
535.320
536.193
534.872
534.872
534.111
534.561
540.342
534.114
534.011
534.434
534.434
533.662
533.277
532.718
533.837
534.176
533.379
532.634
532.635
533.395
537.042
532.380
533.125
532.453
532.143
533.601
530.122
529.854
529.697
529.522
548.248
529.548
520.998
524.758
516.647
517.559
513.182
514.603
513.726
511.663
517.103
507.385
507.684
508.867
507.124
504.647
512.978
504.647
507.140
502.765
507.033
503.491
502.923
501.851
502.677
498.717
496.098
496.612
493.321
492.977
492.359
492.700

--------------------------------------------
Results for SA1: 
--------------------------------------------
Correctly classified (TEST) 2753.0 instances.
Incorrectly classified (TEST) 564.0 instances.
Percent correctly classified (TEST): 82.997%

Correctly classified (TRAIN)6448.0 instances.
Incorrectly classified (TRAIN) 1290.0 instances.
Percent correctly classified (TRAIN): 83.329%

Training time: 28.085 seconds
Testing time: 0.169 seconds

--------------------------------------------
Results for SA2: 
--------------------------------------------
Correctly classified (TEST) 2886.0 instances.
Incorrectly classified (TEST) 431.0 instances.
Percent correctly classified (TEST): 87.006%

Correctly classified (TRAIN)6691.0 instances.
Incorrectly classified (TRAIN) 1047.0 instances.
Percent correctly classified (TRAIN): 86.469%

Training time: 29.406 seconds
Testing time: 0.069 seconds

--------------------------------------------
Results for SA3: 
--------------------------------------------
Correctly classified (TEST) 2933.0 instances.
Incorrectly classified (TEST) 384.0 instances.
Percent correctly classified (TEST): 88.423%

Correctly classified (TRAIN)6816.0 instances.
Incorrectly classified (TRAIN) 922.0 instances.
Percent correctly classified (TRAIN): 88.085%

Training time: 37.314 seconds
Testing time: 0.122 seconds

--------------------------------------------
Results for SA4: 
--------------------------------------------
Correctly classified (TEST) 2662.0 instances.
Incorrectly classified (TEST) 655.0 instances.
Percent correctly classified (TEST): 80.253%

Correctly classified (TRAIN)6167.0 instances.
Incorrectly classified (TRAIN) 1571.0 instances.
Percent correctly classified (TRAIN): 79.698%

Training time: 36.275 seconds
Testing time: 0.092 seconds

--------------------------------------------
Results for SA5: 
--------------------------------------------
Correctly classified (TEST) 2820.0 instances.
Incorrectly classified (TEST) 497.0 instances.
Percent correctly classified (TEST): 85.017%

Correctly classified (TRAIN)6534.0 instances.
Incorrectly classified (TRAIN) 1204.0 instances.
Percent correctly classified (TRAIN): 84.440%

Training time: 35.456 seconds
Testing time: 0.116 seconds

--------------------------------------------
Results for SA6: 
--------------------------------------------
Correctly classified (TEST) 2807.0 instances.
Incorrectly classified (TEST) 510.0 instances.
Percent correctly classified (TEST): 84.625%

Correctly classified (TRAIN)6531.0 instances.
Incorrectly classified (TRAIN) 1207.0 instances.
Percent correctly classified (TRAIN): 84.402%

Training time: 33.540 seconds
Testing time: 0.090 seconds

--------------------------------------------
Results for SA7: 
--------------------------------------------
Correctly classified (TEST) 2704.0 instances.
Incorrectly classified (TEST) 613.0 instances.
Percent correctly classified (TEST): 81.519%

Correctly classified (TRAIN)6343.0 instances.
Incorrectly classified (TRAIN) 1395.0 instances.
Percent correctly classified (TRAIN): 81.972%

Training time: 33.242 seconds
Testing time: 0.084 seconds

--------------------------------------------
Results for SA8: 
--------------------------------------------
Correctly classified (TEST) 2614.0 instances.
Incorrectly classified (TEST) 703.0 instances.
Percent correctly classified (TEST): 78.806%

Correctly classified (TRAIN)6150.0 instances.
Incorrectly classified (TRAIN) 1588.0 instances.
Percent correctly classified (TRAIN): 79.478%

Training time: 32.834 seconds
Testing time: 0.105 seconds

--------------------------------------------
Results for SA9: 
--------------------------------------------
Correctly classified (TEST) 2834.0 instances.
Incorrectly classified (TEST) 483.0 instances.
Percent correctly classified (TEST): 85.439%

Correctly classified (TRAIN)6627.0 instances.
Incorrectly classified (TRAIN) 1111.0 instances.
Percent correctly classified (TRAIN): 85.642%

Training time: 33.469 seconds
Testing time: 0.076 seconds

--------------------------------------------
Results for SA10: 
--------------------------------------------
Correctly classified (TEST) 2778.0 instances.
Incorrectly classified (TEST) 539.0 instances.
Percent correctly classified (TEST): 83.750%

Correctly classified (TRAIN)6513.0 instances.
Incorrectly classified (TRAIN) 1225.0 instances.
Percent correctly classified (TRAIN): 84.169%

Training time: 32.116 seconds
Testing time: 0.111 seconds