Error results for SA1
---------------------------
915.012
916.227
916.227
917.034
917.130
910.962
911.782
910.485
908.009
893.712
889.377
887.616
888.524
890.449
886.870
881.849
882.158
882.161
886.387
881.920
881.260
882.667
880.553
879.640
879.032
879.995
871.707
871.699
871.616
871.162
871.162
877.432
869.751
873.801
868.685
889.472
870.715
875.224
867.828
872.197
867.328
867.914
868.664
866.153
870.755
869.958
866.513
864.647
856.726
857.461
857.047
858.061
856.687
854.916
853.068
853.630
855.644
853.529
853.068
852.325
859.335
854.615
843.846
846.752
842.869
844.067
841.742
843.686
841.742
845.691
839.685
849.630
840.693
839.601
840.411
840.337
851.814
847.285
842.035
840.507
836.608
836.578
836.311
833.610
832.151
829.774
822.420
825.085
829.220
826.085
822.420
823.502
822.113
831.026
822.113
824.450
822.763
807.916
808.769
824.380
807.791
807.730
806.018
805.458
810.253
803.734
799.791
798.575
798.535
800.088
799.634
798.005
799.766
810.896
799.413
800.832
801.253
796.301
800.342
798.786
798.443
798.785
801.683
800.622
796.879
799.250
820.945
801.055
797.476
797.459
804.315
807.289
796.220
796.173
796.400
795.937
803.951
797.404
794.966
794.160
798.301
793.173
793.346
793.543
796.723
791.399
793.557
794.038
783.566
783.955
785.278
785.000
783.531
783.527
777.774
766.392
764.933
760.364
761.194
760.364
728.164
736.155
728.154
729.002
723.795
723.687
723.687
723.611
723.611
725.424
723.630
721.847
721.352
722.019
719.750
698.154
681.067
680.710
679.296
678.713
683.326
678.563
677.788
678.699
677.754
678.811
677.147
676.104
677.238
676.104
677.306
677.738
676.333
672.342
674.228
672.317
669.167
673.850
675.239
669.167
655.510
652.271
649.571
649.738
649.241
697.222
648.515
649.997
648.326
648.908
648.430
646.285
652.387
646.459
647.399
647.259
646.924
644.319
644.145
644.376
645.716
645.044
644.361
639.358
639.289
639.603
640.155
640.426
643.616
640.170
637.378
637.378
637.378
633.150
637.179
634.323
629.369
627.583
628.575
627.353
627.353
627.401
627.340
626.631
623.267
624.150
630.501
629.505
623.168
622.649
624.043
623.269
614.261
612.737
615.417
612.528
639.858
613.349
611.575
611.369
607.886
608.098
607.438
605.285
605.092
605.202
603.103
603.102
602.563
602.154
595.574
591.749
596.071
591.747
591.817
591.892
589.205
589.205
589.317
599.243
606.389
590.812
590.146
589.959
589.065
589.263
588.455
590.759
590.645
589.421
592.761
588.460
585.684
574.191
574.002
573.867
573.955
574.102
574.056
577.258
573.257
573.015
573.358
572.471
568.464
568.771
574.063
568.027
569.116
568.936
562.063
562.167
565.532
562.062
563.602
563.309
563.173
563.541
561.433
563.760
561.637
560.775
561.399
561.587
560.775
560.775
560.794
595.689
560.549
559.989
559.260
559.737
566.830
559.916
558.463
558.933
558.526
559.538
558.113
566.024
562.898
558.018
556.012
559.799
556.598
545.354
545.090
547.291
543.978
543.924
544.997
544.731
543.978
543.154
543.934
544.329
544.037
542.965
546.890
544.216
542.965
542.954
542.962
544.720
543.398
542.672
543.307
573.518
542.672
541.945
543.288
543.341
545.065
543.578
542.645
546.051
543.407
542.101
542.188
541.010
541.512
532.132
531.091
534.989
532.774
524.739
531.621
520.476
520.261
522.052
519.674
516.546
514.926
516.038
515.671
514.926
516.153
512.943
516.263
512.451
512.741
512.194
511.248
511.100
511.226
511.100
510.821
510.598
511.760
510.594
510.864
509.087
509.642
512.218
509.261
509.199
499.428
498.968
498.874
472.980
473.768
449.790
449.959
455.041
446.283
446.755
448.025
447.846
448.046
450.858
447.044
446.566
447.175
447.623
447.420
452.464
435.590
435.446
435.235
435.461
437.538
432.446
435.673
432.536
431.158
440.142
432.754
431.866
431.383
431.171
431.888
432.227
434.178
432.735
434.310
426.901
434.606
427.429
428.900
428.106
422.334
422.743
420.768
427.844
422.485
419.290
419.408
417.566
424.556
418.334
418.291
417.286
417.288
417.279
421.030
417.738
417.268
416.962
417.289
415.356
415.607
420.230
416.720
415.473
415.514
415.473
417.157
417.271
416.814
416.484
428.026
414.439
414.156
416.941
414.156
414.156
414.080
437.969
414.657
413.439

Error results for SA2
---------------------------
1017.690
1011.788
1011.642
1026.560
1026.752
1036.554
1026.819
1020.772
1009.235
1015.862
1024.163
1009.191
1008.787
1006.198
1031.945
1023.472
1006.227
1002.532
1004.069
1006.018
1002.532
1002.261
1001.938
996.639
997.444
977.050
970.432
958.070
957.564
957.349
958.042
947.695
947.695
920.527
924.284
919.172
955.793
919.359
920.246
911.636
920.174
913.541
919.925
892.553
915.385
892.553
896.592
894.172
892.287
891.790
888.548
894.298
891.274
888.548
909.815
895.670
888.484
889.829
906.073
887.512
881.410
887.765
878.910
881.591
868.092
871.417
844.953
847.620
844.660
845.240
845.012
844.331
840.655
837.725
836.304
837.761
836.174
836.174
836.653
832.737
827.477
822.753
825.537
822.442
820.657
850.619
817.921
817.871
813.646
804.932
804.826
804.696
804.990
804.619
804.772
804.615
809.788
795.453
791.697
783.627
784.083
787.169
783.824
784.236
784.417
779.772
779.700
782.406
770.654
767.638
767.638
767.638
766.546
767.414
770.175
767.482
770.324
778.575
765.631
765.603
756.262
756.169
752.554
754.530
747.268
746.760
746.722
760.005
747.129
746.819
749.950
746.755
745.638
744.436
742.577
741.548
741.918
737.329
737.111
737.188
734.767
735.472
769.212
734.767
738.003
734.767
736.018
733.709
734.004
733.528
734.270
729.495
729.681
718.617
718.279
721.195
718.959
718.279
717.120
717.031
716.516
706.711
704.784
705.166
704.477
705.595
703.932
700.843
701.213
700.817
701.081
700.602
692.403
692.391
692.391
695.864
692.659
692.871
692.842
692.956
686.606
687.924
685.556
688.218
685.507
686.834
686.174
684.004
683.806
684.568
676.723
676.725
676.942
675.723
675.084
675.084
671.490
671.320
670.862
668.742
668.209
685.832
669.059
668.108
668.193
668.279
668.435
667.929
670.647
668.349
672.307
666.713
666.889
668.388
669.312
666.735
663.766
663.671
663.865
662.913
679.016
664.665
663.402
664.441
662.973
662.973
660.417
657.233
657.233
656.171
660.836
654.340
645.966
692.145
646.292
644.347
644.348
645.283
645.593
640.913
642.943
640.592
640.931
639.412
639.616
639.721
639.721
638.873
638.962
645.482
638.873
638.873
638.873
640.138
641.753
639.386
647.405
638.873
640.124
636.396
636.124
637.997
636.607
636.598
636.628
630.630
630.782
630.454
629.187
634.461
635.643
629.539
629.144
628.976
636.708
629.429
630.221
637.559
622.795
622.462
625.728
622.479
621.657
621.657
621.091
621.219
622.414
621.451
622.078
620.660
620.138
624.539
619.348
622.533
618.504
614.931
614.611
614.796
615.524
616.078
613.635
613.989
626.335
613.603
616.054
613.059
613.369
613.324
616.110
614.103
612.859
612.989
613.746
612.981
635.183
615.359
612.859
610.002
607.310
607.427
607.320
607.589
608.958
608.642
607.589
607.493
606.606
609.059
605.801
603.127
603.122
603.895
601.851
602.059
600.393
595.148
596.295
595.613
598.053
594.771
594.771
595.685
594.771
596.033
594.170
593.402
591.698
592.183
592.671
587.308
586.224
586.084
586.345
586.345
586.903
587.343
587.811
586.209
586.519
587.376
588.803
586.131
581.906
581.906
578.276
578.903
571.166
576.315
570.561
570.466
569.016
567.665
568.310
574.900
566.018
566.094
563.675
563.543
577.385
563.923
564.571
561.594
561.436
572.116
562.849
560.348
561.308
571.680
560.014
563.798
560.014
557.036
556.864
558.582
564.319
556.887
556.685
556.521
556.329
556.354
556.329
554.216
551.603
551.449
551.449
551.436
560.852
553.924
551.552
554.109
549.698
551.532
549.181
551.026
548.836
548.249
549.377
548.234
547.491
547.433
552.067
547.018
545.342
545.591
543.939
544.088
539.723
540.084
541.117
539.000
538.488
539.883
539.456
538.467
539.084
538.148
536.849
536.509
535.605
534.848
533.027
507.623
503.121
502.895
503.883
499.607
497.880
497.468
496.830
500.518
496.529
497.070
495.486
500.207
497.064
497.445
495.211
495.992
495.466
494.792
499.152
496.756
492.470
492.298
492.963
492.298
492.842
491.239
494.856
491.239
491.607
491.907
490.946
493.215
490.915
491.213
491.397
490.617
490.885
491.375
490.670
489.838
489.838
489.720
490.188
490.338
490.352
489.142
489.206
490.050
497.417
490.112
489.699
488.043
482.305
483.284
482.539
476.723
476.636
474.448

Error results for SA3
---------------------------
1002.861
1002.935
1006.350
1002.816
1003.032
1008.237
1003.875
999.986
999.281
1003.126
988.978
992.708
986.048
998.350
988.036
990.093
1019.967
986.048
986.278
987.617
982.342
974.735
979.577
978.805
974.735
975.036
974.819
975.094
973.720
969.586
969.946
962.976
958.469
954.302
962.304
953.894
953.027
953.440
948.995
952.185
953.971
948.995
950.425
930.424
930.254
926.696
916.150
912.424
909.557
912.193
913.384
909.557
904.535
905.188
902.778
900.115
897.995
898.971
896.157
896.115
921.831
894.523
893.526
926.179
899.339
896.160
901.779
889.012
889.516
890.982
884.075
887.630
982.179
886.636
877.634
875.258
872.701
863.355
864.058
868.651
863.055
862.851
865.843
861.753
853.033
853.033
853.796
853.841
852.003
841.570
851.678
840.933
840.112
843.038
850.998
839.303
834.031
833.465
833.483
832.546
834.101
833.320
834.558
832.942
833.578
832.749
837.036
839.003
830.675
829.176
829.176
829.228
825.389
825.786
825.389
825.586
817.374
815.799
815.845
817.558
816.863
810.992
817.433
809.669
825.483
806.462
805.305
809.053
815.027
804.262
797.534
796.080
797.904
797.284
793.084
792.994
794.118
788.872
788.872
790.658
788.842
789.065
791.553
790.326
788.842
788.654
788.099
787.869
784.466
783.944
786.067
780.170
786.264
782.537
780.214
775.937
775.808
776.960
773.426
772.256
779.652
777.767
772.185
772.185
771.445
768.666
770.444
772.585
769.997
768.295
773.405
776.806
770.818
765.922
766.149
765.029
769.772
770.641
767.857
764.208
767.065
763.802
762.413
760.731
772.125
759.490
755.764
755.439
755.460
755.968
757.040
753.311
748.755
748.746
753.029
752.249
766.309
742.184
742.283
742.183
745.540
735.931
748.487
735.540
732.257
727.795
733.145
727.373
729.350
722.264
720.408
720.002
717.320
717.922
717.845
710.414
705.084
706.951
705.084
703.875
703.917
706.123
661.001
662.427
661.156
661.245
661.225
668.474
660.892
660.872
661.134
661.096
664.367
660.690
659.166
654.724
652.383
666.081
658.105
650.417
650.417
651.599
649.315
654.141
649.714
655.295
651.158
649.347
649.621
650.023
647.673
647.236
633.254
633.998
634.720
637.733
631.536
628.860
628.424
629.033
628.519
628.541
627.874
628.198
623.783
624.608
623.783
631.665
630.322
623.095
626.153
622.041
622.520
617.994
620.289
624.328
616.549
622.591
614.925
615.204
615.400
614.688
614.403
614.975
620.346
617.485
615.236
611.933
612.880
611.952
614.242
611.529
610.182
609.108
607.684
613.258
607.681
607.432
607.432
607.840
611.114
607.305
607.728
618.093
607.400
607.403
607.088
609.671
608.574
611.838
614.925
607.448
607.088
606.966
606.701
606.552
590.898
593.198
588.210
588.194
587.508
592.761
591.023
589.791
589.202
592.596
587.429
587.712
589.218
587.378
589.842
587.724
589.627
587.660
590.195
587.534
586.035
588.559
582.681
582.681
583.780
581.058
584.899
580.832
581.004
625.580
581.019
578.813
579.462
569.686
567.338
559.901
559.901
550.360
554.007
550.652
553.524
526.985
527.495
526.649
526.209
531.519
526.304
526.236
534.267
519.279
519.224
519.233
518.152
518.045
517.647
517.499
519.868
514.840
515.393
512.857
518.634
513.129
533.536
512.586
507.686
508.376
505.939
505.617
507.599
505.659
507.635
509.097
505.617
506.180
504.777
506.874
511.914
504.963
504.783
509.813
499.985
498.131
500.138
502.512
499.149
498.718
500.494
500.589
500.179
497.308
496.191
495.190
495.402
496.530
491.442
491.550
491.732
491.550
491.550
493.664
493.190
489.176
489.026
489.387
489.417
490.486
490.036
494.755
496.267
486.530
489.577
484.619
484.274
485.007
484.029
495.028
483.786
482.601
482.754
486.337
483.118
480.931
481.139
481.140
476.530
471.919
471.919
471.940
473.142
471.253
470.900
475.490
471.253
471.268
483.039
470.656
475.201
470.656
470.008
473.724
468.811
469.667
465.193
455.180
454.057
454.241
454.078
453.932
454.003
455.315
454.326
453.861
453.857
453.901
456.185
453.661
455.389
449.462
449.408
449.408
450.899
449.552
449.239
449.239
447.731
449.675
447.871
447.736
450.017
453.822
447.253
442.658
446.132
453.994
451.600
446.801
442.641
442.578
442.578
443.412
445.494
443.193
443.777
451.411

Error results for SA4
---------------------------
1022.411
1014.378
1018.594
1018.062
1017.270
1006.519
1010.895
1005.508
1004.188
1011.066
1007.451
996.770
1002.224
996.222
996.222
998.643
995.188
982.755
989.795
982.461
982.461
972.395
963.899
964.087
963.716
963.249
963.309
967.038
965.562
965.268
963.320
964.480
969.065
965.596
965.710
962.772
963.167
963.391
959.359
954.247
953.519
952.678
959.258
956.212
952.678
951.749
951.510
945.410
948.478
940.062
933.966
928.388
928.796
928.475
916.121
914.188
914.060
914.001
914.144
910.646
910.166
905.587
905.590
899.736
899.753
899.957
898.942
898.942
899.244
900.292
898.406
898.385
898.385
897.587
953.464
899.945
900.130
897.397
897.355
895.901
896.584
895.356
893.142
892.257
892.220
890.943
890.907
890.781
891.128
893.012
891.025
886.504
891.307
886.428
886.746
887.910
887.695
895.066
885.341
886.913
885.398
885.423
884.448
882.986
886.120
876.454
874.493
874.479
880.560
876.541
875.368
872.370
873.000
872.476
870.164
870.155
876.348
869.649
869.649
869.753
869.819
869.274
866.361
865.874
865.205
868.139
871.360
865.205
863.619
863.619
862.023
857.779
856.904
856.922
860.784
855.856
854.872
853.809
853.797
846.804
847.713
846.810
849.565
845.824
846.321
845.846
846.501
847.388
845.871
847.665
857.676
845.824
849.264
843.071
846.277
842.036
895.443
843.426
842.036
841.929
843.407
843.090
839.750
840.176
839.743
842.463
839.094
845.504
832.799
832.201
828.165
821.397
823.369
823.382
821.397
821.469
820.735
824.080
820.983
823.472
819.487
819.443
818.816
818.808
817.697
818.359
817.323
817.292
821.551
818.876
817.292
817.292
818.262
820.437
812.599
814.382
812.914
814.133
802.123
802.765
802.123
802.031
804.385
802.677
795.371
795.505
795.793
795.371
805.622
795.642
799.149
801.209
798.526
795.507
794.296
794.549
792.211
792.913
792.215
798.446
789.231
782.348
780.766
780.616
777.567
782.044
776.687
777.339
778.392
778.007
777.260
781.199
777.791
777.260
778.424
777.219
782.606
776.071
776.198
749.879
749.843
749.879
750.709
749.746
764.031
753.771
754.493
749.756
750.595
783.105
748.284
749.243
748.319
748.213
748.216
748.267
749.223
751.584
751.150
748.213
748.115
749.242
743.873
739.589
739.176
736.935
733.892
745.813
733.520
729.914
734.992
730.637
729.914
730.736
729.914
730.706
730.601
719.914
710.792
710.552
710.799
710.488
722.747
710.189
715.509
710.189
710.039
710.264
713.649
714.560
714.563
693.325
693.520
692.469
692.858
692.469
695.536
690.476
691.343
692.635
690.476
689.917
692.553
689.688
690.698
689.917
673.354
677.141
678.017
668.794
668.794
669.578
699.880
669.895
668.548
669.359
668.523
665.418
665.529
676.028
672.804
666.345
664.466
665.410
665.890
676.833
665.485
664.934
665.384
663.256
663.198
660.712
666.890
660.723
660.773
661.106
675.671
656.468
656.458
657.356
659.223
668.753
656.388
656.473
659.363
654.735
654.580
654.399
652.992
652.953
652.071
651.822
648.779
644.785
642.191
651.686
637.051
636.494
566.071
565.939
565.487
563.309
562.783
562.772
563.183
563.123
563.422
563.933
563.121
563.849
564.348
568.310
564.190
563.717
562.410
564.373
562.162
561.960
559.639
559.955
551.477
551.222
551.291
551.038
552.608
584.155
553.030
552.457
555.279
561.264
552.266
552.121
549.799
550.641
552.544
551.147
550.264
550.861
550.022
548.217
545.814
546.130
549.844
553.862
545.916
546.335
545.791
542.512
546.774
550.013
542.799
542.412
543.184
541.066
540.479
541.672
540.562
540.867
541.711
540.518
540.835
544.145
540.817
536.200
536.121
536.795
536.610
536.150
550.670
536.145
539.815
543.514
538.228
535.255
535.252
532.392
528.927
527.843
529.753
529.185
528.325
528.730
528.076
527.843
527.168
520.331
520.331
510.875
513.783
508.240
508.135
507.978
507.980
508.527
507.720
506.616
506.970
508.075
506.672
502.815
519.161
502.774
495.757
496.044
494.274
498.203
493.996
495.727
483.046
481.175
483.638
489.252
485.005
481.174
481.358
481.174
481.096
481.978
481.478
482.635
482.557
483.321
483.065
480.436
480.506
481.937
480.510
480.497
483.194
480.248
480.247
480.511
478.892
480.765
477.078
477.194
476.931
477.566
476.246
476.959

Error results for SA5
---------------------------
1082.516
1084.226
1114.623
1108.875
1107.834
1109.830
1112.435
1106.303
1111.927
1103.851
1103.851
1099.658
1097.958
1097.983
1103.087
1097.716
1098.939
1096.298
1095.238
1096.636
1092.868
1042.138
1033.038
1036.988
1028.143
1035.298
1034.695
1028.556
1027.960
1024.265
1024.138
1015.935
1015.036
1014.900
1035.627
1014.754
1015.150
1014.336
1052.310
1014.336
1014.246
1012.354
1012.354
1011.719
1012.201
1048.833
1014.060
1011.719
1008.521
1008.582
1016.919
1010.801
1010.189
1008.824
1009.316
1004.287
1003.394
1003.993
1003.394
1000.257
1016.550
1000.288
1001.163
995.562
994.254
995.471
969.909
970.603
969.604
975.202
950.038
950.039
950.263
950.147
949.711
949.758
941.785
942.076
941.573
942.120
942.613
966.423
947.431
932.701
935.140
930.696
930.645
930.364
930.344
930.352
916.683
917.047
917.615
912.404
912.388
912.886
909.040
907.051
996.314
902.829
901.736
900.972
900.972
899.605
873.997
867.459
864.259
843.991
838.482
833.940
833.907
834.177
833.907
835.051
835.010
833.905
829.481
829.456
830.060
830.161
828.390
830.067
828.565
828.724
828.968
826.188
826.544
826.188
813.173
797.677
797.689
798.154
794.708
794.594
803.866
806.837
787.432
786.603
786.603
791.848
786.003
786.848
785.141
784.843
780.695
797.943
781.672
780.671
793.663
771.896
772.373
782.640
771.802
769.723
769.723
766.719
766.719
766.847
777.181
766.457
766.676
765.581
765.261
765.323
755.386
754.158
754.520
752.628
758.913
740.724
740.638
744.007
732.697
730.482
732.217
732.924
731.972
730.704
730.249
735.625
732.327
730.258
730.356
731.498
722.686
723.649
722.278
722.218
721.968
721.968
718.448
718.303
712.415
703.679
706.444
703.681
703.734
707.495
703.913
699.086
699.054
699.485
699.117
700.235
697.595
695.975
728.876
697.326
695.463
694.580
697.213
698.646
694.865
695.391
726.725
694.573
697.739
711.991
694.428
692.493
692.181
690.545
690.544
692.555
691.556
690.717
690.466
699.467
692.098
691.236
689.991
704.572
689.874
693.545
689.967
689.242
688.787
689.215
690.520
687.646
685.229
685.414
692.507
685.238
684.208
684.208
684.174
703.487
684.047
675.375
680.427
674.567
674.022
674.016
674.089
667.311
668.525
667.380
674.503
667.669
673.701
666.242
666.216
666.080
665.931
665.832
666.857
663.681
665.420
663.141
661.434
662.608
663.379
668.178
663.686
661.490
660.270
660.516
659.923
658.380
659.086
658.657
653.756
654.109
655.302
648.510
651.484
643.025
642.033
642.033
642.033
642.083
641.454
643.668
640.115
639.944
640.562
628.068
631.600
626.235
642.875
626.235
626.564
626.235
626.445
626.522
626.522
626.530
626.466
628.657
628.793
627.253
626.502
626.040
635.079
626.942
625.013
625.852
624.852
623.974
624.148
629.292
625.164
626.085
622.129
622.501
621.654
621.740
633.688
625.409
621.525
622.434
624.800
622.016
623.669
625.711
621.898
621.951
623.504
622.490
623.975
611.428
610.439
610.160
608.385
608.385
608.385
608.458
609.532
607.442
604.096
605.078
605.923
605.079
605.997
604.484
604.228
604.130
606.056
604.214
602.322
602.322
604.041
601.065
602.917
606.387
640.505
600.459
600.359
600.273
599.931
594.187
593.127
593.123
594.219
593.270
612.335
593.543
595.618
581.325
581.391
580.137
580.189
580.450
581.038
583.118
580.475
584.390
581.185
580.201
580.361
580.201
581.003
580.209
580.603
578.402
578.466
578.354
578.696
577.893
580.778
580.542
578.399
578.146
558.926
563.381
560.148
577.733
559.515
562.414
557.823
557.208
557.513
556.269
557.045
556.508
556.005
556.360
556.570
555.392
555.777
552.725
552.725
544.621
554.575
546.879
544.060
541.612
541.649
541.446
541.514
541.189
540.829
540.171
546.328
541.053
540.195
540.116
540.184
540.451
548.303
541.407
540.165
539.779
540.900
540.348
537.357
538.151
537.355
537.631
536.946
535.864
536.343
536.147
535.161
535.161
535.169
535.112
536.436
535.309
535.202
535.467
535.180
536.863
534.966
532.271
531.826
531.585
530.599
530.483
532.839
530.546
533.651
531.034
530.722
530.612
529.604
527.532
527.557
527.577
529.222
527.341
520.650
520.971
520.733
520.688
522.962
520.688
521.256
520.655
519.144
521.931
520.403
526.254
519.476
532.677
518.886
519.223
519.193
519.022

Error results for SA6
---------------------------
1221.336
1221.075
1220.656
1220.669
1218.940
1225.146
1220.070
1216.156
1214.302
1216.572
1214.833
1161.321
1161.365
1161.047
1160.268
1160.205
1159.845
1139.787
1141.330
1138.865
1149.722
1138.389
1128.292
1116.552
1113.013
1122.018
1116.362
1109.365
1109.811
1128.762
1085.280
1082.325
1082.325
1083.017
1092.889
1083.790
1082.499
1085.037
1082.211
1086.679
1074.897
1067.587
1101.449
1067.274
1065.315
1062.931
1063.217
1063.806
1066.370
1062.922
1066.422
1062.361
1061.062
1064.413
1069.091
1060.668
1109.216
1060.642
1033.084
1032.480
1032.633
1032.480
1029.915
1027.031
1028.944
1024.677
1011.109
1010.110
1012.986
1010.110
1010.600
991.802
1000.003
993.626
1013.344
989.531
989.897
993.930
993.543
988.670
993.288
985.466
970.868
970.868
970.868
963.536
999.132
962.425
972.247
978.167
883.520
877.890
877.108
877.146
876.339
876.693
876.763
864.814
864.848
858.569
852.331
848.781
856.255
850.206
847.215
847.430
852.130
854.025
847.522
841.755
839.655
840.101
838.029
838.552
834.362
837.890
836.144
829.692
830.504
833.399
829.447
845.748
832.147
830.160
833.342
835.776
831.057
829.960
827.994
826.053
815.170
815.170
815.182
810.588
814.866
804.675
809.813
801.094
801.094
801.715
801.094
798.996
793.146
793.157
790.109
794.706
788.774
792.229
789.040
783.224
781.956
785.525
785.790
782.247
782.478
783.414
783.915
754.104
762.974
783.267
755.448
754.367
754.637
753.658
753.658
753.658
758.250
755.856
753.658
754.879
753.108
754.388
753.189
752.994
762.464
752.986
754.385
752.986
753.559
745.615
746.956
745.482
742.602
747.802
741.697
741.587
732.715
734.495
735.232
747.630
731.143
731.143
732.332
732.957
744.742
732.545
726.873
727.275
725.610
725.484
730.186
724.498
720.346
720.346
720.250
718.579
712.473
715.187
712.047
709.175
704.709
704.726
704.404
709.825
706.837
729.257
722.201
709.184
705.509
702.017
702.887
705.738
703.597
703.858
704.153
694.773
692.330
691.436
696.701
697.432
690.769
690.696
691.502
696.439
694.324
690.837
689.748
712.981
693.307
690.442
691.113
689.785
689.308
688.869
693.095
688.498
694.051
691.140
688.968
688.430
688.072
693.041
688.036
693.026
684.356
686.490
685.848
686.391
674.877
686.353
674.558
677.965
674.055
675.689
672.754
673.216
673.040
654.627
655.456
657.505
654.888
658.353
654.801
654.627
654.627
651.796
652.356
651.821
653.102
653.459
651.756
668.691
635.097
635.822
635.097
632.672
644.549
632.170
632.557
630.392
640.141
630.619
630.392
630.534
630.517
630.406
630.392
619.055
624.593
619.100
620.040
620.742
619.253
619.102
617.957
617.312
616.069
615.179
617.177
615.438
615.678
613.070
613.804
653.125
612.522
618.052
623.682
614.214
620.694
613.258
608.030
608.321
607.381
607.705
609.389
608.287
606.100
606.163
607.610
600.452
599.938
606.171
594.243
598.414
594.174
595.201
594.643
592.560
592.606
592.329
591.160
591.479
591.462
580.960
581.051
579.227
578.272
577.865
577.382
578.529
573.290
573.290
573.560
577.440
570.606
570.336
548.614
549.824
553.777
561.199
548.476
534.218
534.256
534.324
532.952
545.520
583.396
532.103
532.127
532.733
532.618
519.392
523.303
520.226
527.256
517.113
517.006
516.738
516.303
516.482
515.218
518.110
505.245
504.962
509.668
505.742
507.264
505.023
508.595
507.593
504.962
504.952
505.492
504.962
497.112
497.783
503.579
497.489
499.459
497.389
497.564
495.522
494.476
495.838
495.438
494.468
494.509
494.600
493.886
494.104
493.843
519.513
493.482
493.482
493.482
494.585
493.822
497.727
493.482
495.506
501.433
494.280
481.504
481.447
481.374
481.299
480.713
482.009
480.840
480.671
480.390
485.642
480.375
481.049
485.634
480.292
480.141
480.141
480.141
480.097
480.113
480.097
480.218
472.223
471.933
471.211
471.369
471.227
471.392
471.211
471.379
478.704
471.063
472.058
473.222
472.767
471.335
472.169
471.063
470.982
471.028
471.349
472.255
470.426
470.429
470.644
467.423
474.729
469.866
467.896
474.742
466.799
469.137
472.555
467.773
473.566
467.715
465.439
463.922
464.162
463.534
465.682
463.169
462.434
462.229
461.939
460.792
546.191
460.447
459.992
460.084
462.246
459.898
459.838
457.507
457.181
459.457
457.256
456.910
457.202

Error results for SA7
---------------------------
1199.883
1201.141
1192.586
1196.666
1196.402
1196.402
1193.545
1203.257
1192.496
1192.008
1204.245
1182.293
1182.293
1181.913
1181.340
1192.763
1152.404
1152.694
1153.561
1161.070
1160.239
1166.807
1152.503
1152.404
1151.191
1129.503
1105.983
1111.936
1105.983
1104.647
1097.637
1109.596
1103.941
1094.552
1097.739
1100.889
1092.917
1097.300
1077.611
1073.537
1077.341
1072.052
1108.877
1071.860
1072.085
1073.834
1071.860
1074.000
1076.706
1068.285
1068.285
1065.962
1065.382
1066.000
1060.457
1060.448
1060.483
1060.457
1061.900
1069.949
1064.222
1055.762
1055.437
1053.737
1052.402
1052.402
1052.301
1052.301
1052.037
1028.288
1030.774
1026.470
1025.658
1023.743
1015.434
1006.141
1009.431
1005.963
1004.573
1002.524
1002.524
1000.880
1001.652
1008.804
1000.975
997.239
997.497
995.968
1010.373
995.968
996.077
991.713
991.714
993.287
991.713
1008.737
992.024
990.861
985.093
982.863
987.446
982.861
981.226
984.001
981.226
981.121
966.205
967.088
966.205
966.205
966.379
964.646
975.040
963.759
964.145
964.169
963.759
963.759
967.989
963.076
969.513
951.610
952.388
952.786
951.194
954.120
950.427
950.420
942.810
930.211
930.286
929.299
929.563
928.737
929.345
925.973
935.177
929.571
929.307
923.875
923.819
925.146
924.518
933.616
925.054
925.326
917.240
916.700
916.559
916.944
918.690
910.261
913.464
912.225
904.688
906.905
904.950
902.540
904.017
902.521
904.865
901.445
903.899
898.831
898.831
899.980
898.664
897.648
897.389
897.086
900.701
896.420
894.634
893.615
895.509
895.222
894.380
894.753
893.833
893.825
916.462
894.839
896.184
885.616
884.534
890.269
896.714
889.417
885.073
884.630
886.700
890.715
875.672
875.653
876.923
877.296
876.760
875.232
888.982
873.587
875.165
881.657
873.587
874.156
874.617
875.697
874.406
873.780
872.626
873.174
873.281
873.665
879.581
877.359
872.046
872.699
872.046
909.123
865.986
863.249
870.133
855.971
854.718
855.174
855.006
848.112
848.533
848.343
849.191
846.893
848.446
844.657
844.344
844.419
856.844
844.340
818.301
801.800
802.972
796.027
795.501
796.796
795.044
797.312
794.572
799.947
793.534
786.863
793.198
787.156
786.109
784.618
786.961
784.618
781.564
781.542
779.528
780.521
782.630
779.982
779.528
779.439
782.824
787.542
783.112
772.889
770.358
784.261
770.511
764.223
764.434
763.357
753.061
754.543
761.561
765.281
755.213
741.576
738.357
732.063
732.404
730.699
731.675
732.639
732.134
730.912
730.454
736.289
728.503
727.309
726.937
721.485
722.296
719.700
711.515
713.472
711.871
711.584
707.451
700.485
701.456
706.287
701.278
700.981
694.864
695.044
694.429
695.126
683.911
681.408
677.759
679.646
679.094
675.356
674.730
675.632
671.393
671.551
669.621
667.612
669.011
664.265
664.414
664.384
670.964
664.373
655.522
653.631
656.114
652.829
667.392
650.738
628.600
630.183
629.902
622.625
631.516
617.967
618.539
618.432
620.833
618.030
627.505
617.831
622.225
614.679
614.681
601.549
600.783
607.536
600.783
600.443
600.055
600.055
599.924
600.238
599.924
604.293
593.654
595.665
592.627
590.687
588.650
588.650
585.667
588.651
589.184
593.986
596.281
588.827
581.135
581.236
577.502
577.502
577.566
571.725
572.523
572.621
577.706
571.881
567.927
565.287
569.836
564.683
564.654
565.026
562.449
555.122
537.736
537.525
537.525
537.233
538.723
531.124
532.412
530.999
531.078
532.161
535.303
531.095
529.920
529.438
530.359
528.683
527.091
524.972
525.203
525.677
524.549
525.633
523.697
523.697
526.071
520.480
520.375
526.616
520.429
520.701
521.300
521.213
531.332
520.190
523.410
530.633
519.943
529.664
519.579
524.067
522.281
519.289
519.566
519.448
536.597
525.400
519.347
523.945
503.143
508.877
502.567
502.567
506.504
502.567
500.675
502.319
500.902
503.526
498.375
504.977
497.660
497.359
496.413
496.413
496.427
495.970
496.445
494.954
494.954
511.638
503.943
494.660
494.243
495.553
495.445
490.970
493.080
499.926
495.443
490.970
491.216
488.700
488.515
489.873
493.145
489.046
501.062
490.827
488.592
490.130
485.467
487.352
482.638
482.814
482.814
482.445
483.387
479.579
479.892
480.014
480.169
479.106
479.310
479.106
479.147
479.106
479.341
479.829
478.333
475.376
476.858
475.250

Error results for SA8
---------------------------
1078.205
1082.332
1083.834
1083.482
1087.095
1091.862
1083.626
1082.071
1076.497
1076.754
1080.408
1062.042
1062.527
1061.900
1061.900
1063.655
1061.560
1054.739
1033.116
1021.937
1019.361
1020.877
1022.399
1015.133
1004.161
1005.574
1005.301
1021.030
1005.545
1003.954
1003.954
996.700
997.787
993.852
980.565
979.909
979.909
990.984
979.632
984.467
978.293
975.738
975.001
976.932
970.419
970.385
970.385
972.214
970.822
970.694
970.385
968.999
977.796
958.741
983.310
961.976
958.130
961.039
958.228
958.725
957.955
958.584
957.961
955.042
954.680
954.557
954.203
954.648
954.131
954.131
953.876
957.474
953.615
954.208
953.327
952.884
958.485
955.615
956.970
951.763
945.891
946.506
945.964
945.419
945.419
941.283
941.283
943.379
942.867
940.167
941.153
940.404
939.878
939.897
946.328
938.410
938.673
941.367
938.496
939.607
937.524
932.954
931.427
932.417
934.832
930.333
932.201
928.735
930.225
924.408
916.492
916.057
936.605
916.057
911.748
909.054
908.731
906.932
906.287
903.480
900.892
903.686
899.928
899.644
899.768
899.783
908.673
904.334
896.445
897.076
891.526
885.295
890.490
884.837
882.427
882.303
875.490
884.445
874.855
874.371
895.574
875.532
872.686
866.833
870.558
867.258
866.722
866.722
870.308
858.095
857.957
860.819
859.529
852.753
849.228
848.681
847.336
845.922
847.493
845.573
816.638
811.929
817.836
808.456
809.375
808.456
807.632
808.029
806.817
807.187
815.966
807.273
806.393
809.046
810.125
807.252
803.460
803.511
802.254
798.900
797.752
801.451
798.629
799.242
795.242
795.385
795.629
792.455
793.814
781.344
783.190
781.344
782.374
781.344
785.410
783.936
781.629
781.106
784.025
786.557
782.192
784.492
780.239
779.222
780.961
788.689
780.053
793.708
772.262
775.127
779.408
770.270
770.270
773.193
768.259
768.264
768.325
768.264
771.839
764.639
760.591
760.581
764.263
768.563
755.701
769.602
757.689
756.652
767.760
746.972
750.578
746.649
749.082
752.449
734.334
733.594
733.686
737.367
737.399
728.715
728.707
728.339
725.882
727.813
728.329
732.539
725.641
724.028
747.251
722.532
722.195
725.003
729.180
721.779
720.479
723.521
720.479
721.732
720.651
720.908
716.741
716.328
716.149
683.942
688.822
684.159
677.293
679.022
681.263
676.127
664.198
664.198
664.167
664.190
664.190
664.344
667.497
664.905
673.142
670.985
664.237
664.190
664.262
664.221
668.242
634.823
633.826
633.732
632.433
627.784
626.982
621.912
622.278
622.348
626.519
624.059
622.371
623.157
617.942
617.923
614.440
616.625
615.342
618.121
614.736
615.196
613.418
615.010
613.613
613.235
612.600
612.269
612.378
617.119
610.534
606.261
610.516
606.333
609.145
605.179
605.179
605.003
605.477
597.152
595.515
595.429
595.418
595.355
594.427
605.474
594.198
596.058
594.784
596.204
595.273
594.307
600.829
609.272
593.702
593.783
579.220
580.544
578.626
577.283
578.260
585.099
577.005
576.700
579.537
578.897
576.700
574.782
580.335
574.899
578.501
576.122
574.949
576.950
575.003
575.997
573.891
575.596
573.921
575.727
573.438
573.213
572.927
550.865
546.025
546.564
541.044
537.653
538.737
531.723
532.941
528.711
575.972
528.941
525.951
526.133
528.034
525.219
535.568
524.265
530.425
528.556
524.998
524.708
527.070
523.725
523.725
530.323
523.015
531.853
523.015
523.219
523.015
522.163
521.477
522.360
552.081
522.015
520.605
518.050
518.449
518.050
516.811
523.287
527.915
515.555
521.432
516.561
516.023
517.200
515.244
515.223
515.371
515.901
514.372
515.143
504.631
507.129
504.058
504.072
506.385
503.915
505.420
504.157
501.024
504.011
500.983
505.201
500.623
508.176
501.107
500.626
500.899
500.344
492.854
492.869
492.812
492.303
494.752
495.549
490.752
491.185
490.509
490.746
496.258
491.089
489.978
491.359
489.978
489.978
486.480
488.648
486.907
488.538
485.557
482.836
482.700
480.720
479.950
480.193
480.256
481.288
480.793
480.193
486.501
480.547
480.845
480.784
479.367
479.459
479.398
480.030
479.872
478.517
477.702
479.271
477.657
474.697
475.642
474.697
475.426
477.264
474.795
482.656
489.085
474.682
480.384
474.741
476.363
475.003
474.745
474.741
474.291
475.016
474.741
479.472

Error results for SA9
---------------------------
1144.858
1153.551
1153.585
1153.982
1161.862
1156.535
1156.422
1151.465
1148.956
1153.733
1148.686
1166.832
1158.097
1148.737
1149.165
1150.175
1142.990
1144.376
1142.626
1142.607
1141.960
1141.042
1141.399
1136.988
1104.932
1104.771
1103.766
1103.823
1102.754
1098.397
1105.845
1102.106
1089.434
1087.753
1091.385
1066.238
1065.106
1039.651
1038.405
1038.405
1038.411
1038.036
1053.195
1038.036
1040.645
1036.283
1032.944
1032.706
1035.856
1032.366
1030.236
1031.012
1031.081
1030.878
1047.120
1027.984
1028.994
1029.696
1028.083
1029.717
1027.354
1027.382
1026.782
1026.866
1037.639
1029.159
1043.521
1026.782
1026.839
1024.838
1025.393
1017.822
1017.822
1019.075
1036.398
1001.586
1001.425
1002.327
1023.511
1000.734
987.661
987.648
979.912
977.875
977.978
982.992
985.585
966.779
973.038
963.513
966.005
963.634
962.729
963.389
962.829
962.200
978.277
963.830
962.257
962.257
962.436
960.452
958.423
961.241
958.764
962.179
942.928
953.826
941.533
941.486
940.807
908.276
908.253
910.328
909.968
907.399
904.643
905.102
914.378
904.782
905.833
904.321
901.678
899.901
900.392
899.512
896.954
889.672
882.495
882.302
882.179
881.854
881.673
882.363
877.420
877.268
876.930
893.639
882.397
876.822
877.280
872.163
870.955
871.208
872.264
864.024
857.800
863.703
858.449
866.250
849.285
849.812
847.286
847.019
842.314
839.994
839.456
838.900
842.380
836.495
837.374
836.495
825.700
822.955
821.869
824.216
821.922
822.428
822.092
819.986
818.177
818.146
818.338
817.518
816.769
815.719
819.982
816.915
817.119
816.232
815.719
814.837
820.792
809.657
809.319
809.773
808.143
808.220
808.150
806.740
808.687
806.615
802.877
802.780
803.494
806.912
803.453
803.762
808.359
815.743
805.328
802.547
804.359
801.994
801.969
804.652
797.344
797.170
796.926
794.355
794.731
796.260
797.609
819.879
793.259
788.833
788.120
789.896
787.930
788.348
784.658
785.306
783.219
784.214
792.848
783.254
783.217
783.219
781.370
781.302
780.752
788.104
778.426
785.352
778.685
771.628
771.403
771.407
771.403
779.274
772.668
771.930
771.611
771.412
771.851
771.634
781.008
771.496
772.998
771.372
769.529
769.529
763.552
757.851
761.436
757.370
756.369
759.564
756.481
761.177
755.934
751.674
751.917
751.766
749.766
749.785
748.282
751.122
744.528
744.528
744.351
745.568
745.418
741.745
745.482
741.002
740.344
746.725
738.081
738.707
738.716
743.778
738.581
746.296
738.081
742.221
763.107
738.042
744.435
732.422
730.654
730.607
732.127
730.546
732.155
733.469
729.601
734.435
729.255
731.967
732.979
731.894
728.231
728.231
729.546
727.718
728.530
729.556
727.718
735.939
747.703
727.912
727.956
728.202
733.950
729.674
727.460
722.179
715.014
715.158
715.002
715.002
715.332
715.002
713.994
713.843
702.668
704.974
702.381
703.514
705.741
712.665
704.235
701.394
693.159
695.227
680.001
678.606
672.428
672.230
673.012
673.788
675.237
685.687
670.503
669.321
675.869
674.135
675.539
674.505
669.022
669.270
659.920
661.121
660.707
658.392
658.392
659.892
656.466
664.609
658.575
655.819
655.455
655.871
656.022
656.013
656.728
660.355
661.423
656.067
656.612
654.822
654.777
654.802
654.788
660.211
655.904
659.303
634.946
632.683
634.866
634.866
634.852
644.632
634.606
635.003
634.251
634.281
634.059
637.825
634.059
632.614
632.153
631.304
635.896
633.480
635.666
632.285
632.790
631.552
631.220
632.201
629.337
632.884
629.229
635.619
629.229
632.359
629.320
631.544
625.784
624.726
625.780
624.757
624.726
623.915
624.089
623.217
612.619
615.146
612.587
612.808
613.800
611.798
614.178
610.493
609.554
612.670
603.980
593.063
593.017
596.010
593.017
591.933
591.161
589.017
595.395
589.452
589.017
589.195
589.209
589.212
594.573
588.181
588.363
588.932
587.877
587.139
586.540
586.416
580.852
586.932
581.011
580.852
581.566
582.691
580.852
585.152
578.501
580.314
579.253
578.582
577.476
578.511
575.259
574.894
572.116
571.841
574.394
573.303
570.549
573.021
569.648
569.638
571.376
569.068
570.232
576.033
563.863
561.183
559.033
552.506
552.231
564.674
549.669
548.244
547.948
545.654
544.605
545.034
544.830
545.382
546.082
544.993
546.799
566.472
545.060
544.605
545.305
545.184

Error results for SA10
---------------------------
907.459
910.973
910.926
911.119
911.119
911.119
914.813
911.664
911.192
913.081
884.671
884.557
895.054
884.357
886.910
886.691
881.510
880.033
880.291
880.033
891.789
880.044
879.756
880.584
880.914
883.672
876.307
876.139
875.571
875.178
875.026
868.943
870.406
868.691
867.492
869.333
867.385
867.170
867.713
868.110
867.385
874.661
864.975
865.229
859.729
861.660
859.558
858.649
858.729
856.333
856.595
856.750
849.633
848.901
854.109
848.442
844.459
844.607
843.666
847.896
843.666
863.654
843.412
843.447
843.207
843.207
852.372
840.770
833.169
835.841
833.169
832.981
826.082
823.528
823.721
823.336
828.003
805.869
808.174
802.693
804.068
827.486
802.615
803.169
813.573
802.309
802.268
801.592
801.077
804.217
801.077
802.657
801.267
802.544
801.267
801.267
801.794
800.121
812.836
806.967
801.922
802.157
800.659
807.157
804.288
800.044
797.517
797.479
797.479
797.579
794.497
801.054
794.473
795.189
784.894
784.569
784.569
784.625
785.256
783.707
783.286
780.783
781.557
781.787
780.783
780.905
781.481
780.935
783.307
780.753
780.683
801.770
790.789
781.198
784.009
779.835
772.205
831.329
772.105
773.380
772.105
792.130
774.830
772.550
772.252
772.331
760.919
761.555
774.125
761.278
763.395
760.922
759.996
760.400
759.915
758.884
758.876
759.924
761.929
765.696
757.073
756.323
751.843
752.034
752.795
752.232
757.813
753.070
736.814
699.292
697.360
698.236
700.482
697.360
697.488
693.832
693.702
693.706
693.976
693.828
690.747
690.970
690.863
690.296
689.429
690.053
688.987
688.858
688.830
690.608
694.997
689.222
688.411
729.902
688.445
690.484
687.813
687.898
689.004
688.627
689.830
688.346
687.586
688.589
691.767
710.899
688.626
687.141
687.193
687.193
687.156
687.140
688.195
687.240
688.269
686.848
687.753
687.139
686.848
715.899
686.890
686.792
691.402
686.252
682.910
683.236
683.236
683.749
683.081
682.141
681.997
680.838
679.955
682.425
680.071
678.355
679.283
673.489
674.083
675.841
682.321
675.947
677.144
688.926
673.220
674.597
673.821
672.999
668.039
670.591
665.807
665.610
664.655
664.450
664.290
654.161
653.990
654.835
653.987
652.836
664.287
652.836
652.828
660.007
653.720
659.193
652.864
651.335
651.409
712.138
648.747
648.568
644.644
644.651
644.058
643.683
644.106
644.877
642.211
648.087
642.201
642.794
642.838
643.118
642.215
645.969
644.630
643.201
642.155
641.971
644.672
641.941
642.037
642.083
642.609
642.083
642.216
642.197
644.800
643.702
645.270
639.894
640.746
640.367
640.079
640.261
639.788
638.755
640.167
638.359
656.874
634.364
633.888
633.986
634.598
633.772
632.282
631.669
634.585
630.734
631.042
630.877
630.734
630.734
628.814
629.141
628.879
627.857
630.020
627.860
627.880
630.126
624.994
616.369
617.627
617.937
614.765
618.866
615.109
614.765
613.151
610.237
611.139
610.237
611.728
610.261
611.356
606.738
608.252
619.911
606.425
581.270
582.693
581.188
581.268
581.343
577.396
577.412
577.392
576.184
575.544
574.823
574.900
574.957
592.172
573.998
573.938
572.135
571.242
571.242
571.207
571.072
568.171
568.799
568.141
570.067
568.050
567.435
567.557
568.223
567.087
567.087
567.380
567.358
570.926
568.034
566.956
567.263
567.055
571.539
567.055
567.166
569.047
567.031
573.499
566.797
569.263
566.797
565.052
565.479
565.056
564.683
565.282
565.738
565.140
570.520
565.040
564.375
564.375
571.097
564.406
567.230
568.069
564.463
565.234
564.982
564.848
564.048
562.543
562.543
562.555
562.666
552.798
554.516
554.844
552.606
552.059
552.153
549.138
549.207
549.138
548.118
545.103
545.103
545.049
544.490
544.247
544.742
548.416
545.309
546.188
546.230
544.751
542.645
541.909
546.719
542.506
541.991
542.022
541.833
541.905
539.042
538.962
538.569
555.958
539.310
539.110
529.998
530.050
536.519
539.726
527.818
527.919
528.531
530.068
525.423
525.416
540.049
517.121
518.276
516.077
515.955
514.250
512.212
512.212
514.347
535.721
513.363
512.122
511.909
512.057
511.038
509.105
502.640
513.195
505.059
501.731
501.324
509.640
500.667
499.284
499.039
497.582
497.584
501.462
498.130
497.836
497.582
497.539
497.576

--------------------------------------------
Results for SA1: 
--------------------------------------------
Correctly classified (TEST) 2859.0 instances.
Incorrectly classified (TEST) 458.0 instances.
Percent correctly classified (TEST): 86.192%

Correctly classified (TRAIN)6692.0 instances.
Incorrectly classified (TRAIN) 1046.0 instances.
Percent correctly classified (TRAIN): 86.482%

Training time: 28.937 seconds
Testing time: 0.182 seconds

--------------------------------------------
Results for SA2: 
--------------------------------------------
Correctly classified (TEST) 2811.0 instances.
Incorrectly classified (TEST) 506.0 instances.
Percent correctly classified (TEST): 84.745%

Correctly classified (TRAIN)6555.0 instances.
Incorrectly classified (TRAIN) 1183.0 instances.
Percent correctly classified (TRAIN): 84.712%

Training time: 25.290 seconds
Testing time: 0.064 seconds

--------------------------------------------
Results for SA3: 
--------------------------------------------
Correctly classified (TEST) 2845.0 instances.
Incorrectly classified (TEST) 472.0 instances.
Percent correctly classified (TEST): 85.770%

Correctly classified (TRAIN)6665.0 instances.
Incorrectly classified (TRAIN) 1073.0 instances.
Percent correctly classified (TRAIN): 86.133%

Training time: 27.925 seconds
Testing time: 0.109 seconds

--------------------------------------------
Results for SA4: 
--------------------------------------------
Correctly classified (TEST) 2820.0 instances.
Incorrectly classified (TEST) 497.0 instances.
Percent correctly classified (TEST): 85.017%

Correctly classified (TRAIN)6528.0 instances.
Incorrectly classified (TRAIN) 1210.0 instances.
Percent correctly classified (TRAIN): 84.363%

Training time: 26.399 seconds
Testing time: 0.070 seconds

--------------------------------------------
Results for SA5: 
--------------------------------------------
Correctly classified (TEST) 2770.0 instances.
Incorrectly classified (TEST) 547.0 instances.
Percent correctly classified (TEST): 83.509%

Correctly classified (TRAIN)6447.0 instances.
Incorrectly classified (TRAIN) 1291.0 instances.
Percent correctly classified (TRAIN): 83.316%

Training time: 25.788 seconds
Testing time: 0.069 seconds

--------------------------------------------
Results for SA6: 
--------------------------------------------
Correctly classified (TEST) 2907.0 instances.
Incorrectly classified (TEST) 410.0 instances.
Percent correctly classified (TEST): 87.639%

Correctly classified (TRAIN)6772.0 instances.
Incorrectly classified (TRAIN) 966.0 instances.
Percent correctly classified (TRAIN): 87.516%

Training time: 26.687 seconds
Testing time: 0.062 seconds

--------------------------------------------
Results for SA7: 
--------------------------------------------
Correctly classified (TEST) 2823.0 instances.
Incorrectly classified (TEST) 494.0 instances.
Percent correctly classified (TEST): 85.107%

Correctly classified (TRAIN)6551.0 instances.
Incorrectly classified (TRAIN) 1187.0 instances.
Percent correctly classified (TRAIN): 84.660%

Training time: 25.867 seconds
Testing time: 0.072 seconds

--------------------------------------------
Results for SA8: 
--------------------------------------------
Correctly classified (TEST) 2853.0 instances.
Incorrectly classified (TEST) 464.0 instances.
Percent correctly classified (TEST): 86.011%

Correctly classified (TRAIN)6637.0 instances.
Incorrectly classified (TRAIN) 1101.0 instances.
Percent correctly classified (TRAIN): 85.772%

Training time: 25.787 seconds
Testing time: 0.073 seconds

--------------------------------------------
Results for SA9: 
--------------------------------------------
Correctly classified (TEST) 2765.0 instances.
Incorrectly classified (TEST) 552.0 instances.
Percent correctly classified (TEST): 83.358%

Correctly classified (TRAIN)6472.0 instances.
Incorrectly classified (TRAIN) 1266.0 instances.
Percent correctly classified (TRAIN): 83.639%

Training time: 25.697 seconds
Testing time: 0.081 seconds

--------------------------------------------
Results for SA10: 
--------------------------------------------
Correctly classified (TEST) 2867.0 instances.
Incorrectly classified (TEST) 450.0 instances.
Percent correctly classified (TEST): 86.434%

Correctly classified (TRAIN)6623.0 instances.
Incorrectly classified (TRAIN) 1115.0 instances.
Percent correctly classified (TRAIN): 85.591%

Training time: 26.152 seconds
Testing time: 0.073 seconds