Error results for SA1
---------------------------
1099.660
1096.396
1050.649
1049.000
1048.874
1033.548
1032.810
1035.470
1041.451
1033.658
1033.669
1033.669
1034.814
1035.049
1036.911
1023.708
1042.244
1048.631
1092.766
1095.740
1092.228
1094.336
1090.583
1096.889
1092.903
1094.132
1096.112
1107.426
1107.599
1108.608
1106.086
1107.052
1103.620
1101.547
1097.250
1106.723
1125.709
1156.049
1165.495
1156.146
1157.154
1157.098
1158.372
1158.370
1176.494
1175.395
1174.852
1171.118
1157.094
1157.097
1157.126
1149.765
1150.422
1139.743
1140.562
1128.413
1127.704
1127.325
1132.068
1137.909
1141.506
1136.512
1161.961
1147.260
1149.188
1151.875
1151.067
1157.903
1164.337
1157.575
1163.200
1163.200
1169.796
1149.713
1140.483
1139.627
1131.926
1128.619
1128.312
1134.276
1134.168
1135.047
1132.621
1145.255
1141.704
1143.086
1136.406
1121.557
1122.558
1121.031
1125.683
1127.350
1122.862
1122.529
1129.900
1128.850
1130.209
1132.857
1133.108
1132.246
1132.280
1125.991
1125.961
1130.643
1123.145
1127.124
1121.857
1122.232
1121.712
1095.015
1089.111
1088.806
1094.975
1093.450
1087.828
1082.607
1083.197
1080.890
1080.890
1080.879
1077.117
1077.887
1102.818
1105.052
1104.338
1104.296
1121.568
1118.834
1111.403
1111.565
1115.990
1123.559
1122.619
1120.086
1118.588
1127.056
1127.111
1122.157
1124.468
1123.231
1122.936
1119.691
1119.795
1119.795
1122.773
1120.239
1117.638
1118.456
1111.757
1106.770
1107.891
1142.162
1139.845
1139.867
1138.850
1140.304
1144.184
1143.309
1135.467
1137.136
1137.932
1121.272
1121.081
1130.559
1130.461
1134.985
1134.982
1134.845
1136.319
1136.544
1147.368
1147.762
1147.527
1147.886
1147.886
1140.250
1140.151
1140.152
1138.940
1138.457
1130.968
1140.167
1142.108
1142.108
1141.789
1145.614
1145.418
1151.638
1151.638
1151.888
1152.402
1153.139
1154.176
1162.281
1158.572
1164.520
1169.067
1173.258
1171.232
1171.009
1173.049
1173.049
1170.409
1181.160
1178.726
1185.817
1197.549
1207.639
1202.391
1200.690
1198.596
1202.198
1207.551
1207.551
1212.492
1210.844
1210.846
1209.450
1205.689
1205.487
1205.629
1206.933
1204.256
1204.256
1205.191
1205.138
1209.449
1209.459
1209.399
1202.599
1204.463
1198.386
1203.192
1218.669
1216.991
1202.615
1198.216
1192.551
1177.920
1181.400
1179.165
1182.711
1182.282
1182.689
1185.857
1185.223
1199.629
1199.873
1222.314
1234.127
1234.346
1231.877
1231.061
1228.066
1228.112
1228.911
1228.280
1227.697
1219.459
1218.332
1217.463
1214.103
1214.103
1213.262
1209.717
1209.717
1209.385
1208.931
1207.413
1210.970
1210.166
1204.936
1204.937
1204.937
1206.562
1206.221
1206.539
1213.919
1207.588
1209.659
1209.659
1209.666
1209.259
1214.844
1215.215
1215.002
1214.680
1214.689
1208.255
1192.871
1190.195
1189.625
1157.225
1153.999
1152.725
1152.725
1152.709
1161.567
1165.058
1160.727
1171.637
1178.136
1172.904
1167.371
1170.668
1170.165
1170.437
1170.437
1171.345
1183.312
1186.953
1193.286
1200.285
1197.708
1192.333
1198.858
1198.774
1199.294
1193.962
1194.363
1198.175
1200.082
1200.049
1209.004
1209.916
1208.845
1204.958
1202.320
1203.796
1189.773
1189.837
1191.785
1197.288
1196.495
1199.807
1189.121
1186.295
1192.269
1193.337
1185.359
1184.185
1172.967
1175.069
1180.605
1180.184
1181.330
1182.428
1182.874
1182.756
1183.995
1188.751
1188.140
1178.379
1177.514
1177.203
1177.796
1166.500
1166.500
1167.550
1167.540
1167.701
1148.362
1119.674
1119.674
1117.875
1117.875
1118.032
1112.087
1111.897
1111.794
1112.260
1112.260
1113.166
1113.513
1100.235
1100.037
1100.396
1086.684
1086.684
1087.666
1086.103
1092.103
1092.103
1085.859
1086.866
1093.454
1089.197
1089.129
1087.038
1084.656
1084.334
1084.321
1076.118
1080.481
1080.481
1065.000
1065.390
1043.013
1043.077
1043.077
1044.369
1044.369
1044.375
1044.375
1040.735
1040.614
1033.661
1033.524
1034.613
1010.341
1008.330
1008.956
1013.557
1016.179
1016.117
1014.565
1015.082
1016.305
1020.018
1028.314
1026.754
1023.500
1031.190
1038.834
1043.671
1045.417
1045.590
1049.040
1046.632
1045.276
1048.002
1048.002
1048.017
1048.009
1047.950
1049.433
1057.912
1058.189
1057.958
1058.118
1059.284
1060.849
1059.577
1063.346
1079.857
1079.857
1079.018
1078.901
1077.094
1076.836
1086.094
1082.838
1064.497
1073.058
1072.323
1072.386
1072.531
1072.531
1073.096
1072.302
1074.856
1055.125
1034.603
1034.998
1035.365
1033.627
1034.966
1024.297
1027.734
1031.062
1030.413
1026.524
1026.100
1025.629
1025.248
1024.999
1024.999
1024.999
1025.019
1022.597
1023.279
1021.021
1021.514
1020.176
1028.283
1028.558
1028.554
1028.527
1028.636
1027.013
1049.422
1060.445
1060.496
1060.617
1071.620
1071.791
1073.822
1069.543
1069.984
1063.746

Error results for SA2
---------------------------
1150.134
1150.134
1136.877
1137.041
1137.441
1136.070
1138.194
1142.669
1160.845
1157.719
1148.436
1148.346
1143.108
1143.007
1144.031
1140.790
1155.559
1155.870
1154.085
1154.044
1253.613
1249.923
1246.825
1248.904
1245.728
1250.968
1240.951
1240.913
1241.981
1233.140
1234.985
1231.287
1232.332
1232.192
1232.588
1232.580
1232.118
1231.241
1233.404
1236.580
1285.095
1294.624
1296.501
1304.850
1304.988
1300.682
1307.470
1326.354
1338.257
1338.405
1338.904
1338.612
1338.314
1318.125
1324.244
1317.913
1331.731
1329.729
1325.029
1325.622
1342.642
1342.614
1347.500
1343.009
1344.101
1344.101
1345.261
1323.941
1324.545
1323.729
1322.412
1325.329
1327.554
1340.416
1337.659
1342.992
1341.768
1337.334
1335.763
1315.952
1316.336
1303.033
1302.465
1310.260
1310.274
1302.468
1307.853
1307.688
1307.477
1291.167
1290.185
1285.099
1274.747
1277.213
1275.170
1271.387
1277.023
1272.762
1272.363
1270.765
1282.879
1282.241
1282.534
1284.899
1287.097
1286.783
1295.067
1294.452
1293.541
1293.541
1301.537
1298.642
1297.495
1297.464
1301.906
1295.673
1296.316
1310.501
1311.144
1308.601
1310.173
1310.685
1317.080
1322.901
1320.417
1320.828
1326.205
1324.580
1322.712
1317.246
1318.772
1299.803
1306.407
1309.527
1319.133
1317.713
1316.707
1316.707
1321.641
1318.526
1317.745
1317.737
1314.783
1314.783
1316.528
1314.666
1314.338
1319.150
1305.915
1305.773
1306.163
1299.877
1293.413
1301.321
1298.252
1303.184
1303.375
1305.117
1308.857
1308.857
1304.830
1304.349
1295.152
1299.591
1309.014
1309.014
1303.842
1303.818
1303.158
1302.726
1295.912
1295.471
1292.885
1292.334
1278.609
1277.371
1279.674
1273.442
1273.417
1272.332
1267.766
1274.755
1269.659
1274.131
1274.131
1274.131
1274.152
1278.521
1312.052
1297.884
1291.980
1288.291
1279.525
1282.569
1284.408
1276.829
1273.942
1267.716
1253.300
1243.813
1244.839
1249.906
1260.991
1265.539
1269.772
1279.948
1327.569
1299.833
1301.138
1302.307
1300.551
1300.551
1300.693
1297.376
1299.878
1287.510
1283.751
1288.393
1290.049
1358.023
1447.638
1443.068
1445.452
1446.420
1443.166
1443.166
1443.166
1437.927
1455.172
1453.791
1453.908
1453.908
1455.036
1454.273
1463.670
1463.264
1457.322
1457.487
1463.544
1473.998
1473.998
1362.083
1365.171
1381.324
1388.153
1388.820
1384.876
1380.591
1379.184
1353.939
1353.354
1350.158
1352.125
1344.204
1344.204
1341.115
1316.455
1300.301
1297.655
1299.715
1279.415
1273.334
1274.752
1274.760
1269.648
1273.094
1267.159
1274.557
1295.092
1290.836
1318.413
1317.258
1342.640
1346.975
1354.260
1354.893
1355.606
1356.523
1357.663
1345.430
1352.158
1379.908
1378.941
1369.181
1361.691
1371.291
1369.597
1368.631
1368.631
1358.842
1359.330
1368.962
1355.766
1344.299
1377.048
1372.528
1374.304
1360.359
1426.682
1425.688
1422.996
1423.636
1423.178
1390.972
1390.531
1390.531
1392.138
1392.144
1386.389
1385.160
1389.044
1384.007
1390.972
1412.594
1413.205
1421.743
1423.090
1425.964
1430.999
1431.511
1431.511
1424.113
1430.556
1433.048
1433.803
1432.665
1441.252
1455.619
1448.087
1470.106
1469.965
1472.506
1474.244
1461.750
1468.659
1480.983
1461.675
1463.549
1464.170
1456.671
1459.717
1459.553
1459.849
1456.498
1454.439
1442.249
1442.884
1450.540
1449.882
1445.521
1448.470
1430.978
1432.067
1431.916
1429.926
1432.048
1429.576
1431.512
1419.669
1418.454
1418.306
1418.306
1427.038
1431.772
1430.564
1430.667
1428.068
1433.062
1433.674
1433.674
1433.674
1431.861
1431.097
1431.041
1422.498
1434.201
1434.387
1429.267
1428.458
1428.315
1427.688
1433.991
1433.939
1424.714
1432.286
1433.430
1436.618
1438.200
1437.802
1449.241
1448.709
1437.310
1437.385
1435.687
1437.640
1431.461
1428.710
1428.817
1431.583
1426.170
1466.045
1474.202
1467.174
1472.063
1472.105
1468.746
1468.746
1469.744
1465.061
1465.061
1467.842
1464.068
1464.932
1464.424
1464.857
1466.274
1441.326
1456.166
1459.955
1459.119
1457.007
1461.249
1449.401
1449.407
1449.407
1444.859
1443.949
1444.024
1447.023
1450.611
1449.718
1465.891
1464.321
1460.070
1458.147
1451.040
1450.840
1456.943
1444.442
1460.820
1460.123
1459.748
1461.928
1461.928
1464.510
1461.061
1428.413
1433.077
1433.077
1436.155
1436.155
1440.528
1435.218
1436.817
1429.748
1428.781
1428.702
1456.256
1455.945
1458.471
1456.109
1456.074
1460.681
1463.824
1470.502
1479.695
1478.782
1479.055
1478.682
1480.391
1476.685
1479.210
1480.243
1478.156
1485.525
1484.356
1484.356
1482.527
1481.642
1485.004
1485.004
1487.472
1493.987
1492.846
1503.210
1503.725
1503.777
1501.585
1497.492
1496.691
1495.611
1497.400
1490.497
1490.313
1490.313
1482.584
1480.781
1496.821
1496.797
1494.328

Error results for SA3
---------------------------
1219.848
1217.635
1212.184
1212.184
1212.321
1208.471
1206.760
1206.100
1211.074
1210.256
1215.772
1215.773
1217.728
1217.059
1216.250
1218.742
1216.599
1215.959
1231.018
1227.595
1226.137
1231.477
1231.658
1232.455
1232.271
1238.146
1240.775
1241.677
1241.677
1240.739
1240.216
1240.850
1214.649
1214.212
1220.036
1219.743
1211.899
1210.849
1213.126
1213.126
1228.210
1201.996
1207.067
1200.653
1195.872
1210.119
1216.942
1218.224
1200.730
1199.248
1197.551
1199.569
1200.639
1201.504
1203.678
1205.072
1205.762
1206.641
1205.575
1205.176
1198.216
1206.315
1206.307
1213.188
1240.752
1239.411
1246.196
1246.110
1234.452
1219.583
1217.647
1215.648
1190.717
1194.209
1189.035
1187.116
1188.235
1192.896
1189.969
1190.846
1192.444
1199.501
1201.281
1227.680
1232.508
1232.762
1233.222
1238.296
1233.108
1225.050
1249.175
1244.001
1245.470
1237.560
1237.679
1247.018
1248.864
1270.526
1270.912
1271.963
1236.035
1238.147
1295.562
1295.705
1293.551
1293.563
1292.496
1292.904
1295.931
1295.229
1308.454
1308.245
1320.394
1320.836
1319.790
1319.709
1328.736
1330.738
1337.176
1337.030
1334.909
1340.797
1339.762
1338.738
1364.088
1350.907
1352.308
1356.946
1356.141
1341.407
1335.333
1334.198
1333.318
1334.031
1337.553
1335.409
1339.692
1312.403
1312.438
1324.020
1316.849
1317.983
1318.209
1315.101
1315.839
1318.478
1317.786
1317.542
1317.414
1316.753
1318.847
1318.847
1326.714
1329.251
1336.168
1336.314
1336.133
1335.449
1340.932
1355.351
1355.615
1355.643
1355.643
1355.643
1353.260
1353.409
1354.074
1342.905
1345.806
1353.933
1352.966
1315.885
1313.354
1314.591
1310.739
1308.020
1316.246
1315.443
1286.457
1296.805
1290.347
1294.818
1283.552
1288.080
1287.972
1285.540
1286.172
1284.734
1283.417
1283.376
1278.924
1278.924
1277.588
1246.855
1235.674
1239.482
1250.427
1240.774
1235.509
1235.509
1228.912
1218.034
1218.523
1206.606
1196.840
1195.713
1198.211
1198.211
1199.093
1201.830
1210.670
1212.993
1211.983
1210.463
1223.316
1216.439
1217.058
1217.540
1226.563
1212.802
1221.975
1215.892
1213.398
1219.280
1214.901
1231.128
1230.863
1223.997
1223.995
1220.343
1219.959
1217.740
1301.298
1307.292
1300.798
1299.732
1296.212
1302.725
1302.137
1300.795
1305.150
1304.364
1297.297
1301.676
1302.176
1301.963
1301.957
1311.650
1304.149
1303.599
1307.776
1308.070
1302.963
1302.179
1292.571
1283.147
1251.026
1256.098
1256.098
1255.972
1256.549
1235.565
1230.307
1231.272
1237.267
1237.240
1237.060
1241.103
1242.554
1241.084
1168.088
1168.088
1167.781
1176.884
1183.990
1182.333
1185.015
1185.245
1218.524
1219.269
1225.643
1225.643
1226.731
1230.217
1230.149
1231.803
1223.644
1214.131
1233.024
1221.155
1226.646
1231.173
1229.310
1229.700
1232.314
1231.963
1230.174
1232.240
1221.640
1221.640
1221.640
1221.531
1225.417
1225.453
1204.321
1204.013
1204.013
1204.013
1199.273
1208.767
1216.479
1221.939
1221.915
1221.751
1219.292
1233.518
1235.199
1235.922
1228.496
1223.830
1222.618
1227.661
1227.661
1231.396
1231.395
1218.960
1218.071
1225.521
1231.385
1236.529
1241.485
1238.024
1235.921
1235.958
1247.669
1245.069
1246.687
1239.606
1232.087
1229.966
1224.930
1224.930
1223.191
1222.834
1222.834
1221.551
1222.115
1205.348
1212.159
1213.220
1205.066
1204.362
1197.636
1209.292
1220.766
1220.552
1218.412
1217.813
1225.782
1213.458
1214.636
1215.619
1216.783
1217.359
1216.655
1218.573
1212.276
1212.922
1300.000
1321.963
1319.597
1319.645
1306.875
1309.523
1309.523
1301.548
1298.815
1277.942
1280.120
1282.254
1271.924
1272.120
1275.765
1260.986
1225.410
1221.435
1222.491
1216.056
1217.831
1218.283
1217.203
1217.052
1217.103
1218.261
1316.641
1319.585
1343.496
1343.475
1346.680
1349.801
1350.797
1351.696
1350.929
1365.605
1365.859
1372.064
1375.691
1365.133
1371.870
1367.074
1365.968
1359.467
1344.209
1346.354
1347.063
1345.360
1343.890
1354.666
1354.279
1350.168
1353.095
1349.623
1349.488
1338.323
1334.015
1333.304
1322.869
1318.418
1306.260
1311.492
1300.993
1291.567
1282.084
1273.860
1289.788
1289.191
1289.191
1284.184
1280.209
1278.757
1253.585
1254.016
1250.609
1252.890
1255.265
1270.097
1268.371
1275.005
1275.005
1274.825
1274.825
1288.881
1291.546
1292.257
1292.257
1338.367
1325.159
1325.571
1327.353
1326.833
1326.847
1333.452
1333.452
1272.298
1271.199
1271.199
1275.195
1277.625
1282.027
1288.865
1286.613
1285.443
1286.910
1286.953
1282.037
1282.173
1282.912
1286.204
1296.121
1296.121
1296.121
1294.871
1293.686
1293.230
1293.230
1293.142
1295.074
1294.629
1294.162
1292.185
1292.274
1292.169
1293.230
1294.920
1295.968
1302.907
1302.602
1306.148
1303.786
1267.839

Error results for SA4
---------------------------
1164.596
1162.674
1169.489
1169.867
1173.466
1175.094
1166.873
1163.306
1156.607
1149.234
1146.262
1162.509
1130.748
1131.731
1133.809
1133.809
1134.319
1141.314
1141.314
1142.863
1138.362
1144.804
1140.954
1139.233
1138.282
1119.466
1119.013
1128.992
1127.507
1124.431
1126.723
1124.130
1124.020
1124.094
1124.159
1124.159
1126.087
1113.961
1120.923
1121.599
1121.279
1119.678
1119.604
1119.918
1106.414
1101.809
1103.407
1110.318
1130.431
1138.393
1138.393
1137.182
1137.639
1139.268
1148.256
1148.293
1152.891
1152.891
1144.997
1144.894
1152.692
1153.021
1152.955
1184.669
1182.835
1176.522
1177.654
1210.324
1210.324
1225.509
1224.799
1227.924
1227.924
1203.015
1216.442
1201.171
1208.426
1203.281
1208.459
1208.955
1207.213
1207.286
1206.110
1167.257
1064.737
1068.940
1065.154
1063.026
1056.952
1056.376
1066.233
1066.233
1041.240
1045.965
1066.769
1066.930
1084.853
1084.853
1082.025
1081.003
1081.544
1078.696
1069.041
1069.078
1069.344
1070.088
1064.463
1072.609
1070.916
1067.995
1068.611
1059.043
1059.318
1069.755
1071.751
1072.109
1071.940
1081.406
1078.515
1084.786
1084.135
1073.805
1074.142
1081.085
1082.316
1078.993
1076.014
1079.605
1080.045
1079.154
1079.154
1077.737
1078.896
1074.431
1074.431
1070.300
1042.942
1045.066
1045.463
1046.275
1044.309
1043.959
1037.964
1037.515
1045.096
1045.294
1050.190
1048.674
1044.949
1039.269
1039.329
1040.079
1040.049
1043.844
1044.379
1045.158
1044.218
1047.752
1045.428
1039.861
1040.534
1034.444
1028.062
1028.710
1028.776
1027.879
1028.044
1028.095
1005.840
997.701
992.852
995.622
995.364
996.103
997.058
1003.248
1007.010
1006.781
1007.227
1007.205
1006.456
1006.427
1006.099
1008.849
999.119
999.570
998.538
1002.950
1003.049
1003.780
1018.820
1018.738
1015.671
1016.055
1009.756
1009.847
1011.173
1010.788
1010.065
1004.763
1008.823
1010.971
1008.946
1011.020
1001.508
1001.445
1001.251
1013.329
1013.784
1010.123
1005.512
1005.492
999.545
1000.891
1000.543
1009.856
1010.577
1009.141
1014.986
1014.830
1020.971
1023.003
1021.137
1024.524
1027.577
1027.589
1026.686
1026.784
1027.968
1027.295
1026.589
1024.257
1022.348
1020.395
1017.754
1017.748
1015.171
1017.195
1017.752
1017.992
1007.202
1021.106
1021.324
1026.713
1007.509
1005.745
1005.704
1005.453
1004.983
1001.081
1002.338
1002.417
1002.961
1000.047
1000.047
999.723
999.690
1005.221
1005.215
1004.454
1002.901
1001.400
1015.205
1015.552
1015.379
1013.430
1015.096
1013.537
1015.450
1014.720
1022.872
1022.872
1022.842
1020.899
1029.447
1031.185
1031.348
1031.087
1031.542
1021.832
1021.832
1019.596
1025.042
1046.833
1048.317
1047.165
1045.520
1045.461
1045.461
1056.342
1056.342
1060.262
1061.365
1063.961
1063.585
1070.421
1061.899
1063.185
1063.239
1069.292
1075.107
1072.508
1071.724
1071.725
1071.418
1070.732
1057.744
1057.832
1057.114
1057.300
1063.183
1061.891
1047.084
1048.363
1052.137
1057.314
1059.663
1064.374
1064.830
1064.759
1062.161
1062.103
1063.058
1062.158
1062.185
1062.087
1060.694
1066.699
1066.201
1066.009
1081.134
1087.931
1096.292
1099.052
1093.700
1094.172
1091.127
1108.415
1108.415
1110.208
1110.925
1111.237
1110.873
1101.869
1101.561
1109.931
1109.931
1108.426
1107.530
1108.525
1153.527
1153.679
1155.255
1161.823
1150.893
1152.446
1151.211
1143.168
1151.427
1150.809
1150.521
1150.054
1144.048
1153.465
1151.135
1151.135
1148.373
1146.843
1146.843
1149.257
1145.151
1146.561
1166.237
1172.126
1166.462
1162.388
1160.157
1137.307
1127.007
1130.548
1130.477
1131.388
1132.723
1138.970
1155.225
1143.564
1135.424
1138.959
1150.041
1138.495
1139.225
1139.245
1137.399
1137.483
1181.219
1181.219
1181.207
1202.822
1202.822
1195.616
1199.050
1198.916
1199.833
1207.796
1207.944
1191.825
1192.986
1194.630
1199.888
1192.604
1196.829
1195.396
1210.642
1180.072
1179.766
1165.941
1141.413
1141.993
1130.305
1134.658
1136.186
1120.863
1120.863
1116.870
1111.201
1120.775
1125.204
1128.015
1128.260
1126.897
1126.853
1126.270
1123.867
1126.027
1134.404
1134.404
1108.391
1108.809
1107.465
1110.441
1105.418
1114.275
1103.826
1102.676
1102.648
1102.648
1071.201
1071.743
1070.825
1068.421
1061.481
1056.518
1056.156
1060.281
1051.161
1060.845
1070.658
1037.511
1040.991
1041.593
1041.504
1041.480
1034.124
1055.306
1052.383
1052.383
1060.313
1060.313
1047.251
1049.347
1050.420
1050.354
1053.620
1055.072
1067.813
1057.133
1058.407
1059.366
1058.753
1062.845
1049.893
1047.698
1048.084
1054.042
1056.316
1056.042
1056.166
1051.699
1051.665
1047.728
1047.684
1047.585
1063.585
1081.135
1089.384
1080.463
1080.237
1084.577
1083.526
1083.526

Error results for SA5
---------------------------
943.797
948.701
949.455
951.824
950.373
950.586
950.133
950.427
950.647
950.647
949.375
966.156
966.093
975.313
982.100
993.683
992.963
992.333
962.683
962.067
963.394
963.358
963.800
961.464
963.653
964.363
966.813
967.794
967.530
967.530
967.857
967.857
968.265
967.750
966.850
966.193
966.193
965.282
965.810
961.062
962.780
958.710
959.110
959.097
960.634
962.675
962.675
962.460
954.671
953.738
950.307
953.027
957.839
967.667
983.086
983.086
976.933
976.299
977.993
977.467
977.936
977.745
976.294
976.652
978.044
978.474
980.840
980.840
982.945
981.563
981.614
980.194
981.652
979.935
980.202
958.648
956.302
957.989
955.416
974.290
975.146
975.629
985.479
985.479
985.479
985.479
984.180
985.510
987.476
985.543
985.638
985.580
985.498
985.560
984.214
984.994
984.026
985.123
985.639
985.841
985.923
954.551
964.971
968.637
967.512
958.175
957.983
960.012
956.349
952.635
952.213
953.738
954.296
955.810
956.464
956.065
956.069
951.360
951.360
951.841
953.957
954.921
946.547
950.757
952.848
951.650
952.205
952.199
952.303
952.858
951.661
952.101
954.700
956.330
953.787
954.195
929.427
941.325
943.816
940.484
943.219
945.834
947.938
948.677
948.738
963.201
966.574
969.689
969.689
969.150
968.304
971.146
985.281
973.455
974.654
974.956
972.546
974.812
976.668
968.649
968.437
968.691
968.001
964.888
964.928
967.062
967.400
967.426
966.546
956.486
956.777
953.779
953.750
953.750
952.925
952.859
979.504
979.387
978.933
978.171
980.025
982.630
981.929
978.743
973.632
972.370
971.952
979.224
978.625
978.762
978.746
976.099
975.885
972.756
973.228
973.673
970.092
970.160
969.650
969.662
969.662
965.999
970.251
971.269
971.578
971.578
972.564
964.288
964.338
962.904
961.916
961.094
961.094
962.094
962.181
961.577
961.775
959.945
970.163
975.329
975.573
975.867
976.557
976.747
962.639
966.380
966.720
952.921
952.016
951.917
955.225
952.992
950.697
951.107
969.687
970.674
971.653
968.770
963.282
963.556
962.412
969.298
983.539
983.855
984.278
984.223
983.754
986.378
985.398
982.141
1012.420
1015.369
1015.056
1013.500
1012.227
1012.296
1012.079
1011.417
1011.417
1012.201
1011.086
1010.691
1014.623
1014.768
1023.136
1022.511
1023.734
1023.376
1029.365
1039.762
1037.668
1036.992
1036.588
1036.960
1036.922
1054.454
1054.170
1053.952
1051.676
1049.983
1045.660
1045.706
1047.892
1048.674
1036.704
1037.166
1035.437
1035.207
1022.521
1032.644
1038.094
1035.879
1036.429
1026.883
1028.174
1036.329
1036.266
1035.011
1036.740
1034.942
1032.611
1025.719
1032.347
1032.210
1025.581
1025.615
1025.410
1026.202
1026.343
1034.558
1031.283
1031.880
1033.535
1035.493
1036.221
1030.418
1017.687
1017.378
1019.082
1020.200
1021.289
1021.881
1027.775
1027.229
1027.257
1026.070
1023.256
1018.762
1019.759
1027.623
1027.623
1065.984
1071.906
1066.521
1064.737
1062.576
1059.028
1062.094
1069.719
1069.719
1066.566
1062.847
1061.526
1061.710
1061.922
1061.481
1061.633
1063.289
1059.114
1057.739
1059.191
1054.870
1050.814
1049.769
1048.524
1048.536
1048.530
1043.411
1046.815
1037.131
1038.031
1038.744
1040.376
1040.376
1042.797
1044.476
1044.475
1042.102
1043.687
1041.742
1040.812
1040.812
1040.215
1039.173
1044.807
1045.788
1057.745
1057.751
1057.755
1056.878
1049.462
1054.057
1053.303
1055.740
1055.740
1056.361
1056.793
1057.356
1057.973
1057.326
1056.807
1056.958
1058.694
1054.904
1055.763
1055.760
1055.705
1055.141
1056.169
1058.798
1044.271
1043.758
1044.459
1044.231
1039.034
1037.280
1058.147
1038.187
1036.455
1035.774
1037.178
1037.178
1035.705
1035.705
1045.614
1042.050
1047.019
1044.609
1050.642
1047.304
1048.240
1054.239
1054.070
1057.580
1057.362
1061.554
1061.488
1061.715
1061.329
1059.271
1065.399
1065.399
1062.716
1062.411
1062.329
1052.115
1052.246
1052.728
1052.777
1050.881
1051.155
1050.278
1056.201
1056.052
1056.183
1053.818
1040.723
1041.271
1035.059
1035.063
1033.578
1032.434
1031.658
1034.269
1034.269
1032.607
1032.463
1035.783
1035.803
1044.921
1052.253
1052.345
1052.112
1052.207
1052.201
1051.305
1052.149
1056.379
1056.379
1056.808
1056.710
1055.545
1055.724
1059.970
1057.632
1057.629
1056.765
1057.642
1070.912
1070.608
1065.002
1057.469
1055.064
1053.053
1052.368
1062.959
1063.893
1063.893
1064.090
1063.049
1062.210
1062.210
1061.912
1063.077
1056.709
1064.027
1064.071
1064.024
1064.734
1075.108

Error results for SA6
---------------------------
1009.971
1009.971
1012.837
1012.837
1018.054
1011.707
1019.315
1019.417
1026.497
1026.622
1029.263
1031.890
1004.713
1002.479
1001.616
1009.534
1009.362
1011.998
1009.854
987.549
1006.721
1007.868
1007.868
1008.150
1015.654
996.935
996.891
996.626
1004.718
1002.186
987.117
984.022
983.163
992.395
992.395
989.462
990.008
989.392
988.192
1005.507
1005.130
1000.216
1014.173
1014.123
1013.113
1013.113
1011.916
1012.419
1050.910
1052.035
1051.389
1062.273
1062.258
1048.219
1078.794
1100.143
1082.402
1083.382
1080.116
1083.697
1095.456
1094.742
1089.528
1090.586
1104.614
1105.607
1104.843
1110.253
1106.759
1105.506
1109.311
1110.179
1106.806
1106.787
1108.588
1109.542
1116.295
1111.224
1131.784
1131.936
1120.293
1132.422
1149.409
1117.504
1121.815
1140.450
1143.688
1143.805
1141.515
1146.479
1146.691
1170.663
1167.205
1224.345
1224.403
1197.936
1196.189
1194.763
1194.140
1205.100
1199.327
1199.327
1196.711
1190.961
1184.206
1225.756
1232.795
1231.009
1226.090
1225.936
1226.044
1238.558
1249.320
1170.304
1175.289
1192.839
1192.831
1192.831
1179.519
1179.519
1186.799
1185.855
1172.580
1172.916
1160.883
1161.434
1157.483
1175.786
1169.213
1168.988
1212.335
1212.144
1198.980
1199.767
1181.049
1179.022
1177.948
1179.185
1180.599
1180.370
1171.777
1171.178
1169.471
1165.385
1169.833
1180.414
1179.669
1175.999
1174.597
1168.700
1163.573
1157.191
1151.894
1151.889
1152.445
1152.488
1142.409
1143.545
1156.164
1156.164
1155.987
1136.884
1131.815
1130.912
1130.988
1129.381
1131.518
1093.162
1093.064
1093.064
1092.287
1096.496
1096.014
1099.650
1099.273
1098.953
1095.643
1096.771
1100.139
1099.271
1097.329
1116.274
1115.409
1115.409
1114.998
1112.977
1081.172
1079.387
1078.785
1079.704
1073.485
1068.063
1068.266
1067.094
1066.764
1076.915
1076.841
1074.670
1074.473
1069.073
1068.642
1058.720
1072.691
1065.831
1066.116
1040.403
1039.215
1038.234
1013.687
1014.821
1015.021
1014.684
1012.373
1013.234
1013.449
1017.275
1016.331
1019.183
1019.150
1017.494
1017.385
1017.591
1034.515
1049.974
1045.884
1044.739
1045.313
1039.481
1041.515
1014.625
1014.784
1013.103
1015.043
1006.184
1009.547
1020.021
1017.177
1010.629
1010.629
1009.240
1009.408
1011.587
1011.526
1011.526
993.523
993.548
992.764
991.633
990.226
991.140
991.140
990.947
1002.893
1007.873
1014.493
1015.350
1034.380
1034.321
1034.322
1038.087
1030.649
1021.492
1020.919
1019.625
1026.498
1031.385
1043.526
1043.684
1043.260
1043.260
1041.788
1037.734
1027.184
1027.626
1032.333
1032.333
1024.677
1021.405
1038.481
1038.676
1027.857
1027.857
1034.479
1004.409
1007.913
1002.899
1006.643
1006.713
1006.945
1004.340
1004.183
991.370
1009.628
1010.876
1009.212
1010.192
984.824
968.049
967.663
955.095
955.355
969.690
955.395
949.493
949.239
947.051
946.786
949.889
948.380
944.494
942.523
939.710
938.131
940.193
940.015
938.946
938.946
939.379
940.246
940.246
928.849
928.931
923.062
918.589
918.589
915.976
915.275
916.087
950.436
947.809
948.610
953.676
955.049
966.269
966.269
968.196
968.149
968.060
1003.044
1001.417
1001.476
1007.455
1009.293
1007.613
1007.738
1004.077
1004.041
984.320
1002.682
1005.979
1014.321
1014.258
1013.749
1016.369
1027.281
1024.042
1023.228
1022.677
1023.676
995.005
994.702
1005.873
1009.291
1018.406
1014.914
1016.017
1015.582
1002.654
987.484
977.034
968.143
964.204
962.626
962.654
958.245
958.245
946.371
950.022
947.847
959.906
964.603
965.458
965.458
959.594
960.226
960.182
964.480
965.520
966.286
977.025
977.588
977.450
976.959
969.602
967.379
967.373
962.052
958.878
969.491
974.397
974.397
975.855
975.855
970.866
985.500
986.343
997.180
1009.546
1017.718
1029.589
1035.259
1030.184
1025.146
1029.343
1030.462
1031.581
1001.959
998.002
1008.689
1008.437
1014.993
1012.493
1016.216
963.228
958.611
958.447
961.001
954.576
951.372
945.407
944.511
976.755
976.755
976.281
976.281
975.809
1008.560
1010.210
1010.210
1010.933
1010.748
1015.452
1014.581
1017.575
1001.089
999.002
996.427
996.427
992.744
992.895
993.640
993.274
990.081
974.053
970.446
965.128
981.344
979.895
979.895
979.433
978.112
977.600
984.964
995.611
997.977
1000.578
1002.558
1034.002
1007.316
1009.366
1009.157
1008.210
1032.890
1036.368
1032.399
1029.346
1030.344
1022.735
988.365
990.044
985.216
987.734
987.010
983.633
981.773
981.392
983.060
990.501
990.922
995.113
977.226
979.809
980.491
978.178
978.738
978.790
978.794
978.069
978.665
980.696

Error results for SA7
---------------------------
1016.543
1029.383
1028.275
1026.267
1024.357
1031.966
1018.048
1022.208
1018.262
1022.613
1022.782
1022.780
1020.617
1009.509
1009.509
1009.509
1007.065
1009.055
1003.312
1001.075
1008.213
1012.613
1013.471
1009.465
1008.857
1008.062
992.306
992.334
990.992
990.808
974.207
975.907
975.347
963.323
963.052
963.052
969.591
968.508
960.214
949.400
944.195
944.372
945.825
932.445
933.084
934.774
934.271
934.398
937.334
934.991
935.056
931.819
931.530
951.130
949.464
945.439
942.893
943.576
947.365
949.728
950.270
952.732
953.814
959.732
953.281
953.663
958.492
958.354
963.743
965.172
967.186
966.616
967.867
966.953
966.777
969.602
963.596
964.700
964.752
956.857
951.685
951.828
952.327
942.303
942.717
942.301
945.751
945.779
945.691
945.536
945.580
946.775
946.747
951.713
951.779
951.941
947.935
959.158
959.174
959.897
959.992
969.618
969.618
966.296
964.238
963.944
963.839
963.840
963.840
960.973
959.295
959.888
956.909
959.479
958.427
955.596
967.598
966.326
967.072
961.961
959.501
960.744
970.860
971.698
971.888
963.720
967.733
967.842
967.458
967.482
931.472
933.303
933.554
934.943
939.671
930.826
937.073
938.683
925.817
926.461
926.644
926.470
930.423
930.904
932.383
934.657
934.657
936.423
936.913
936.913
937.519
938.131
938.683
938.185
954.238
937.750
909.370
901.983
902.165
903.461
920.265
920.172
931.738
935.009
930.957
930.932
931.328
932.654
932.657
932.657
941.694
941.735
941.719
941.534
941.523
939.498
939.516
939.516
937.110
936.336
940.909
940.909
942.183
942.183
946.571
944.364
940.576
946.956
947.256
947.225
947.847
948.364
948.400
962.566
961.213
962.189
966.062
970.028
967.579
968.139
959.844
952.990
944.841
945.209
945.610
945.953
945.508
943.096
943.096
943.096
942.212
942.328
942.124
942.298
945.003
940.098
946.971
946.542
951.348
955.746
955.952
955.952
960.320
960.742
962.070
953.980
966.441
980.154
980.154
979.538
979.717
979.245
979.562
979.343
980.158
979.668
986.881
989.960
990.270
990.255
998.557
999.451
999.140
995.474
998.371
1000.069
996.454
1008.235
1008.235
1008.144
1008.530
1007.166
1023.912
1023.197
1016.873
1016.933
1016.849
1017.266
1020.934
1014.483
1018.663
1018.600
1018.600
1018.444
1018.501
1047.503
1040.928
1041.236
1044.756
1045.809
1045.798
1045.822
1049.276
1051.838
1053.154
1053.599
1056.424
1056.743
1045.499
1046.852
1047.230
1046.482
1046.168
1046.398
1048.650
1048.650
1047.189
1048.373
1049.358
1047.134
1041.956
1041.956
1055.700
1057.868
1057.152
1056.577
1058.247
1051.740
1057.737
1062.325
1060.886
1060.300
1063.015
1061.378
1061.378
1068.343
1066.987
1059.387
1068.782
1065.389
1065.486
1061.295
1060.365
1050.101
1053.812
1053.876
1067.513
1070.123
1070.135
1070.245
1077.860
1081.868
1080.573
1083.108
1085.075
1082.773
1081.799
1082.129
1082.016
1082.798
1079.113
1071.046
1071.046
1070.811
1064.379
1064.909
1064.789
1069.143
1058.621
1056.121
1049.116
1049.396
1049.396
1055.357
1053.419
1053.646
1052.101
1049.809
1056.174
1056.796
1056.905
1058.622
1049.753
1030.037
1022.869
1025.569
1030.754
1030.405
1029.639
1027.538
1026.308
1024.055
1023.672
1031.493
1027.060
1020.610
1014.200
1014.162
1014.194
1014.393
1014.300
1014.399
1014.802
1014.109
1012.540
1008.898
994.698
994.705
992.659
992.273
984.325
984.390
984.524
983.022
983.372
982.993
985.569
987.496
987.496
985.883
986.341
993.030
993.516
993.414
993.247
993.286
988.166
988.166
987.036
977.799
969.278
973.721
965.831
963.978
956.146
953.686
953.321
958.377
959.337
959.317
957.754
954.865
954.679
955.820
956.323
957.998
967.354
962.199
959.292
959.290
959.648
959.648
961.391
972.249
974.737
970.688
969.464
969.303
968.896
976.011
967.120
965.175
965.242
974.107
973.484
973.874
973.618
975.428
975.075
975.352
979.003
979.032
974.819
974.949
974.612
973.118
972.439
972.439
975.231
974.723
974.723
974.612
1068.905
1069.352
1079.706
1068.578
1069.753
1069.492
1062.454
1062.454
1079.634
1079.571
1078.717
1083.379
1083.450
1082.845
1079.072
1057.917
1060.868
1063.587
1063.587
1063.178
1062.327
1062.327
1062.486
1059.638
1062.608
1056.387
1066.787
1074.588
1081.462
1070.167
1075.109
1075.602
1075.546
1075.454
1064.588
1057.417
1056.636
1058.706
1058.239
1059.390
1058.273
1058.795
1061.934
1059.764
1059.695
1060.476
1069.924
1069.901

Error results for SA8
---------------------------
963.625
961.904
961.515
961.798
960.976
970.314
977.989
983.665
983.812
983.801
983.661
993.464
993.350
991.905
997.182
998.596
998.144
998.144
998.381
1005.667
1005.679
1005.188
1005.270
1005.784
1006.555
1006.532
1015.211
1017.764
1013.526
1013.874
1015.296
1012.246
1007.048
1012.842
1010.576
1005.348
1005.029
1005.411
1005.517
1004.706
1005.193
1007.009
1007.825
1007.217
1008.020
1008.342
1008.060
1014.219
1020.281
1020.598
1020.621
1022.831
1022.799
1021.070
1013.437
1013.309
1009.608
1009.418
1009.419
1007.153
1005.525
999.629
990.555
990.773
979.818
979.528
979.545
981.030
981.069
981.523
981.409
978.348
978.534
973.292
973.329
972.303
972.097
971.215
969.313
969.313
967.903
971.625
971.603
972.456
976.701
974.080
974.409
974.769
974.780
974.789
975.803
979.444
977.059
976.732
974.811
980.272
980.533
979.597
980.548
991.505
991.296
991.312
979.172
981.850
981.355
982.490
985.807
985.833
985.052
989.786
989.806
989.818
989.820
989.645
1008.187
997.654
997.627
1003.133
1002.686
1002.741
1002.737
997.851
998.281
997.387
996.533
996.573
998.775
1001.251
1001.833
1001.833
1001.315
996.708
996.959
995.518
990.354
990.527
990.527
989.084
981.020
979.633
994.466
1009.326
1012.361
1012.349
1012.349
1015.405
1015.888
1016.280
1015.386
1012.081
1010.355
1008.799
1008.845
1017.594
1023.515
1024.135
1010.042
1010.834
1020.148
1022.868
1022.943
1022.943
1023.633
1023.413
1023.410
1024.561
1029.068
1029.295
1028.809
1028.909
1028.544
1027.699
1024.140
1022.518
1019.377
1017.407
1017.671
1018.084
1018.072
1019.088
1019.217
1014.697
1015.902
1012.494
1010.215
1012.479
1012.008
1010.467
1036.705
1036.946
1005.225
961.096
957.797
954.112
951.690
952.292
952.630
954.183
955.408
955.857
955.907
955.898
958.996
959.750
959.741
962.896
962.548
962.201
971.460
970.476
970.446
970.675
973.645
974.411
959.242
962.713
965.663
965.143
964.004
961.333
955.362
956.648
957.789
954.299
953.239
946.386
945.510
942.468
974.452
970.692
970.931
972.426
969.838
973.877
971.665
971.665
967.368
968.730
971.320
963.702
963.702
966.103
967.099
958.484
968.041
968.041
975.642
984.249
983.568
1007.702
1005.576
1007.233
1007.604
1016.854
1019.221
1019.799
1021.553
1031.495
1031.360
1038.134
1038.226
1035.720
1034.766
1030.466
1029.758
1043.278
1043.333
1041.652
1043.386
1042.428
1041.820
1042.227
1041.243
1037.651
1038.628
1035.632
1035.719
1036.635
1029.911
1030.214
1030.214
1028.765
1032.790
1033.157
1033.702
1037.272
1023.237
1040.847
1050.197
1051.687
1051.939
1056.873
1061.410
1058.404
1056.065
1056.563
1056.201
1055.662
1052.835
1051.171
1045.279
1046.147
1046.147
1048.790
1047.955
1048.003
1048.164
1048.207
1047.443
1046.569
1061.089
1061.527
1061.147
1046.546
1059.439
1058.167
1059.887
1063.194
1063.373
1062.696
1062.530
1060.200
1061.042
1059.370
1061.760
1061.336
1062.981
1073.490
1072.869
1059.075
1059.266
1059.243
1056.388
1056.403
1056.403
1055.535
1048.245
1046.009
1048.204
1046.234
1048.983
1049.360
1049.557
1049.453
1052.296
1052.419
1051.452
1047.702
1046.580
1047.421
1048.502
1047.916
1047.599
1047.697
1044.837
1049.698
1049.925
1060.649
1058.497
1057.879
1056.850
1054.728
1059.573
1058.965
1060.241
1054.590
1055.857
1055.857
1058.904
1061.136
1060.652
1060.988
1063.837
1064.829
1056.145
1054.384
1051.996
1051.750
1057.738
1057.691
1062.523
1064.260
1063.890
1063.991
1081.373
1077.326
1076.275
1083.414
1084.223
1082.885
1082.885
1082.943
1082.943
1070.295
1070.756
1070.756
1070.756
1071.203
1070.516
1065.646
1065.055
1067.631
1056.100
1056.010
1056.266
1056.249
1057.089
1058.366
1059.144
1078.050
1085.230
1086.099
1088.298
1088.614
1073.547
1073.574
1073.618
1071.990
1077.967
1078.185
1082.522
1084.016
1086.522
1091.743
1094.449
1095.644
1095.464
1086.065
1084.876
1085.301
1088.963
1088.004
1074.720
1074.869
1076.234
1078.856
1081.852
1091.490
1093.686
1095.399
1126.732
1127.884
1121.826
1122.191
1126.917
1127.109
1122.465
1122.446
1127.164
1128.863
1128.737
1137.020
1134.598
1135.593
1135.531
1135.767
1135.444
1135.444
1133.958
1134.612
1116.779
1116.259
1112.623
1110.679
1111.112
1110.091
1103.795
1105.582
1105.002
1104.633
1104.846
1099.845
1098.728
1083.174
1082.751
1078.236
1078.248
1066.108
1065.653
1065.653
1061.917
1060.856
1065.118
1071.498
1070.749
1073.786
1073.630
1073.752
1074.585
1074.583
1073.304
1072.553
1070.820
1069.009
1066.888
1062.411
1062.448
1059.193
1060.014
1060.017

Error results for SA9
---------------------------
1129.547
1114.826
1115.770
1121.520
1120.726
1120.726
1119.676
1114.957
1114.289
1115.242
1114.307
1116.279
1116.279
1116.139
1115.317
1112.306
1114.083
1114.135
1113.844
1114.739
1095.855
1095.843
1099.230
1098.005
1094.175
1093.330
1093.372
1092.394
1096.423
1098.819
1096.475
1106.899
1109.006
1106.586
1103.533
1104.132
1104.132
1101.706
1105.526
1105.491
1101.724
1102.817
1103.976
1101.113
1099.245
1084.006
1084.091
1084.296
1082.664
1079.593
1083.498
1079.562
1077.700
1077.773
1050.441
1046.265
1049.009
1045.803
1046.697
1049.140
1020.507
1020.074
1017.393
1007.708
1005.517
1011.554
1050.493
1044.804
1044.092
1044.343
1042.704
1039.677
1039.193
1041.234
1040.215
1042.201
1042.942
1044.427
1047.145
1044.541
1044.541
1050.387
1050.387
1050.119
1047.035
1046.825
1047.365
1051.703
1052.561
1044.343
1044.682
1044.422
1015.308
1015.275
1014.554
1013.074
1013.142
1012.538
1013.107
1013.371
1016.045
1016.650
1018.332
1018.482
1018.061
1017.818
1015.528
1017.981
1018.174
1012.224
1010.649
1015.478
1013.483
1012.808
1012.154
1012.823
1011.569
1011.488
1011.542
1013.121
1008.325
986.638
977.896
977.907
981.538
981.530
1010.375
1007.863
1007.863
1007.863
1006.656
1007.991
1021.426
1019.978
1018.879
1023.214
1023.463
1067.353
1067.229
1065.036
1065.022
1063.654
1060.831
1071.133
1070.586
1080.029
1084.356
1076.203
1063.835
1063.835
1063.835
1054.798
1060.277
1050.009
1059.187
1066.313
1066.396
1066.853
1044.777
1039.706
1037.733
1037.700
1042.985
1056.000
1055.200
1055.727
1056.339
1056.339
1052.411
1044.021
1043.909
1044.472
961.460
961.200
961.224
975.133
980.679
980.470
975.611
975.611
978.300
993.427
994.223
994.182
994.147
994.169
1003.868
1001.092
986.115
984.986
974.869
975.598
975.425
977.989
976.841
973.839
978.247
975.816
999.948
1000.273
993.820
989.935
972.457
972.590
971.726
970.282
964.645
964.645
964.226
961.319
961.319
964.020
967.116
967.166
967.044
965.431
957.060
960.078
960.004
959.995
955.448
956.427
956.107
956.107
956.919
954.345
951.255
952.001
949.476
948.378
944.657
952.950
948.895
948.728
948.152
964.936
981.326
982.723
984.776
988.142
995.581
995.576
996.169
997.729
997.367
998.721
998.040
998.858
992.668
998.419
1001.980
1006.093
1006.124
1009.579
1005.713
1002.746
1000.109
1000.781
1003.204
1003.167
1008.855
1004.755
1004.202
1006.426
1003.592
996.617
995.231
995.084
997.009
1000.897
1000.897
1009.345
1020.071
1002.921
1003.136
1002.770
1046.042
1045.673
1045.628
1040.205
1041.171
1041.224
1038.916
1041.894
1041.749
1041.590
1057.579
1055.234
1069.319
1084.533
1094.036
1096.270
1093.911
1093.911
1093.855
1087.181
1086.384
1087.242
1086.787
1087.676
1087.827
1087.991
1086.615
1094.444
1084.532
1087.548
1087.607
1112.875
1090.329
1095.490
1093.835
1092.053
1092.053
1091.782
1091.782
1094.804
1112.821
1110.764
1109.218
1111.794
1097.776
1100.639
1102.442
1103.991
1104.420
1110.874
1092.178
1092.149
1094.219
1104.683
1108.830
1108.830
1109.267
1108.507
1105.226
1105.226
1130.548
1130.791
1126.425
1116.829
1093.223
1089.658
1089.465
1099.883
1099.166
1099.166
1081.446
1082.619
1080.484
1082.551
1082.551
1082.813
1082.572
1085.815
1088.952
1088.952
1092.847
1092.938
1092.984
1093.265
1093.268
1093.303
1093.231
1158.079
1162.727
1162.375
1168.062
1168.827
1169.167
1169.414
1149.774
1149.263
1152.829
1159.652
1163.643
1163.490
1165.117
1166.618
1119.105
1115.505
1115.505
1118.178
1116.508
1115.290
1114.799
1131.594
1131.594
1136.518
1123.924
1139.350
1139.699
1140.288
1138.141
1132.451
1132.282
1123.546
1125.513
1127.181
1127.181
1126.778
1131.457
1137.655
1136.821
1136.821
1138.372
1158.152
1145.739
1144.651
1147.240
1147.240
1148.190
1133.913
1134.540
1135.475
1146.471
1146.340
1144.654
1146.687
1145.090
1144.987
1143.039
1143.227
1154.671
1153.041
1152.898
1155.735
1157.932
1162.201
1162.331
1154.312
1157.892
1158.036
1147.274
1148.439
1149.234
1148.187
1151.585
1153.165
1154.289
1157.603
1168.235
1161.360
1160.087
1157.486
1169.923
1170.059
1170.098
1174.594
1179.974
1180.811
1182.150
1176.231
1176.395
1141.784
1165.000
1166.426
1169.820
1169.794
1170.726
1166.591
1165.869
1160.180
1160.180
1159.097
1159.097
1160.111
1172.341
1162.989
1162.989
1162.585
1183.623
1178.283
1170.413
1171.070
1174.591
1174.434
1188.314
1184.598
1184.654
1184.285
1184.591
1184.591
1215.622
1216.339
1216.510
1216.510
1211.178
1209.437
1230.543
1230.585
1237.450
1233.767
1230.945
1231.741
1248.771
1247.557
1250.401
1256.399
1255.605
1267.490

Error results for SA10
---------------------------
1273.551
1273.551
1238.522
1238.018
1240.490
1239.523
1239.523
1236.706
1237.684
1237.755
1238.060
1226.425
1226.443
1216.379
1216.390
1219.359
1219.719
1219.674
1218.993
1223.797
1211.546
1244.346
1246.112
1260.525
1258.816
1257.710
1258.125
1258.849
1259.147
1261.032
1253.380
1255.587
1258.072
1259.130
1259.564
1259.564
1257.553
1264.500
1264.497
1261.790
1260.870
1268.115
1268.115
1287.089
1287.249
1278.563
1281.135
1284.812
1294.493
1295.418
1314.871
1314.871
1316.089
1306.697
1308.192
1299.809
1298.310
1297.923
1295.522
1297.778
1297.688
1319.159
1319.159
1322.301
1344.861
1348.967
1348.695
1349.973
1351.053
1354.571
1448.349
1432.462
1429.637
1425.034
1426.114
1425.514
1408.051
1408.009
1414.181
1414.542
1422.711
1419.559
1419.567
1420.127
1424.308
1414.302
1424.142
1430.987
1431.110
1409.853
1410.160
1411.798
1417.809
1435.409
1434.458
1434.458
1437.400
1443.568
1443.568
1446.843
1450.985
1457.059
1451.516
1427.643
1427.526
1427.785
1435.905
1430.687
1431.985
1431.919
1422.487
1416.050
1407.137
1404.438
1410.172
1410.172
1408.597
1406.847
1400.439
1401.155
1408.979
1408.989
1414.931
1411.259
1411.857
1417.626
1421.110
1419.124
1405.970
1409.768
1412.198
1413.502
1398.248
1420.977
1422.654
1419.431
1473.897
1473.337
1470.181
1467.515
1469.700
1467.066
1466.886
1491.005
1488.918
1484.667
1484.787
1464.770
1468.356
1454.076
1443.860
1447.619
1448.030
1449.588
1439.749
1439.512
1442.896
1442.743
1443.052
1443.052
1445.391
1453.636
1453.317
1456.716
1436.651
1435.668
1433.768
1431.481
1435.660
1438.978
1444.224
1443.765
1417.834
1416.029
1415.980
1428.134
1456.078
1564.195
1563.032
1563.239
1589.072
1585.931
1586.605
1586.605
1649.787
1649.876
1593.619
1593.155
1597.252
1595.741
1593.864
1592.901
1589.519
1607.385
1624.168
1624.282
1622.516
1622.516
1623.179
1623.611
1628.501
1611.251
1626.494
1632.759
1633.755
1633.691
1632.996
1633.275
1630.523
1627.152
1653.831
1653.999
1625.819
1628.757
1628.665
1617.534
1617.534
1615.232
1613.265
1665.085
1666.488
1667.164
1635.578
1642.829
1662.391
1653.665
1656.492
1656.749
1651.172
1650.932
1666.547
1666.547
1661.229
1651.489
1645.242
1645.363
1645.363
1629.145
1614.001
1618.695
1617.537
1612.775
1612.900
1613.203
1612.802
1609.293
1609.293
1608.551
1626.964
1636.173
1620.852
1606.302
1587.416
1588.058
1588.058
1587.562
1584.254
1587.373
1587.290
1583.985
1587.749
1580.101
1528.193
1528.193
1527.509
1528.844
1528.998
1526.358
1526.358
1544.328
1539.943
1539.562
1538.166
1543.000
1545.639
1533.240
1524.085
1543.341
1543.341
1532.007
1530.885
1520.371
1528.756
1547.232
1548.833
1546.669
1549.645
1545.243
1548.036
1554.313
1554.309
1562.966
1581.115
1569.815
1562.614
1562.492
1562.492
1561.316
1543.217
1540.554
1540.554
1567.495
1582.447
1584.385
1574.872
1580.056
1575.783
1579.601
1579.683
1577.994
1573.904
1576.754
1574.559
1564.799
1547.277
1548.314
1565.887
1554.640
1552.219
1554.124
1554.124
1555.694
1549.546
1538.674
1555.779
1550.627
1549.747
1555.244
1555.244
1555.734
1553.595
1561.390
1562.680
1558.137
1622.118
1615.950
1618.135
1608.901
1608.644
1610.423
1610.926
1611.517
1615.726
1614.234
1638.520
1669.962
1673.695
1678.346
1677.508
1682.288
1677.087
1677.831
1677.905
1681.333
1682.725
1688.934
1667.787
1675.015
1674.679
1671.931
1673.555
1681.708
1680.785
1672.605
1674.027
1678.625
1675.271
1675.106
1672.758
1674.151
1676.027
1676.434
1670.564
1670.775
1649.887
1649.887
1654.789
1657.928
1658.546
1645.680
1647.609
1645.247
1645.356
1642.133
1642.016
1640.260
1628.012
1632.367
1587.236
1587.314
1586.797
1585.499
1585.759
1585.885
1587.786
1591.824
1594.959
1595.873
1609.275
1579.699
1582.196
1582.196
1581.447
1575.370
1575.604
1575.727
1573.763
1573.763
1589.183
1584.627
1590.130
1591.246
1571.162
1544.551
1549.101
1546.311
1544.037
1543.572
1549.489
1545.134
1549.253
1551.128
1545.019
1544.638
1546.090
1555.986
1556.902
1557.835
1560.595
1560.681
1589.930
1582.218
1576.056
1565.112
1564.889
1565.941
1565.941
1598.324
1607.447
1607.121
1609.440
1612.660
1611.167
1611.109
1591.513
1577.918
1576.417
1577.001
1578.802
1577.623
1578.092
1571.422
1570.982
1570.982
1570.196
1571.594
1554.281
1559.598
1560.520
1562.093
1562.276
1559.588
1559.413
1561.068
1560.908
1562.673
1562.540
1562.539
1561.237
1560.724
1560.724
1560.269
1558.356
1556.805
1563.250
1574.467
1576.708
1596.853
1587.565
1588.778
1587.294
1585.765
1579.799
1573.405
1572.920
1557.655
1559.518
1559.026
1561.914
1561.914
1565.403
1566.000
1553.991
1560.486
1562.261
1561.531
1563.052
1562.325
1562.730
1562.623

--------------------------------------------
Results for SA1: 
--------------------------------------------
Correctly classified (TEST) 1562.0 instances.
Incorrectly classified (TEST) 1755.0 instances.
Percent correctly classified (TEST): 47.091%

Correctly classified (TRAIN)3640.0 instances.
Incorrectly classified (TRAIN) 4098.0 instances.
Percent correctly classified (TRAIN): 47.041%

Training time: 28.761 seconds
Testing time: 0.124 seconds

--------------------------------------------
Results for SA2: 
--------------------------------------------
Correctly classified (TEST) 1503.0 instances.
Incorrectly classified (TEST) 1814.0 instances.
Percent correctly classified (TEST): 45.312%

Correctly classified (TRAIN)3565.0 instances.
Incorrectly classified (TRAIN) 4173.0 instances.
Percent correctly classified (TRAIN): 46.071%

Training time: 33.557 seconds
Testing time: 0.066 seconds

--------------------------------------------
Results for SA3: 
--------------------------------------------
Correctly classified (TEST) 1621.0 instances.
Incorrectly classified (TEST) 1696.0 instances.
Percent correctly classified (TEST): 48.869%

Correctly classified (TRAIN)3730.0 instances.
Incorrectly classified (TRAIN) 4008.0 instances.
Percent correctly classified (TRAIN): 48.204%

Training time: 26.025 seconds
Testing time: 0.069 seconds

--------------------------------------------
Results for SA4: 
--------------------------------------------
Correctly classified (TEST) 1608.0 instances.
Incorrectly classified (TEST) 1709.0 instances.
Percent correctly classified (TEST): 48.478%

Correctly classified (TRAIN)3805.0 instances.
Incorrectly classified (TRAIN) 3933.0 instances.
Percent correctly classified (TRAIN): 49.173%

Training time: 25.895 seconds
Testing time: 0.108 seconds

--------------------------------------------
Results for SA5: 
--------------------------------------------
Correctly classified (TEST) 1781.0 instances.
Incorrectly classified (TEST) 1536.0 instances.
Percent correctly classified (TEST): 53.693%

Correctly classified (TRAIN)4258.0 instances.
Incorrectly classified (TRAIN) 3480.0 instances.
Percent correctly classified (TRAIN): 55.027%

Training time: 26.974 seconds
Testing time: 0.068 seconds

--------------------------------------------
Results for SA6: 
--------------------------------------------
Correctly classified (TEST) 1899.0 instances.
Incorrectly classified (TEST) 1418.0 instances.
Percent correctly classified (TEST): 57.251%

Correctly classified (TRAIN)4371.0 instances.
Incorrectly classified (TRAIN) 3367.0 instances.
Percent correctly classified (TRAIN): 56.487%

Training time: 24.731 seconds
Testing time: 0.061 seconds

--------------------------------------------
Results for SA7: 
--------------------------------------------
Correctly classified (TEST) 1623.0 instances.
Incorrectly classified (TEST) 1694.0 instances.
Percent correctly classified (TEST): 48.930%

Correctly classified (TRAIN)3724.0 instances.
Incorrectly classified (TRAIN) 4014.0 instances.
Percent correctly classified (TRAIN): 48.126%

Training time: 25.513 seconds
Testing time: 0.066 seconds

--------------------------------------------
Results for SA8: 
--------------------------------------------
Correctly classified (TEST) 1532.0 instances.
Incorrectly classified (TEST) 1785.0 instances.
Percent correctly classified (TEST): 46.186%

Correctly classified (TRAIN)3583.0 instances.
Incorrectly classified (TRAIN) 4155.0 instances.
Percent correctly classified (TRAIN): 46.304%

Training time: 24.672 seconds
Testing time: 0.066 seconds

--------------------------------------------
Results for SA9: 
--------------------------------------------
Correctly classified (TEST) 1764.0 instances.
Incorrectly classified (TEST) 1553.0 instances.
Percent correctly classified (TEST): 53.181%

Correctly classified (TRAIN)4174.0 instances.
Incorrectly classified (TRAIN) 3564.0 instances.
Percent correctly classified (TRAIN): 53.942%

Training time: 27.300 seconds
Testing time: 0.061 seconds

--------------------------------------------
Results for SA10: 
--------------------------------------------
Correctly classified (TEST) 1127.0 instances.
Incorrectly classified (TEST) 2190.0 instances.
Percent correctly classified (TEST): 33.976%

Correctly classified (TRAIN)2591.0 instances.
Incorrectly classified (TRAIN) 5147.0 instances.
Percent correctly classified (TRAIN): 33.484%

Training time: 24.687 seconds
Testing time: 0.061 seconds