Error results for SA1
---------------------------
932.963
932.337
936.836
945.342
933.031
932.560
933.716
932.851
933.191
934.844
935.408
953.585
955.085
960.166
961.285
962.087
962.664
962.452
965.316
964.823
966.297
961.208
965.473
965.458
964.192
977.948
967.910
969.152
967.303
975.859
971.271
967.799
973.217
974.529
973.854
977.229
977.307
977.105
975.855
967.011
967.018
967.468
967.820
967.736
967.673
970.914
970.911
970.870
983.445
982.713
982.528
1010.396
1010.170
1012.526
1013.281
1013.415
1036.004
1013.803
1013.622
1015.004
1014.486
1009.571
1008.890
1010.978
1001.290
998.509
1001.959
998.036
1000.217
999.715
1001.698
1020.464
998.527
1015.286
1009.343
965.252
977.422
964.440
965.131
959.161
954.758
955.828
954.628
955.628
958.169
953.861
941.882
948.581
942.703
927.721
929.149
927.511
927.672
921.926
920.112
920.544
920.361
919.838
921.160
920.202
921.370
920.932
919.315
919.315
921.708
915.842
916.876
909.429
915.998
908.957
896.222
905.101
896.222
896.610
896.300
898.241
897.108
896.448
900.769
899.503
896.163
895.714
893.298
893.879
896.462
892.166
893.116
891.111
893.492
877.235
872.661
873.728
871.557
877.642
866.880
866.860
865.841
866.795
866.695
862.664
868.463
861.069
864.103
861.964
864.249
866.169
860.059
859.636
858.048
857.271
856.546
846.745
845.230
851.296
840.638
840.303
840.384
834.938
841.289
834.947
834.798
835.723
818.608
818.769
818.526
819.522
818.109
805.681
805.190
805.673
805.595
804.076
803.749
798.071
796.557
805.236
793.863
791.429
790.489
790.266
795.655
789.903
788.351
788.632
785.815
785.761
789.577
786.211
777.483
778.357
777.453
768.456
770.653
769.217
768.442
768.840
764.479
755.874
761.268
758.940
755.845
755.845
755.985
753.590
753.506
753.506
752.666
754.160
755.598
752.420
747.764
753.430
747.764
747.629
748.646
748.926
745.948
746.032
746.554
746.990
746.046
747.696
762.507
746.257
744.330
744.660
740.510
740.510
737.676
737.762
734.574
734.310
733.538
737.721
734.111
734.285
726.246
726.258
723.519
722.882
723.560
712.012
713.112
711.842
710.869
710.531
712.363
710.500
706.372
708.880
711.210
706.161
706.161
704.743
703.459
704.522
703.429
703.509
703.103
703.940
707.222
702.753
702.226
702.098
701.573
700.146
700.014
705.705
699.972
699.549
700.643
697.869
697.867
694.220
692.423
691.928
693.510
691.959
692.764
692.052
692.162
692.819
690.119
689.616
694.485
689.436
689.616
688.543
678.607
682.211
681.934
676.669
676.528
668.784
668.100
670.766
672.305
666.307
666.731
666.218
664.912
663.912
663.567
663.755
650.876
651.414
652.882
651.095
645.201
646.298
645.354
645.201
636.921
648.177
640.362
632.145
633.505
632.164
632.145
632.145
631.833
630.793
630.741
630.218
623.575
624.972
622.234
622.234
621.150
620.702
620.967
622.715
634.800
620.725
620.062
619.968
619.777
624.561
620.606
620.017
624.248
620.300
619.293
619.202
619.545
619.887
618.777
622.034
619.678
632.015
618.813
625.418
624.134
620.630
618.441
619.802
616.192
616.180
617.638
616.702
619.639
615.865
615.619
613.689
613.782
602.148
613.842
611.810
604.044
603.627
597.204
594.025
593.667
594.242
593.669
604.110
597.918
593.912
596.222
599.631
596.779
600.448
593.738
593.667
595.454
597.797
596.432
586.372
586.372
587.444
580.057
583.811
586.438
580.177
580.037
582.096
581.121
579.980
585.787
580.688
580.178
578.528
578.529
580.405
579.589
584.214
579.461
578.906
579.888
578.233
578.531
578.787
578.359
583.774
578.233
621.690
577.750
584.602
577.445
578.109
577.445
580.125
572.211
568.156
568.681
532.052
532.099
532.119
532.024
532.459
532.473
542.701
536.074
531.116
530.897
535.367
526.295
526.295
526.199
524.831
524.556
513.927
512.308
512.310
512.296
514.480
520.839
513.399
512.183
520.308
512.183
510.356
506.741
506.741
506.741
507.431
506.843
505.883
505.373
505.742
502.282
501.832
503.013
500.160
521.326
499.728
499.605
499.096
496.875
497.966
494.944
494.963
495.386
494.901
500.661
494.862
494.098
491.981
492.155
492.203
491.814
490.963
490.848
483.285
481.805
481.077
481.901
481.436
492.268
481.181
491.741
481.955
481.134
486.218
481.323
480.314
480.427
480.692
482.691
479.904

Error results for SA2
---------------------------
977.224
981.155
966.325
965.871
966.047
950.987
952.500
953.992
954.185
955.035
946.763
946.741
946.605
946.665
949.336
949.974
936.982
937.010
934.651
910.534
903.980
900.321
900.234
897.024
896.285
896.235
895.840
895.661
892.101
900.283
887.461
923.223
928.967
930.766
932.402
947.304
958.301
956.480
951.963
951.963
951.368
948.011
946.468
944.737
944.645
946.144
934.528
945.778
948.864
947.302
947.206
947.559
946.868
946.868
949.532
957.783
949.388
952.614
947.313
947.301
949.381
947.589
947.283
946.901
947.025
948.551
949.288
950.086
945.260
945.728
957.760
945.725
949.777
945.283
945.260
945.186
956.789
945.509
945.184
959.425
945.772
943.964
944.126
950.314
943.855
944.293
944.147
938.106
938.148
936.616
936.616
936.160
936.239
933.337
933.337
938.648
936.311
938.360
933.773
933.337
926.543
928.842
926.474
927.265
927.867
925.286
924.869
924.869
924.124
917.033
916.988
919.406
919.083
916.287
915.620
915.624
914.424
914.092
914.333
916.338
913.929
909.852
907.101
906.918
911.689
907.236
907.897
907.236
907.198
907.469
907.147
907.150
904.637
903.817
918.100
901.931
888.019
888.713
889.357
891.120
893.339
880.981
881.211
883.556
880.947
884.412
877.015
881.776
877.015
877.400
878.355
876.554
858.710
857.444
857.451
832.024
833.653
832.174
831.331
838.524
825.954
825.605
798.222
796.793
800.956
794.128
795.198
795.099
794.128
792.163
790.816
794.898
788.868
787.299
788.411
752.768
775.104
752.323
757.579
750.914
755.746
752.997
751.175
749.682
750.320
751.266
751.343
752.846
749.505
752.333
757.948
743.847
747.499
743.801
743.619
741.291
741.182
740.884
740.918
740.665
741.780
740.665
740.015
742.725
739.054
738.191
739.710
738.537
739.758
722.656
727.659
722.656
720.597
720.785
721.785
720.739
720.597
718.611
728.127
718.314
713.919
717.417
726.568
714.583
714.559
715.175
712.188
712.184
707.284
707.284
707.665
707.225
707.175
706.942
707.321
706.716
707.197
708.493
705.830
705.671
704.594
698.834
698.669
695.677
697.824
700.805
700.013
695.670
701.434
693.629
695.786
693.629
694.073
693.638
694.680
693.069
692.400
692.428
700.291
693.666
694.653
712.801
697.466
697.141
691.269
691.269
701.732
691.220
691.136
692.343
691.024
691.064
691.349
695.316
691.220
689.972
683.702
694.979
708.761
675.912
676.756
676.541
676.030
676.160
675.387
674.192
674.206
677.184
675.206
672.595
673.523
672.595
672.595
673.415
679.560
672.574
672.341
672.581
672.341
672.130
675.009
672.461
672.130
670.853
669.973
670.932
670.002
682.649
669.291
669.436
665.316
665.267
665.267
665.331
665.471
670.791
665.417
665.351
671.889
666.903
667.121
663.931
668.838
663.922
677.385
664.100
663.963
663.494
663.487
663.807
668.877
665.142
663.487
671.661
664.559
661.931
664.976
661.345
661.204
660.959
668.267
645.841
642.014
642.014
641.255
641.084
640.791
634.625
635.210
635.004
632.961
650.985
648.839
634.382
636.004
635.713
634.095
633.111
630.790
630.790
630.790
637.225
625.941
626.318
625.114
625.822
625.635
625.838
623.086
626.591
616.368
619.295
615.901
612.799
612.426
612.763
612.590
612.178
611.506
611.184
611.952
610.618
608.264
608.398
614.863
608.947
619.799
607.214
608.084
609.387
607.185
605.440
603.149
602.424
601.376
602.428
600.654
600.670
602.156
600.014
601.099
602.496
600.836
623.456
605.439
596.812
596.511
598.147
598.116
596.671
595.929
596.739
595.563
595.762
593.472
591.613
592.745
591.795
590.944
591.214
590.501
592.667
588.893
588.893
588.902
591.136
590.918
589.720
589.228
592.296
589.216
589.248
588.937
589.075
588.937
595.533
600.232
588.291
590.058
592.332
586.885
586.802
586.885
586.885
587.607
590.297
586.880
585.993
585.804
584.857
585.063
597.864
582.332
583.004
584.465
582.415
581.490
581.588
581.523
581.672
588.526
581.967
581.507
581.643
581.516
588.551
577.148
578.288
568.878
569.056
569.798
569.046
569.081
569.677
573.209
569.356
570.163
567.904
568.121
568.121
568.025
564.434
554.419
552.560
551.585
551.861
551.659
551.916
548.970
548.487
573.623
548.159
550.138
548.463
548.892
548.536
548.969
548.294
548.294
548.538

Error results for SA3
---------------------------
1128.523
1127.726
1125.998
1127.417
1148.771
1148.289
1155.784
1157.212
1163.664
1156.779
1145.491
1145.692
1145.692
1145.638
1156.221
1162.705
1175.844
1176.424
1170.330
1169.412
1170.229
1161.758
1162.340
1161.988
1161.223
1154.806
1155.268
1157.193
1153.402
1153.201
1153.104
1163.626
1159.835
1159.835
1157.040
1155.782
1164.459
1163.912
1169.606
1172.658
1171.829
1171.875
1171.875
1159.040
1183.761
1204.305
1209.592
1209.836
1210.130
1211.299
1209.548
1211.148
1210.052
1206.578
1206.578
1204.988
1204.988
1206.911
1227.685
1208.026
1201.020
1200.963
1212.451
1205.872
1199.574
1198.920
1203.111
1200.952
1199.049
1200.928
1195.273
1199.640
1195.565
1194.083
1193.244
1199.179
1192.714
1192.260
1188.353
1195.126
1188.463
1173.586
1178.564
1181.602
1172.700
1173.372
1174.154
1167.837
1167.084
1170.320
1166.276
1158.760
1154.778
1154.793
1154.131
1155.718
1153.059
1156.679
1153.005
1152.232
1152.949
1154.977
1152.337
1150.424
1143.916
1142.052
1142.998
1138.973
1138.973
1142.077
1138.903
1138.903
1140.019
1138.759
1138.707
1138.670
1131.588
1129.432
1129.610
1127.883
1133.734
1125.067
1125.480
1122.005
1118.812
1117.872
1118.204
1117.385
1122.489
1118.309
1117.178
1117.442
1117.178
1117.044
1097.488
1102.087
1104.606
1112.437
1102.763
1096.593
1098.188
1096.856
1106.017
1095.622
1096.166
1097.362
1095.622
1094.707
1094.153
1093.915
1097.008
1083.773
1082.346
1084.697
1082.346
1081.744
1083.165
1073.356
1071.355
1071.367
1075.884
1071.207
1068.740
1069.304
1068.425
1068.534
1072.014
1071.540
1067.228
1065.944
1065.762
1066.106
1064.978
1066.763
1063.804
1063.842
1053.846
1054.221
1054.446
1054.771
1058.386
1055.813
1065.385
1053.459
1051.270
1051.270
1042.877
1042.778
1039.326
1040.221
1035.725
1044.441
1038.701
1031.012
1032.172
1038.935
1028.761
1029.498
1024.723
1028.100
1024.719
1023.390
1023.390
1023.299
1025.758
1024.266
1021.945
1024.645
1021.573
1022.755
1025.793
1023.177
1022.755
1022.755
1020.237
1020.188
1024.712
1018.765
1020.313
1016.140
1016.913
1018.768
1021.503
1015.928
1016.049
1016.198
1015.896
1015.451
1009.096
1008.712
1008.986
1003.329
998.219
997.214
999.226
1004.132
997.161
994.608
994.198
993.963
994.958
994.705
993.755
994.200
996.892
994.268
993.977
976.644
976.856
975.700
974.834
969.127
968.820
969.571
968.790
968.095
968.197
968.381
968.381
967.296
975.534
966.201
965.331
966.802
958.488
962.033
960.729
958.401
959.206
958.590
959.072
956.931
958.403
956.931
955.167
957.726
951.009
959.858
946.931
948.404
945.958
957.402
954.213
944.351
944.417
945.640
945.271
945.094
945.986
946.895
945.807
944.844
939.248
938.509
938.480
938.781
939.386
938.480
942.037
938.271
941.113
939.083
938.194
938.194
943.434
938.494
938.194
938.524
935.259
935.347
936.809
931.723
932.593
931.730
930.789
937.217
930.398
929.880
929.642
929.272
929.500
929.272
927.350
927.318
918.463
918.285
912.668
911.931
913.033
911.931
903.581
903.765
903.216
904.114
897.758
887.784
888.077
887.196
893.191
889.136
887.062
888.462
886.244
886.574
884.943
884.943
886.942
885.648
886.690
885.648
885.674
885.126
887.930
884.873
885.013
884.873
885.077
884.873
879.297
880.124
881.019
882.932
882.907
878.353
877.549
877.547
878.260
877.953
871.910
871.848
876.804
876.224
872.456
872.986
871.521
867.818
867.691
868.708
868.822
870.485
870.600
870.494
893.206
870.470
869.865
863.084
863.687
862.605
864.565
861.856
861.951
861.870
861.422
860.829
861.446
856.965
857.491
857.670
856.514
857.936
857.383
856.809
856.216
855.753
849.844
850.385
849.774
848.920
848.408
847.982
846.049
825.491
824.550
823.637
823.399
824.623
822.690
824.153
821.933
823.712
821.894
820.190
821.982
820.171
815.544
816.044
815.600
818.515
814.591
815.081
814.597
814.607
815.028
814.417
814.042
814.159
816.967
814.304
814.047
810.835
810.691
813.833
816.231
808.902
809.747
810.180
808.906
808.338
823.428
802.028
798.677
795.580
794.003
792.940
793.489
792.882
792.882
790.645
789.687
790.838
789.734
790.571
795.965
789.068
773.822
770.904
770.981
776.683
770.997
772.592
769.311
769.150
769.172
769.175
768.585
771.738
767.497
771.026
767.541
768.409
766.645
767.198
766.254
766.672
765.840
766.190
768.975
765.675
766.045
766.346
768.996
765.675
766.131
766.016
766.706
767.362
765.910
761.002
761.926
760.845

Error results for SA4
---------------------------
1055.833
1065.224
1074.146
1067.878
1070.785
1070.894
1072.520
1073.384
1072.684
1073.291
1079.500
1076.354
1076.354
1076.354
1075.055
1079.937
1079.942
1079.744
1085.491
1086.876
1085.280
1088.610
1079.611
1079.611
1079.554
1077.824
1083.074
1041.531
1039.344
1038.654
1030.451
1034.739
1067.753
1063.143
1062.451
1055.545
1056.466
1056.598
1056.305
1054.879
1053.951
1053.563
1056.575
1056.575
1056.575
1056.575
1056.618
1047.749
1061.796
1058.586
1062.347
1066.327
1065.438
1065.093
1091.444
1070.616
1063.947
1066.149
1070.144
1062.590
1055.723
1052.175
1049.703
1048.421
1049.485
1037.979
1038.031
1040.615
1032.486
1033.108
1069.545
1039.474
1032.074
1032.647
1032.283
1032.362
1031.942
1033.208
1028.090
1030.385
1028.475
1028.412
1028.406
1028.192
1028.537
1017.622
1014.044
1018.891
1016.256
1001.757
1002.716
1001.217
996.614
996.689
1004.121
994.749
998.819
977.641
977.260
982.614
981.512
977.260
951.514
949.186
950.167
949.212
953.027
945.844
960.551
946.234
946.421
940.901
942.114
941.584
943.361
943.021
949.276
941.075
942.919
942.561
940.901
938.630
919.914
921.390
918.766
918.839
918.726
924.012
921.380
918.133
915.164
908.718
907.974
908.003
905.534
902.582
903.733
888.183
909.006
889.978
886.316
887.453
886.224
888.854
886.280
886.265
885.781
887.282
884.879
884.663
884.641
884.882
884.641
885.253
882.270
881.023
881.470
880.701
879.114
866.114
865.382
858.871
851.443
851.708
849.975
849.975
849.535
854.873
847.031
853.818
850.355
846.565
846.565
846.844
846.227
856.304
846.112
850.910
847.290
846.227
846.552
846.260
848.404
846.678
843.983
840.958
844.623
834.796
838.251
830.917
830.933
821.155
821.328
822.935
817.236
813.766
813.785
812.844
816.966
824.667
839.564
822.798
816.905
812.835
810.528
813.030
810.846
812.202
811.179
812.484
809.245
809.245
809.218
805.381
802.751
802.751
800.895
782.130
779.876
780.219
779.876
781.568
779.939
798.870
778.998
834.278
779.290
785.614
780.987
780.743
779.199
778.649
778.001
777.841
777.307
781.387
776.240
777.771
776.039
777.678
770.135
770.134
758.899
760.637
758.279
754.667
757.508
754.277
753.284
753.279
754.718
764.309
753.341
756.188
752.475
723.824
735.821
713.276
682.605
677.669
673.777
691.233
671.084
671.084
671.070
669.104
669.140
657.981
658.633
654.405
662.027
654.261
652.431
653.371
652.431
652.431
647.733
647.815
647.900
647.814
650.024
650.191
647.807
647.229
647.646
647.005
646.328
645.499
645.255
645.726
649.457
645.179
644.326
644.255
653.535
645.961
644.482
641.924
639.025
639.527
636.610
639.613
689.545
636.926
661.884
635.402
643.492
637.603
639.977
630.476
632.818
629.923
640.528
626.235
624.145
624.149
622.732
621.517
620.149
619.369
619.715
625.905
618.282
618.297
622.999
624.389
618.410
624.378
613.334
618.739
612.279
611.693
611.701
604.557
604.137
604.666
607.489
615.469
604.040
614.717
603.125
603.242
597.476
597.320
586.696
586.457
583.121
585.590
581.178
580.872
580.686
577.944
576.171
577.139
576.451
581.144
575.037
575.098
575.437
574.996
573.432
574.184
573.109
571.707
571.730
571.998
571.192
572.345
575.473
572.157
571.900
570.766
574.597
569.658
584.445
566.029
565.484
567.587
565.032
565.189
568.564
564.936
565.344
565.070
563.621
560.358
560.075
560.291
563.499
559.401
561.421
562.342
560.162
571.651
559.543
557.329
558.470
557.399
555.644
559.596
548.008
545.368
548.317
546.726
545.642
545.512
548.753
545.090
545.626
540.508
540.452
546.182
544.134
548.538
539.303
538.890
537.763
531.223
531.044
530.638
529.683
530.764
529.380
529.484
532.203
530.721
530.735
526.402
526.886
529.759
528.811
526.402
525.987
526.746
526.560
515.662
515.355
515.281
516.049
528.717
515.828
515.764
515.850
515.914
515.577
515.909
517.049
515.589
514.603
514.069
515.051
513.932
513.917
514.698
514.285
510.159
510.159
509.833
510.474
513.992
509.400
509.444
505.706
505.882
505.080
506.543
509.622
505.488
508.307
504.629
504.780
503.660
503.660
503.483
503.449
503.392
503.414
502.811
502.811
510.162
503.440
502.623
503.811
495.597
497.891
495.731
495.715
495.597
495.597
496.698
495.712
494.783
494.792
495.754
493.929
493.520
493.385
495.984
491.932
492.591

Error results for SA5
---------------------------
1198.755
1200.051
1214.016
1222.131
1222.236
1222.285
1222.285
1226.160
1234.634
1234.634
1240.835
1241.090
1239.858
1240.131
1262.939
1262.777
1261.189
1264.217
1270.549
1269.982
1274.058
1272.814
1279.659
1279.659
1282.325
1279.990
1295.649
1295.692
1299.596
1311.456
1312.088
1312.947
1312.485
1312.754
1312.302
1312.302
1312.456
1311.487
1301.583
1293.001
1292.416
1293.774
1297.664
1297.760
1299.125
1294.185
1279.551
1261.340
1263.482
1258.439
1259.923
1258.437
1259.873
1257.816
1256.461
1256.974
1257.098
1252.940
1294.611
1253.018
1253.845
1253.025
1253.671
1262.000
1252.363
1252.811
1252.363
1252.950
1252.705
1251.201
1256.923
1250.818
1250.788
1251.027
1252.167
1247.775
1246.696
1246.001
1260.949
1265.409
1216.267
1216.267
1217.712
1208.119
1207.335
1207.192
1208.290
1206.668
1207.895
1205.635
1188.103
1184.842
1166.361
1164.334
1161.813
1161.942
1163.449
1162.188
1147.213
1147.135
1161.123
1144.962
1142.813
1142.862
1144.379
1139.333
1139.182
1139.645
1138.990
1135.581
1137.150
1134.233
1133.972
1130.249
1129.855
1134.582
1134.124
1135.909
1122.945
1122.373
1122.494
1128.065
1118.727
1118.150
1118.150
1106.069
1105.202
1101.340
1100.966
1100.891
1099.069
1098.885
1096.392
1094.209
1106.864
1095.661
1012.607
1013.259
1012.608
1014.168
1013.140
1013.460
1012.975
1006.006
1014.439
1003.699
1004.338
1001.820
1001.593
1000.709
1000.513
1000.165
1000.563
999.011
998.495
998.497
1002.440
991.553
991.298
990.629
992.778
990.601
987.076
987.686
993.643
1007.603
996.580
985.833
987.296
980.938
982.601
980.736
980.749
982.860
987.030
972.611
916.935
917.200
920.333
913.799
912.020
911.954
882.205
893.589
883.888
885.794
883.006
885.817
864.577
864.669
871.769
886.771
864.690
880.980
864.448
864.170
859.668
859.976
870.608
864.368
855.769
855.769
856.338
858.753
853.074
852.914
853.074
852.605
852.774
852.645
852.204
849.843
850.274
847.439
847.425
848.025
842.519
842.500
842.469
842.469
843.355
843.415
844.719
836.511
834.250
833.864
832.904
832.413
832.859
832.711
833.354
850.063
831.156
831.331
827.983
827.979
830.105
826.282
827.958
827.908
815.820
815.752
812.504
813.670
823.025
812.885
812.527
817.731
813.958
812.368
814.956
812.368
813.506
811.927
811.639
811.870
811.124
812.127
809.453
812.288
809.884
857.331
808.739
808.386
808.015
810.831
805.011
804.251
801.466
816.023
806.523
803.625
797.524
793.730
795.282
798.031
793.702
793.452
794.111
797.825
793.452
793.959
792.598
789.129
788.961
788.558
788.495
789.119
788.926
790.460
788.693
788.495
788.349
787.465
786.946
787.627
787.456
782.605
782.808
785.296
782.796
782.623
784.349
782.695
782.632
782.554
776.327
776.809
779.877
775.744
775.744
775.480
785.670
775.123
773.509
773.525
771.201
771.720
771.145
770.746
766.564
766.564
770.583
766.563
766.861
766.563
765.503
766.379
766.825
768.724
767.696
767.077
766.013
765.853
765.989
765.503
765.810
766.219
767.525
765.768
762.140
766.179
761.556
761.057
760.931
751.714
749.322
749.320
748.921
748.513
749.308
748.475
748.790
753.233
748.687
749.006
747.385
747.350
750.061
747.654
748.396
747.073
747.630
753.185
745.783
745.584
749.624
747.405
750.078
745.807
745.404
746.265
745.257
744.390
744.806
744.446
743.952
743.952
738.907
739.016
734.372
732.362
732.475
732.355
733.314
732.625
732.385
721.306
721.247
721.344
727.787
721.895
739.717
723.169
720.753
720.017
720.145
720.956
729.332
726.480
719.763
735.196
719.755
719.755
719.476
718.382
718.527
718.173
718.392
720.989
723.751
718.407
716.689
716.719
720.775
717.476
716.719
717.482
717.241
716.617
716.674
716.435
715.506
715.438
714.592
714.464
714.551
714.966
714.157
714.196
714.202
713.653
715.904
712.541
712.421
712.640
712.204
713.462
712.917
714.606
712.017
711.051
710.916
714.571
719.087
710.916
706.393
704.995
705.020
708.552
707.181
700.642
700.934
700.823
704.381
702.581
699.527
700.134
707.767
699.911
699.879
706.664
699.443
698.900
699.099
704.431
699.361
701.104
699.060
697.726
698.604
698.165
697.537
702.617
696.231
696.172
698.541
695.220
699.180
695.744
695.057
693.326
693.263
693.291
693.621
693.078
691.839
692.627
692.745
693.281
693.444
691.828
690.579
690.260
690.592
690.759
690.260
690.262
690.729
689.041

Error results for SA6
---------------------------
962.184
955.000
962.676
941.252
942.455
942.455
936.901
937.210
929.222
929.528
929.460
929.227
929.227
928.526
929.323
929.101
938.818
945.939
944.469
943.264
939.921
939.149
938.644
936.636
936.921
928.966
924.880
926.228
926.028
924.726
923.160
923.160
923.160
923.595
924.270
918.681
922.989
922.989
919.017
918.556
917.640
917.640
913.639
913.717
913.836
944.672
944.391
944.183
944.302
940.815
943.816
940.815
949.022
943.262
939.384
939.063
938.537
936.730
936.937
933.034
932.719
932.569
933.768
930.673
930.926
928.755
920.601
915.481
917.809
913.605
910.599
910.552
905.310
908.048
886.390
879.480
879.502
883.152
885.264
878.930
887.693
876.226
876.046
876.226
876.044
876.044
867.184
867.245
864.121
864.277
864.121
863.869
863.913
855.102
854.874
857.695
861.868
855.466
855.348
855.150
855.598
854.917
858.883
857.966
858.148
854.491
854.491
856.326
859.731
854.077
853.772
851.055
856.018
846.273
847.319
846.478
847.870
846.273
845.915
846.272
845.192
843.512
864.262
841.039
840.401
840.371
839.999
839.566
840.458
837.323
837.677
836.399
877.531
832.675
835.007
831.462
831.462
829.213
829.956
827.382
825.334
830.433
825.184
825.897
822.113
823.048
822.113
786.202
785.824
783.947
783.930
783.978
785.084
782.750
781.545
782.002
782.011
785.517
779.887
777.001
776.566
776.635
776.650
774.920
776.755
776.449
774.920
773.148
772.725
766.919
766.960
766.931
767.829
749.675
765.273
747.781
748.346
747.519
752.154
748.963
749.136
748.140
756.019
748.105
747.519
749.592
747.510
747.979
748.147
745.974
746.087
745.236
745.538
743.786
743.191
746.431
743.385
742.342
742.091
741.867
741.868
740.929
740.936
741.494
802.294
740.002
740.142
741.617
744.502
740.140
741.078
740.223
741.964
746.073
738.422
741.322
737.339
739.998
737.236
737.236
740.942
740.769
737.859
748.231
736.189
736.819
736.439
738.191
734.349
735.020
733.282
734.491
733.282
730.940
728.281
724.210
723.809
723.390
721.763
721.747
722.765
721.747
719.580
718.129
717.818
717.818
714.604
712.403
711.622
711.165
711.165
715.464
710.878
710.878
711.396
710.529
709.105
767.495
709.105
708.987
706.952
706.691
708.143
707.402
702.774
702.918
702.095
702.728
700.835
670.677
670.695
669.410
669.231
670.638
670.345
663.643
663.643
663.051
654.932
654.048
653.724
654.902
661.232
653.548
656.261
652.127
652.127
653.716
652.299
659.334
652.114
652.157
658.322
641.215
652.688
643.328
641.157
643.401
640.656
647.345
640.881
641.721
703.867
650.403
640.885
640.717
638.361
640.297
640.317
639.969
642.027
646.975
636.060
636.060
634.925
635.806
634.251
642.804
634.218
635.182
639.022
634.308
635.044
634.209
641.472
635.095
634.284
633.605
620.971
620.559
619.169
617.804
618.515
617.143
614.237
613.429
601.327
613.172
600.880
600.430
583.226
583.236
583.713
583.427
575.705
575.440
573.907
572.177
572.177
571.343
572.854
566.871
566.462
566.879
566.235
570.553
563.885
564.194
563.996
563.573
564.798
563.885
568.064
564.988
563.748
580.419
563.853
564.168
563.800
566.300
565.341
566.419
540.529
540.851
539.537
541.534
539.674
541.070
539.322
539.603
541.914
539.178
541.809
551.500
539.458
539.462
538.552
538.552
538.946
538.602
538.718
541.095
537.602
537.619
537.602
537.738
543.337
536.118
538.603
536.768
532.792
532.511
537.879
531.706
531.151
531.355
532.385
531.185
535.693
538.729
530.300
528.922
529.039
528.909
529.907
531.084
529.143
528.909
534.157
528.909
529.397
531.336
529.879
531.663
530.242
526.896
525.504
527.300
525.605
524.974
524.223
527.382
524.075
518.584
518.347
518.995
523.421
519.253
518.083
518.083
518.410
519.108
517.421
519.005
517.550
518.046
522.691
520.342
517.984
518.106
518.313
517.119
517.168
521.317
517.389
516.960
518.017
516.597
514.936
514.278
514.828
514.476
513.386
517.000
513.880
513.386
513.449
513.449
517.687
513.119
513.119
511.368
511.368
511.028
512.623
511.336
501.051
501.911
500.951
500.971
505.724
493.862
493.841
501.645
493.830
496.199
493.732
493.732
496.044
494.303
495.755
493.084
493.419
494.659
492.868
495.632
490.689
492.656
492.017
489.611

Error results for SA7
---------------------------
1094.516
1094.676
1091.756
1091.750
1091.608
1078.282
1069.050
1070.604
1073.128
1071.667
1064.213
1065.514
1081.798
1082.049
1082.967
1083.132
1083.172
1084.159
1084.309
1084.309
1081.748
1081.860
1102.061
1102.600
1102.115
1089.044
1091.482
1091.482
1092.179
1094.306
1095.342
1092.168
1088.453
1085.861
1085.397
1090.491
1090.491
1089.017
1086.745
1084.248
1081.084
1087.908
1089.239
1090.010
1092.460
1092.460
1090.295
1089.337
1097.099
1095.296
1096.089
1096.993
1099.438
1105.611
1098.893
1098.735
1098.389
1064.972
1066.671
1080.518
1060.444
1059.690
1059.877
1058.345
1058.507
1061.665
1059.899
1058.090
1058.773
1050.700
1056.771
1049.946
1039.900
1049.277
1039.900
1040.692
1039.659
1041.247
1049.172
1039.828
1040.767
1037.991
1034.950
1034.418
1032.201
1032.201
1032.061
1031.907
1035.560
1026.662
1023.433
1028.981
1024.283
1021.726
1028.814
1021.130
1021.130
1031.243
1020.550
1020.550
1020.662
1020.484
1017.097
1019.292
1019.022
1016.690
1014.971
1016.529
1015.006
1005.972
998.359
998.300
998.473
998.672
999.924
999.035
997.982
997.982
1008.603
989.530
990.404
990.942
986.929
977.574
973.126
978.937
975.954
971.998
969.365
971.093
969.355
966.553
967.212
959.504
959.827
986.875
970.476
959.684
951.776
951.842
963.905
951.699
952.785
947.485
950.171
923.997
924.268
921.655
920.692
920.752
921.977
924.608
916.110
920.284
917.354
916.976
915.917
911.932
912.567
917.695
912.539
906.169
900.196
914.628
900.196
900.566
901.518
901.025
900.196
895.940
896.319
901.119
904.638
896.521
896.548
880.624
880.012
880.012
878.450
878.237
880.212
877.016
851.811
852.112
853.331
851.479
849.455
849.410
853.960
849.254
845.509
855.713
845.084
846.311
834.487
841.549
834.970
834.487
835.533
834.466
834.474
834.222
834.344
847.982
832.135
832.343
829.104
825.953
826.181
827.732
824.867
825.323
827.597
825.858
826.363
822.441
822.441
823.077
831.074
818.456
818.069
818.218
822.226
815.876
821.070
816.087
815.969
822.989
814.954
812.091
811.980
810.251
810.257
809.916
809.195
809.195
807.193
809.185
815.758
804.928
803.436
803.068
805.601
803.015
788.808
776.957
773.764
775.185
774.261
770.298
769.644
760.065
759.713
762.045
758.679
759.028
758.718
758.687
759.239
761.171
758.679
758.448
755.504
755.417
755.464
755.437
757.960
755.353
754.904
754.011
760.687
753.737
759.879
753.066
758.585
753.837
752.796
758.866
752.882
748.390
749.334
772.091
751.811
747.852
748.936
750.692
748.077
748.153
747.827
747.248
751.113
747.248
747.127
746.832
746.612
745.314
744.104
743.724
747.841
743.724
750.615
743.724
743.771
742.985
741.212
740.063
741.517
738.317
738.579
738.506
737.717
738.046
737.839
738.876
739.787
738.751
737.764
738.115
733.302
734.246
734.665
735.441
735.164
738.553
734.832
733.344
734.478
735.332
726.063
726.275
733.332
726.528
723.526
722.086
721.453
721.533
723.349
721.183
718.496
718.121
716.675
722.626
721.131
716.145
717.091
716.131
718.844
714.664
713.778
713.031
713.971
713.606
712.511
710.568
708.358
709.453
712.153
708.338
706.347
707.044
706.946
710.281
713.346
706.347
709.767
706.450
711.345
705.698
705.972
708.423
706.331
705.548
707.134
705.565
706.248
716.141
705.630
705.500
705.204
702.138
706.851
702.337
709.949
699.798
699.818
699.808
699.171
699.171
699.400
697.808
697.816
706.368
699.946
697.881
697.834
697.755
698.403
697.780
699.628
697.661
697.748
697.918
697.771
698.329
697.736
703.045
701.561
698.184
698.505
697.771
695.924
696.557
695.717
695.924
696.879
696.369
696.602
695.434
695.780
694.429
695.894
694.388
695.813
694.616
693.222
693.179
693.491
693.084
692.223
673.569
673.942
674.007
669.848
670.665
670.285
671.186
673.062
669.668
669.805
669.702
669.693
669.558
670.637
668.466
668.422
668.649
669.685
660.849
661.098
660.849
661.938
660.889
660.576
660.576
661.786
663.958
658.419
658.361
657.416
657.632
657.409
657.553
654.236
657.678
654.291
654.719
658.286
658.581
656.353
654.265
653.648
660.852
655.534
647.848
648.628
649.629
648.225
648.655
647.490
644.983
644.930
644.720
647.260
645.702
644.736
644.038
661.663
647.424
642.390
642.390
644.371
642.281
641.406
641.141
641.727
642.063
638.823
638.823
643.751
636.753

Error results for SA8
---------------------------
892.098
888.864
888.570
867.020
868.915
865.446
866.115
865.968
865.589
874.607
900.255
900.255
897.964
898.565
917.445
917.667
916.230
916.230
915.809
915.372
916.363
916.482
916.583
917.849
921.816
923.434
923.317
923.494
923.601
922.638
922.011
913.206
908.920
908.721
894.929
893.244
902.648
901.500
901.039
901.039
897.680
896.637
899.502
893.085
903.287
907.176
896.505
899.751
899.751
905.937
906.075
901.198
900.034
900.034
900.034
897.849
897.310
896.748
907.030
899.237
894.912
895.554
894.946
902.474
895.310
891.721
898.636
892.554
892.074
886.561
882.606
906.710
882.224
873.022
896.572
873.383
872.405
872.723
876.867
874.645
869.515
868.634
879.282
892.753
868.889
868.706
875.432
868.025
863.717
864.378
863.970
862.591
871.617
862.631
864.395
863.491
861.123
859.915
859.971
858.906
858.316
858.284
856.478
861.384
856.351
862.120
856.347
899.781
856.351
858.010
855.338
855.617
852.641
856.690
852.598
859.044
850.773
850.843
850.640
853.001
858.176
850.336
851.084
850.336
846.680
842.262
847.827
842.262
850.682
847.780
838.593
838.886
840.445
838.593
830.535
834.039
828.314
834.107
829.963
836.210
822.934
810.149
810.149
809.386
809.377
808.080
808.863
808.064
805.266
806.445
805.188
805.042
807.095
808.218
810.449
805.031
801.719
787.120
787.085
787.490
788.773
785.186
774.750
777.201
773.954
773.954
760.449
774.693
760.467
760.489
749.985
746.001
746.052
743.257
742.818
754.232
742.416
741.913
741.515
739.924
743.102
740.290
741.703
742.317
738.129
738.165
745.812
750.125
742.761
732.482
732.334
731.043
734.738
743.807
725.679
737.716
725.679
728.306
725.519
724.833
724.541
724.615
721.040
721.505
721.524
719.032
719.368
718.818
718.818
718.348
718.781
719.211
719.926
712.610
723.093
713.390
712.610
713.077
713.204
718.904
712.610
712.039
712.062
711.759
712.873
714.698
721.608
707.651
705.386
712.558
702.422
699.100
697.437
695.328
694.177
707.710
694.197
695.610
694.274
695.219
692.091
690.985
691.220
691.036
690.985
722.460
691.247
691.527
682.628
679.876
681.943
680.304
681.577
679.966
688.537
671.058
669.566
675.564
668.779
673.698
667.661
666.213
669.678
667.604
651.614
655.090
650.454
654.591
652.176
643.359
643.713
659.808
646.154
657.270
643.037
650.351
643.197
643.077
644.413
642.604
643.823
642.604
642.143
645.325
642.164
643.029
642.907
642.603
641.947
641.709
643.618
621.258
621.180
627.250
618.448
623.714
617.639
616.777
616.776
616.607
615.059
591.603
591.927
593.028
593.451
592.394
586.009
586.223
587.340
585.857
584.066
583.995
592.725
585.162
585.909
584.361
583.609
584.903
578.441
578.540
578.346
578.346
582.080
576.767
575.186
576.071
577.269
575.070
574.189
574.894
573.392
573.665
558.757
557.119
557.119
562.337
561.816
557.578
558.158
561.523
553.159
559.343
550.428
548.319
546.143
548.550
547.126
546.143
544.347
546.093
561.999
544.346
545.110
544.022
543.544
543.104
546.875
541.669
543.143
542.496
540.392
540.551
543.008
539.473
541.101
540.412
539.241
537.157
537.303
537.255
537.089
542.287
537.516
538.601
536.180
538.488
539.058
536.758
535.727
535.727
537.363
535.904
535.363
535.898
538.196
533.014
533.068
527.657
525.826
529.067
526.953
523.740
523.657
519.343
519.332
518.842
519.689
517.398
517.697
517.644
517.642
524.808
521.161
517.716
517.469
519.011
518.639
517.495
516.088
512.839
512.839
512.694
514.214
513.475
515.915
512.756
512.774
512.959
511.277
511.614
506.001
505.898
506.636
511.087
506.029
515.781
505.898
505.898
502.229
501.492
501.072
500.959
500.806
500.806
499.860
502.653
500.349
500.061
500.953
499.758
499.469
498.815
498.815
532.136
498.838
499.073
499.550
498.837
496.930
501.304
509.029
498.335
496.930
496.074
490.739
488.692
487.907
492.224
488.721
487.676
487.452
486.762
486.302
494.305
486.418
484.514
482.280
482.116
483.179
484.624
481.182
480.778
480.587
480.361
480.147
479.982
479.910
469.849
469.834
470.115
470.468
468.887
468.929
470.207
468.578
468.671
468.581
469.272
468.989
468.842
468.466
468.653
468.709
468.581
464.959
465.318
464.991
464.973
467.126
467.353

Error results for SA9
---------------------------
1080.790
1080.596
1080.584
1079.532
1080.849
1080.169
1080.113
1087.705
1087.702
1087.274
1085.361
1088.070
1087.739
1083.586
1082.855
1082.586
1065.992
1067.045
1069.118
1069.051
1070.597
1072.645
1069.215
1074.461
1070.718
1075.946
1074.738
1084.307
1079.335
1079.434
1074.330
1071.317
1055.192
1055.651
1057.616
1051.149
1048.445
1052.659
1070.190
1070.285
1064.632
1062.869
1063.241
1062.249
1062.336
1063.344
1061.891
1061.803
1050.188
1050.188
1058.506
1060.281
1059.760
1058.352
1061.788
1057.970
1057.321
1059.015
1055.936
1055.742
1056.798
1055.252
1029.772
1020.746
1015.678
1015.757
1011.813
1012.235
1011.338
1010.089
1010.088
1009.905
1008.749
1007.515
1005.494
1005.539
1002.034
999.566
999.973
1008.741
999.843
1000.230
998.827
1004.304
999.149
998.372
990.842
990.858
987.543
987.247
988.037
985.725
985.706
991.217
975.697
973.660
974.712
971.953
971.953
971.408
971.676
971.336
974.192
982.615
971.601
964.679
963.355
967.426
973.142
956.867
947.366
947.681
947.397
947.399
955.869
944.792
937.856
936.738
936.967
938.169
932.968
935.231
935.593
930.875
915.520
916.435
916.468
917.134
915.691
917.645
921.724
924.404
914.238
915.626
911.884
918.723
910.797
905.639
945.266
900.553
899.242
901.722
899.242
908.811
899.259
897.924
899.259
902.090
896.806
898.428
895.238
896.174
899.173
895.567
892.228
892.309
886.095
884.326
880.692
887.417
881.746
884.945
874.596
874.719
869.156
868.157
866.624
868.402
864.378
863.436
865.592
854.707
853.464
852.765
853.333
860.106
853.151
852.781
875.763
854.022
851.642
850.041
848.391
849.678
858.134
847.438
853.601
847.055
847.279
847.365
842.190
844.408
832.223
834.397
836.815
860.672
832.549
844.096
832.223
830.763
839.275
830.671
830.836
835.399
829.957
825.595
825.595
825.208
826.908
825.296
825.032
829.669
830.982
825.032
828.165
825.063
829.844
822.353
819.764
820.822
819.111
819.900
819.392
818.909
818.981
816.363
815.983
813.916
813.969
809.390
809.340
809.392
807.807
807.675
808.280
808.267
810.023
807.807
812.880
808.337
803.525
800.596
801.898
800.590
808.792
801.024
803.368
799.252
799.252
799.437
799.412
794.631
794.503
794.170
801.846
794.719
794.170
794.170
794.582
795.457
794.399
791.273
791.273
791.451
791.156
782.722
782.849
785.661
782.722
782.845
791.149
782.977
782.839
791.083
789.049
782.443
782.593
778.366
776.607
776.429
777.165
788.706
776.450
775.592
774.027
772.636
773.408
763.135
765.526
763.366
762.108
769.640
761.121
760.573
761.109
754.075
754.163
729.608
739.063
733.718
732.369
729.679
730.194
729.070
721.957
723.323
721.978
721.719
720.084
720.084
716.843
714.003
711.378
711.449
710.487
707.920
715.418
707.920
709.350
702.670
704.543
702.499
702.438
702.712
714.375
702.518
701.472
702.682
702.219
701.975
705.977
699.667
691.397
691.524
690.895
688.328
688.328
688.321
689.039
691.158
688.356
688.112
685.452
689.461
686.328
685.686
684.343
688.033
682.899
681.463
679.517
680.421
673.724
676.482
673.596
670.487
666.199
661.625
662.513
661.715
660.980
658.642
658.724
659.071
683.037
666.924
666.107
658.677
658.313
658.313
658.072
659.647
627.644
627.934
631.661
627.097
625.684
626.207
625.835
631.862
623.539
624.572
623.205
625.188
623.227
616.800
616.509
617.221
620.156
615.095
621.911
615.051
614.512
605.373
604.897
604.002
604.002
604.739
604.715
604.175
602.883
603.620
603.284
604.374
609.277
602.883
607.517
600.587
603.217
600.587
599.259
601.451
599.410
599.259
598.613
597.532
601.963
593.252
599.514
625.516
562.231
561.633
561.456
561.456
565.662
561.324
561.936
560.346
563.287
559.059
555.722
559.038
557.964
551.247
551.823
551.196
552.338
550.616
558.368
550.616
551.561
552.720
556.166
551.668
546.845
560.533
546.924
545.689
547.249
546.097
531.151
530.868
530.829
529.583
528.042
525.419
525.276
526.979
524.951
526.661
523.700
525.391
523.649
523.700
524.234
523.595
523.595
523.595
520.908
519.005
524.395
513.620
519.761
514.714
513.427
514.514
515.611
536.451
513.427
517.772
513.641
511.373
500.166
501.278
500.839
500.417
500.420
500.626
496.773
496.780
495.289
493.019
493.028
494.755
492.609
492.444
484.983
482.871
484.707
487.647

Error results for SA10
---------------------------
1076.469
1086.452
1087.398
1086.347
1085.639
1134.218
1134.218
1136.766
1132.144
1121.227
1122.026
1121.883
1121.348
1103.890
1108.087
1108.465
1108.465
1108.465
1111.504
1110.446
1109.625
1109.197
1108.979
1111.860
1112.704
1104.845
1103.275
1102.967
1102.883
1102.363
1100.687
1094.356
1094.356
1094.604
1096.715
1097.022
1098.206
1097.999
1095.348
1096.249
1092.459
1093.091
1091.092
1099.731
1110.490
1101.832
1108.475
1140.289
1140.289
1141.095
1140.881
1140.042
1140.042
1140.096
1145.412
1146.188
1143.349
1141.581
1140.677
1141.332
1139.878
1138.807
1135.369
1134.836
1140.107
1133.988
1121.702
1123.930
1121.702
1121.521
1122.488
1121.110
1121.331
1121.930
1125.383
1119.388
1119.364
1118.839
1120.417
1123.281
1120.843
1118.839
1112.538
1125.663
1112.905
1112.538
1104.155
1104.155
1101.209
1098.350
1099.299
1095.373
1092.404
1091.545
1091.871
1094.580
1106.070
1093.018
1090.700
1092.641
1090.221
1086.007
1085.994
1085.537
1084.094
1080.712
1080.081
1080.966
1080.788
1079.494
1089.028
1080.546
1079.283
1079.288
1078.221
1086.608
1080.979
1078.221
1081.417
1076.947
1072.513
1074.449
1071.800
1069.960
1070.927
1078.491
1059.232
1057.469
1055.842
1055.771
1053.195
1053.861
1052.388
1051.730
1051.816
1048.528
1052.163
1049.121
1053.319
1047.908
1045.554
1041.554
1041.088
1038.406
1033.889
1038.700
1036.452
1033.282
1031.890
1044.217
1032.694
1036.010
1032.580
1027.404
1025.473
1025.538
1071.625
1025.615
1023.229
1022.742
1022.385
1022.734
1059.940
1024.050
1022.496
1061.121
1018.410
1017.680
1017.152
1023.953
1017.958
1015.305
1020.324
1013.273
1014.648
1014.888
1013.448
1017.051
1013.616
1012.357
1014.773
1042.673
1008.503
1013.776
1009.319
1000.621
1000.621
1004.704
1001.270
1009.996
1006.608
991.214
987.819
982.971
982.851
983.388
984.467
992.636
981.619
981.513
976.324
970.294
970.604
975.424
969.087
964.816
965.178
949.593
950.325
959.066
949.189
949.626
949.742
947.789
951.620
947.793
946.865
944.300
943.865
943.630
947.459
951.326
950.200
947.713
942.134
944.371
961.857
939.597
941.204
940.315
938.634
939.488
937.625
936.586
926.131
923.119
920.104
919.033
917.649
921.715
917.776
919.730
922.735
918.999
918.566
912.949
914.643
913.245
913.297
912.949
913.061
899.062
894.607
894.607
894.716
898.551
893.660
896.022
894.187
893.660
897.082
894.333
919.769
893.425
893.848
896.086
893.337
895.305
892.684
900.264
899.306
892.792
892.862
894.277
897.257
892.641
894.441
892.987
893.173
893.359
886.329
886.279
886.329
890.834
889.050
884.457
884.612
883.903
882.720
884.969
883.600
880.558
877.735
877.735
880.501
877.744
877.729
877.877
876.957
876.936
878.573
876.877
878.175
887.540
877.039
879.393
874.310
874.034
871.675
871.675
871.742
874.493
871.675
873.186
874.898
871.879
871.675
870.488
866.967
869.733
869.516
867.998
868.637
869.165
867.163
867.442
875.454
866.929
887.629
869.159
876.418
865.605
865.721
866.889
866.890
870.231
871.404
864.537
865.711
866.340
856.915
857.405
858.824
856.800
854.991
856.292
856.156
852.978
853.570
852.458
857.636
850.834
857.051
851.180
850.834
844.602
844.866
845.122
844.838
844.161
853.941
846.804
844.127
844.127
844.890
839.772
831.472
832.455
834.393
835.584
829.182
829.291
836.688
831.535
831.408
829.745
829.745
829.778
833.382
828.780
824.141
824.589
823.962
823.962
823.962
820.570
820.421
824.321
821.726
818.157
819.810
818.157
820.123
820.205
816.567
808.839
802.947
802.947
797.129
795.738
795.143
794.337
794.956
794.920
789.890
789.362
787.143
784.860
791.511
785.988
787.076
786.139
785.273
780.836
774.603
774.525
774.528
774.092
774.433
771.724
754.598
755.256
754.444
748.427
745.465
745.418
744.894
745.282
744.217
746.215
743.656
743.830
742.375
744.466
739.080
740.690
739.112
741.660
740.391
740.805
738.767
738.704
728.603
730.708
729.867
728.962
729.304
728.789
729.115
719.400
712.103
709.261
709.631
705.506
706.739
705.712
702.687
702.935
702.588
698.296
696.474
683.019
685.443
681.907
679.819
679.539
679.381
679.553
680.864
684.048
681.891
679.715
679.022
678.970
678.970
676.721
675.669
677.060
675.278
675.158
675.184
672.994
673.097
676.032
672.890
680.688
672.691
673.452
672.052
672.596
672.132
672.124
682.677
676.585
672.123
678.135
681.487
670.158
671.016
690.528

--------------------------------------------
Results for SA1: 
--------------------------------------------
Correctly classified (TEST) 2849.0 instances.
Incorrectly classified (TEST) 468.0 instances.
Percent correctly classified (TEST): 85.891%

Correctly classified (TRAIN)6648.0 instances.
Incorrectly classified (TRAIN) 1090.0 instances.
Percent correctly classified (TRAIN): 85.914%

Training time: 25.535 seconds
Testing time: 0.123 seconds

--------------------------------------------
Results for SA2: 
--------------------------------------------
Correctly classified (TEST) 2849.0 instances.
Incorrectly classified (TEST) 468.0 instances.
Percent correctly classified (TEST): 85.891%

Correctly classified (TRAIN)6580.0 instances.
Incorrectly classified (TRAIN) 1158.0 instances.
Percent correctly classified (TRAIN): 85.035%

Training time: 24.637 seconds
Testing time: 0.065 seconds

--------------------------------------------
Results for SA3: 
--------------------------------------------
Correctly classified (TEST) 2411.0 instances.
Incorrectly classified (TEST) 906.0 instances.
Percent correctly classified (TEST): 72.686%

Correctly classified (TRAIN)5556.0 instances.
Incorrectly classified (TRAIN) 2182.0 instances.
Percent correctly classified (TRAIN): 71.801%

Training time: 25.230 seconds
Testing time: 0.064 seconds

--------------------------------------------
Results for SA4: 
--------------------------------------------
Correctly classified (TEST) 2832.0 instances.
Incorrectly classified (TEST) 485.0 instances.
Percent correctly classified (TEST): 85.378%

Correctly classified (TRAIN)6602.0 instances.
Incorrectly classified (TRAIN) 1136.0 instances.
Percent correctly classified (TRAIN): 85.319%

Training time: 24.453 seconds
Testing time: 0.072 seconds

--------------------------------------------
Results for SA5: 
--------------------------------------------
Correctly classified (TEST) 2526.0 instances.
Incorrectly classified (TEST) 791.0 instances.
Percent correctly classified (TEST): 76.153%

Correctly classified (TRAIN)5764.0 instances.
Incorrectly classified (TRAIN) 1974.0 instances.
Percent correctly classified (TRAIN): 74.490%

Training time: 27.245 seconds
Testing time: 0.104 seconds

--------------------------------------------
Results for SA6: 
--------------------------------------------
Correctly classified (TEST) 2877.0 instances.
Incorrectly classified (TEST) 440.0 instances.
Percent correctly classified (TEST): 86.735%

Correctly classified (TRAIN)6610.0 instances.
Incorrectly classified (TRAIN) 1128.0 instances.
Percent correctly classified (TRAIN): 85.423%

Training time: 31.571 seconds
Testing time: 0.081 seconds

--------------------------------------------
Results for SA7: 
--------------------------------------------
Correctly classified (TEST) 2657.0 instances.
Incorrectly classified (TEST) 660.0 instances.
Percent correctly classified (TEST): 80.103%

Correctly classified (TRAIN)6142.0 instances.
Incorrectly classified (TRAIN) 1596.0 instances.
Percent correctly classified (TRAIN): 79.375%

Training time: 28.225 seconds
Testing time: 0.072 seconds

--------------------------------------------
Results for SA8: 
--------------------------------------------
Correctly classified (TEST) 2883.0 instances.
Incorrectly classified (TEST) 434.0 instances.
Percent correctly classified (TEST): 86.916%

Correctly classified (TRAIN)6687.0 instances.
Incorrectly classified (TRAIN) 1051.0 instances.
Percent correctly classified (TRAIN): 86.418%

Training time: 25.451 seconds
Testing time: 0.063 seconds

--------------------------------------------
Results for SA9: 
--------------------------------------------
Correctly classified (TEST) 2784.0 instances.
Incorrectly classified (TEST) 533.0 instances.
Percent correctly classified (TEST): 83.931%

Correctly classified (TRAIN)6579.0 instances.
Incorrectly classified (TRAIN) 1159.0 instances.
Percent correctly classified (TRAIN): 85.022%

Training time: 24.786 seconds
Testing time: 0.070 seconds

--------------------------------------------
Results for SA10: 
--------------------------------------------
Correctly classified (TEST) 2648.0 instances.
Incorrectly classified (TEST) 669.0 instances.
Percent correctly classified (TEST): 79.831%

Correctly classified (TRAIN)6052.0 instances.
Incorrectly classified (TRAIN) 1686.0 instances.
Percent correctly classified (TRAIN): 78.211%

Training time: 25.046 seconds
Testing time: 0.136 seconds