Error results for SA1
---------------------------
870.349
870.607
871.249
871.528
869.459
869.485
869.485
883.804
880.719
880.719
893.052
893.645
894.216
894.747
902.634
898.362
898.861
903.218
903.218
913.008
913.672
913.603
913.447
911.799
915.032
907.771
898.875
911.000
898.872
898.872
892.032
899.273
910.402
892.382
889.749
897.862
886.034
899.828
885.993
887.220
885.386
885.460
885.332
868.074
860.435
858.077
857.584
868.019
847.983
852.649
835.652
835.335
835.333
835.479
830.905
830.841
831.076
824.970
831.846
830.656
819.433
817.470
813.553
808.909
807.829
808.854
807.634
808.386
807.371
821.350
836.704
807.107
807.888
792.281
791.325
791.045
790.018
793.147
800.884
790.060
790.060
791.889
790.060
790.060
789.907
777.216
775.776
825.883
775.474
775.504
777.258
779.284
778.293
778.044
768.440
767.162
771.165
766.282
763.710
762.940
761.895
764.092
758.596
759.276
762.885
764.296
758.584
758.619
759.414
756.459
756.301
769.722
754.627
754.561
755.607
754.707
772.426
753.350
750.228
750.513
751.233
749.109
748.139
747.238
744.861
745.033
744.861
745.839
749.775
745.003
745.849
744.780
747.511
744.784
746.012
745.565
739.901
739.854
739.765
742.571
740.082
742.768
738.905
727.071
733.994
727.071
730.678
722.978
725.175
730.130
724.460
723.233
721.576
722.547
725.378
721.740
720.079
720.644
721.022
719.965
720.542
724.119
721.272
718.719
718.720
718.761
719.124
724.487
733.374
712.133
712.133
710.159
710.154
708.719
707.579
712.217
705.940
703.874
701.563
701.563
702.998
698.296
698.286
697.580
678.177
678.165
682.413
680.903
684.164
682.453
684.615
680.377
674.207
674.218
674.013
676.450
674.832
677.710
676.492
674.067
673.315
667.399
662.292
673.536
663.141
662.290
661.570
655.753
656.409
655.753
657.456
651.508
655.093
653.184
651.505
647.437
651.484
656.041
647.763
648.990
658.853
644.699
647.459
639.274
639.764
640.226
639.399
636.076
638.409
622.021
626.303
621.908
621.486
622.358
621.486
608.507
606.332
606.967
606.330
606.330
615.031
605.038
604.062
614.465
605.326
594.569
593.806
594.081
594.677
593.253
592.730
592.658
590.717
589.737
595.729
588.828
582.687
581.967
581.889
581.664
582.357
591.677
567.114
566.652
563.872
560.671
568.501
559.606
555.355
565.015
539.589
543.124
537.524
537.841
537.432
536.165
538.882
535.534
539.897
545.412
538.248
533.128
536.317
526.339
531.711
525.386
525.823
525.184
523.341
523.321
523.323
526.790
523.496
525.063
534.344
521.306
521.327
524.222
519.581
519.903
519.581
519.581
516.457
516.536
516.672
516.407
511.651
508.221
507.743
507.413
503.974
504.603
519.452
504.005
504.182
504.360
504.177
505.249
504.288
509.281
503.204
513.100
502.223
500.952
500.540
503.379
500.622
501.720
498.774
498.861
498.767
485.227
487.499
487.945
484.157
484.728
482.695
484.956
483.118
485.859
480.975
480.190
482.004
500.842
477.298
476.886
475.734
475.280
473.954
474.877
474.900
476.897
476.088
475.791
473.954
473.710
474.819
484.478
473.670
474.204
472.610
472.761
472.610
460.409
466.680
467.567
458.661
473.306
458.656
459.983
459.126
458.652
462.681
455.386
455.146
455.351
455.808
456.170
456.320
456.910
455.760
455.760
458.960
454.661
454.661
459.089
455.098
455.806
452.808
452.064
450.376
449.155
454.376
449.156
456.202
449.160
444.210
445.318
444.509
441.170
440.445
442.016
440.445
440.542
440.452
440.052
443.424
440.053
442.092
440.754
437.250
438.080
435.663
435.041
434.901
447.321
435.108
434.861
436.191
435.203
435.101
434.780
444.853
434.322
436.336
434.331
434.400
433.320
432.474
432.475
432.477
432.509
433.051
432.474
432.451
432.459
432.465
433.318
430.277
430.261
430.306
430.687
430.282
430.483
429.741
428.639
428.568
428.366
429.958
428.747
428.990
429.184
425.826
426.378
411.647
412.779
411.647
411.655
409.805
429.057
408.036
407.007
406.808
405.744
405.765
406.488
405.765
405.787
405.761
405.566
404.604
403.432
402.914
403.725
402.915
405.181
403.956
402.914
406.601
408.961
403.269
431.261
402.246
402.914
403.103
408.164
401.372
405.848
400.887
400.525
399.009
399.692
398.472
399.624
398.188
398.191
398.184
396.335
396.225
396.225

Error results for SA2
---------------------------
872.522
843.154
846.645
836.608
835.307
835.307
829.879
832.045
831.398
829.358
828.260
827.424
824.066
823.434
848.534
849.060
840.519
842.737
844.156
843.647
832.456
832.143
832.524
831.916
822.195
819.911
814.640
816.139
815.947
816.300
815.588
814.902
813.898
817.331
812.225
764.829
765.429
764.962
760.805
780.551
760.806
762.342
761.201
762.429
757.229
758.133
783.252
757.230
758.682
757.801
759.693
760.590
757.886
759.131
757.299
743.909
744.936
759.835
749.590
749.864
743.641
742.377
742.507
740.855
750.410
740.697
741.142
739.518
739.845
740.104
742.404
739.518
742.943
723.402
723.404
724.351
723.810
726.169
746.936
723.189
722.689
722.689
722.493
720.016
719.792
719.785
715.347
714.810
714.029
712.988
715.215
721.514
714.509
712.551
712.551
711.310
712.768
707.477
707.734
707.943
703.038
702.189
702.400
704.849
708.074
702.441
700.917
703.872
703.191
698.756
696.835
696.835
697.259
695.058
692.020
695.186
692.193
689.795
680.712
680.718
679.749
682.214
685.097
680.456
679.749
676.936
676.936
680.143
676.462
675.997
680.312
672.408
671.649
684.019
671.550
671.674
671.403
669.584
669.581
670.080
696.993
669.584
666.664
666.664
677.278
666.740
668.019
665.891
667.608
665.559
670.142
668.285
666.668
665.222
694.637
665.222
664.754
670.510
660.826
659.098
663.227
658.040
658.040
657.356
657.674
656.755
660.182
654.128
765.838
656.153
682.842
655.013
657.158
651.788
652.765
650.885
650.144
650.325
660.546
649.326
655.925
649.070
648.947
652.012
647.463
647.894
639.596
632.467
632.272
634.102
627.234
628.164
631.186
627.523
631.174
627.171
628.495
628.653
627.126
626.570
634.682
628.700
627.666
626.499
625.468
626.022
629.826
625.487
630.529
626.692
625.410
629.002
626.841
620.937
631.358
620.934
625.253
620.934
623.253
620.585
643.839
621.358
619.109
620.118
617.207
607.084
606.640
614.493
605.741
605.741
607.568
607.575
608.466
605.388
611.796
604.363
607.190
591.082
591.445
591.260
591.530
591.336
599.796
591.305
591.739
608.710
590.701
590.701
588.760
597.385
603.699
592.294
585.718
589.835
585.206
585.970
587.921
585.206
583.103
583.611
582.810
591.760
586.402
581.603
587.520
581.101
582.101
582.555
586.010
581.029
581.658
600.973
580.924
582.348
575.730
570.342
570.310
570.910
561.457
559.668
572.389
559.668
572.149
558.679
561.360
557.301
557.211
556.849
556.434
559.704
557.251
556.399
556.199
554.606
554.606
555.534
555.849
555.272
554.825
554.582
556.324
554.859
555.056
553.516
550.589
563.248
548.929
547.635
546.413
546.164
548.879
545.026
547.824
541.024
541.700
541.369
541.747
540.415
539.793
549.304
539.126
538.641
538.607
541.990
527.872
534.035
527.730
527.737
528.335
527.035
519.440
519.463
520.640
521.512
517.042
517.177
514.050
511.499
513.056
514.636
511.397
511.646
512.022
514.137
511.758
511.444
513.685
511.006
510.761
513.650
520.857
510.173
509.923
510.477
508.660
516.042
509.048
510.550
506.440
506.501
506.661
490.001
488.270
488.242
488.451
489.081
488.155
496.911
488.549
489.723
487.297
488.497
489.341
487.185
487.381
483.651
484.265
481.186
479.919
479.983
480.018
478.555
482.689
481.625
478.361
478.352
477.775
477.761
477.629
477.655
477.793
477.775
479.907
477.569
478.028
477.506
474.791
474.139
474.791
477.803
474.194
474.078
484.048
474.078
473.843
473.855
473.519
477.349
474.874
476.345
472.575
471.959
477.575
468.379
470.685
468.624
466.502
464.773
466.343
468.927
466.233
464.773
465.813
463.315
478.990
463.591
463.327
463.824
462.840
461.818
461.786
470.645
458.179
458.214
459.775
458.461
457.956
453.054
453.054
452.071
453.769
451.319
453.152
451.383
451.859
451.383
450.618
463.183
450.618
450.646
450.539
451.663
450.539
458.288
450.080
450.080
450.080
451.776
447.417
447.145
444.819
446.700
444.674
445.264
443.905
443.887
444.475
444.324
446.330
443.730
444.165
443.515
433.543
434.786
433.242
433.242
435.690
429.916
430.808
435.506
430.810
429.425
429.222
429.222
430.754
429.486
429.671
429.610
430.004
432.620
427.549
427.549
428.037
429.355
430.679
431.056
433.113
427.705
427.022
426.022

Error results for SA3
---------------------------
1162.235
1152.327
1152.283
1146.282
1148.759
1148.376
1143.544
1149.912
1149.563
1140.757
1132.306
1133.130
1133.105
1134.891
1134.568
1158.735
1144.697
1144.577
1136.623
1135.950
1134.682
1132.034
1109.550
1109.679
1108.775
1104.217
1104.518
1107.032
1105.463
1106.243
1103.647
1115.864
1104.102
1102.441
1100.390
1109.516
1090.843
1091.919
1088.718
1086.213
1086.213
1066.145
1067.718
1064.018
1061.775
1059.654
1212.215
1059.540
1060.432
1057.276
1044.928
1045.122
1044.595
1051.228
1044.987
1054.648
1047.993
1044.545
1044.545
1046.253
1045.440
1030.443
1031.951
1031.216
1027.393
1025.558
1023.147
1022.971
1023.177
1022.893
1025.314
1023.928
1019.725
1021.417
1018.165
1016.407
1014.384
1009.181
1012.430
1007.985
1008.409
1005.283
979.358
1021.458
979.964
976.404
976.451
975.702
975.714
975.706
974.878
974.516
976.048
974.516
974.516
974.516
977.727
974.090
974.204
965.690
967.616
966.770
966.029
966.535
961.676
963.226
961.676
964.055
960.076
957.941
962.976
957.594
953.766
959.054
956.054
957.870
954.292
954.023
954.786
940.078
940.922
941.759
940.202
940.133
939.738
936.776
934.936
935.795
935.884
936.557
935.267
935.536
934.546
927.270
926.134
927.991
926.160
924.601
924.189
957.552
924.285
923.533
924.078
922.306
921.452
921.452
920.021
918.822
913.389
915.727
908.986
918.460
907.580
908.373
897.234
898.655
904.914
898.192
900.265
901.714
896.050
887.098
886.716
888.296
886.693
887.772
886.997
886.227
887.292
885.446
883.559
884.281
884.766
884.995
890.697
883.753
903.122
883.727
885.564
883.559
885.741
882.711
885.758
886.807
884.367
885.692
882.406
882.406
883.334
872.662
870.086
873.393
870.173
871.653
870.341
870.321
871.099
869.853
868.569
878.024
873.257
867.862
867.342
870.682
867.948
862.861
863.406
878.685
860.447
860.186
867.694
863.399
867.889
864.459
860.572
864.213
869.828
862.148
858.171
866.261
858.300
858.126
867.575
858.740
858.361
858.347
854.858
853.909
854.611
856.255
854.065
869.615
854.173
854.156
859.597
826.614
826.614
837.938
827.862
833.953
820.176
818.828
822.405
818.391
822.764
820.859
816.262
815.684
815.684
832.375
816.391
815.839
815.409
815.233
814.652
815.867
819.747
812.807
815.776
825.836
814.271
812.831
818.095
812.034
812.798
811.632
811.955
812.737
810.753
810.752
794.856
803.482
793.497
791.210
762.876
763.237
762.876
762.735
764.428
752.245
753.560
753.516
731.938
730.838
727.748
724.828
724.687
724.343
724.343
724.555
727.070
725.394
723.710
725.129
724.695
724.249
729.656
723.710
723.630
733.195
721.485
719.827
719.683
719.056
723.489
716.214
723.498
717.363
715.514
715.161
715.633
712.952
710.764
702.399
709.636
702.399
704.937
702.399
703.400
702.384
700.514
700.362
700.668
692.848
673.419
673.821
673.496
683.214
675.731
673.574
673.592
674.093
673.467
673.787
672.986
666.747
667.387
666.972
666.898
666.747
666.951
665.180
666.973
665.142
666.098
662.814
661.466
661.213
662.786
660.333
660.922
658.943
650.196
659.161
655.376
650.394
647.597
647.384
650.183
647.363
645.724
641.992
641.210
643.705
641.483
643.021
643.357
642.867
640.505
640.687
646.077
641.657
642.846
640.502
640.762
657.731
640.529
638.849
639.123
641.872
695.939
642.301
638.889
638.557
638.288
638.300
636.867
641.028
636.146
649.298
643.477
636.786
632.735
629.553
632.017
626.720
626.450
628.439
626.231
629.756
624.341
625.281
625.763
626.159
631.484
624.457
624.912
624.913
623.364
623.923
625.333
623.287
622.489
626.363
624.799
622.175
619.907
619.903
618.456
618.426
624.735
618.051
618.292
617.431
608.353
608.293
607.473
608.202
606.569
613.677
606.894
605.224
606.170
603.866
607.439
598.632
605.155
593.110
593.835
590.288
590.201
590.288
588.098
590.163
583.398
583.819
585.163
583.270
583.283
583.901
584.553
583.283
583.968
582.948
582.342
588.559
582.531
582.789
589.851
584.254
585.303
582.531
580.133
580.133
581.107
579.675
576.767
578.469
576.377
576.424
572.748
572.418
572.418
577.946
574.577
578.741
572.781
572.418
572.583
585.081
573.136
572.416
571.826
571.832
574.984
573.701
570.691
571.294
570.725
576.449
574.776
570.691
673.323
569.850
573.356
578.762
567.781
566.176
566.396
566.183

Error results for SA4
---------------------------
1093.929
1091.323
1091.272
1089.280
1073.472
1074.253
1074.713
1071.934
1071.674
1070.293
1072.165
1067.565
1068.064
1069.093
1070.552
1074.184
1078.926
1089.493
1086.267
1089.045
1087.121
1090.051
1090.550
1102.156
1093.340
1081.519
1083.896
1080.281
1080.281
1080.281
1080.281
1086.208
1079.640
1083.871
1079.740
1078.971
1078.320
1079.598
1077.102
1072.552
1068.955
1071.762
1068.980
1062.841
1062.710
1067.404
1060.901
1060.901
1066.629
1060.461
1060.025
1059.614
1059.483
1061.686
1060.936
1055.824
1057.737
1048.054
1048.430
1044.503
1045.889
1044.331
1046.930
1046.216
1051.485
1038.612
1045.702
1037.156
1038.226
1037.596
1038.028
1037.080
1033.734
1036.963
1034.573
1035.701
1039.141
1034.573
1038.499
1033.306
1019.800
1014.796
1014.444
1019.980
1012.889
1011.606
1010.370
1010.408
1011.692
1008.864
1014.377
1009.276
1011.941
999.259
999.732
1000.126
1001.519
999.259
1002.082
998.051
996.215
994.805
994.902
995.230
987.204
996.683
990.035
987.527
989.345
986.585
1009.370
986.826
977.197
977.654
977.197
977.115
977.970
979.532
979.367
974.335
983.568
975.996
972.598
970.978
961.839
962.674
964.780
961.342
960.735
959.609
955.663
955.434
964.774
955.434
952.339
954.312
957.323
952.626
952.323
950.599
946.778
949.986
946.458
948.003
946.592
945.376
945.376
946.065
945.756
945.729
945.878
945.585
944.353
948.725
944.460
944.383
944.667
946.075
937.295
931.537
931.315
933.173
930.440
933.698
933.710
926.902
927.047
926.902
949.813
928.550
925.853
917.933
917.744
917.476
926.984
915.601
914.615
900.424
901.616
900.669
900.995
900.518
906.578
903.847
904.252
901.533
899.299
899.299
897.336
901.484
895.475
896.245
895.475
892.041
891.548
891.681
890.492
890.735
890.227
890.588
890.582
893.932
890.254
895.996
893.505
890.499
892.251
890.112
884.675
884.613
885.605
883.898
884.251
886.530
884.552
884.062
883.997
883.893
885.441
883.989
890.943
888.652
885.313
884.198
883.706
891.273
884.159
884.464
884.207
884.517
882.620
880.827
882.341
881.048
907.910
881.529
879.354
880.265
880.080
879.410
879.460
879.445
883.977
884.669
879.591
864.533
864.814
865.087
867.920
864.533
874.982
862.940
875.556
864.508
870.306
867.331
867.119
863.041
864.313
862.562
871.938
864.052
861.853
859.489
859.702
861.337
856.802
856.768
856.643
856.912
856.643
862.890
857.922
858.284
850.029
848.816
847.188
846.942
843.466
842.858
838.753
843.592
838.853
839.007
835.520
835.658
831.080
830.902
832.450
834.699
831.629
830.911
831.978
830.911
828.920
829.144
833.164
838.176
826.526
820.796
821.973
820.414
819.727
818.955
817.821
817.339
821.727
821.885
818.666
818.764
817.339
817.677
817.476
817.770
834.092
817.339
816.661
816.717
817.414
818.863
816.670
824.696
816.971
819.532
817.731
816.928
816.721
808.548
807.805
807.808
808.208
807.710
806.692
806.692
810.778
807.396
783.061
785.165
798.036
784.015
783.753
783.061
782.955
782.955
783.002
781.172
781.172
779.981
790.268
788.987
779.895
781.426
777.615
777.654
777.305
778.420
778.732
777.305
777.146
779.683
778.085
776.720
776.357
780.542
787.862
776.685
776.726
766.694
766.597
762.455
763.402
762.455
761.788
762.812
761.509
761.440
761.185
759.891
759.173
759.579
758.949
764.080
758.911
759.348
758.154
759.088
750.990
745.262
746.676
743.577
743.856
744.940
744.207
743.613
744.727
767.213
743.176
739.747
739.852
738.244
738.244
738.030
738.578
737.297
737.170
737.170
730.593
729.408
729.199
728.550
735.738
728.251
728.752
730.118
733.808
728.278
736.700
732.553
728.901
728.251
728.262
722.989
725.281
726.880
722.688
724.604
722.626
726.016
725.169
722.484
722.487
714.751
714.491
717.293
717.370
709.153
709.103
709.042
713.489
712.368
708.558
708.578
709.514
699.928
700.363
701.637
699.938
699.907
700.096
704.816
701.725
699.057
698.534
698.641
687.312
681.240
681.152
688.841
691.138
680.770
676.099
684.293
677.748
677.110
676.090
676.099
676.166
675.977
675.479
675.376
676.161
676.095
674.617
675.563
674.774
674.450
674.298
673.399
673.399
672.263
672.263
678.148
671.646
672.513
675.024
667.065
667.159
665.759
665.730
654.636
654.968
656.150
654.083
654.878
653.846
654.550
654.324
647.633
652.341
645.956

Error results for SA5
---------------------------
991.931
975.968
980.291
977.728
975.660
974.290
974.041
973.819
981.084
981.241
984.431
991.260
1003.915
1001.627
999.572
999.667
994.836
994.537
994.578
994.578
993.363
994.021
993.948
992.780
990.959
990.809
990.809
990.126
986.338
984.998
984.998
985.106
985.284
984.985
992.223
989.810
984.591
996.321
988.353
985.266
982.418
993.474
983.366
981.222
963.722
963.722
964.251
958.905
959.002
959.591
961.747
957.832
959.569
958.385
957.898
957.672
963.047
957.569
959.316
953.643
954.116
953.468
954.069
953.496
953.108
950.972
955.672
954.201
950.738
950.906
946.220
945.971
926.125
927.107
927.771
927.983
925.255
924.040
919.119
917.920
923.999
917.768
917.922
915.540
916.235
917.617
915.540
919.088
937.627
917.295
915.464
914.947
916.483
914.526
912.159
915.981
915.867
912.260
912.289
912.478
905.461
905.605
904.203
904.496
909.406
904.472
903.406
907.859
899.786
901.492
899.404
921.261
898.358
911.826
898.352
897.914
899.739
895.853
895.090
895.834
894.650
895.680
890.072
889.692
891.905
887.891
886.909
878.500
878.500
880.769
878.661
884.571
878.479
878.308
875.302
875.926
875.464
877.737
875.209
873.978
873.978
874.810
874.211
873.113
873.113
873.608
869.714
870.496
870.962
868.759
868.759
869.562
883.383
868.759
868.465
868.735
867.227
866.374
868.653
866.858
858.211
856.918
856.918
856.752
851.380
849.233
844.627
844.627
844.516
844.422
844.422
844.671
841.524
834.363
834.363
834.204
839.808
836.913
834.204
832.533
834.148
835.500
832.391
834.064
858.580
832.463
830.108
831.121
832.025
829.917
833.126
827.334
827.143
826.600
826.945
830.477
827.073
823.343
823.980
823.786
826.669
823.522
823.604
820.517
820.927
828.416
820.606
814.428
820.918
815.119
814.896
813.727
813.512
814.689
812.119
823.727
814.836
812.009
813.854
812.433
814.236
811.932
814.612
812.246
812.190
812.890
813.073
813.051
812.946
812.749
812.025
814.324
807.213
804.000
801.647
801.647
802.287
801.643
803.884
801.503
800.756
797.566
797.275
797.171
798.756
796.662
796.662
803.129
794.185
778.339
778.971
777.174
778.677
777.702
782.367
775.279
775.314
773.721
774.079
777.287
774.602
773.095
774.689
773.224
773.095
774.723
773.168
768.860
774.348
770.199
768.672
768.721
770.104
770.263
769.571
769.818
768.047
767.947
767.992
769.019
768.809
768.530
767.698
767.385
767.794
772.151
768.855
766.781
768.526
766.790
767.023
765.417
764.897
762.252
762.252
762.434
759.786
759.793
759.252
759.263
759.698
764.986
760.199
759.199
759.817
759.195
760.310
756.097
754.525
754.525
749.559
749.646
749.559
755.703
764.545
749.745
752.406
749.890
749.731
749.731
746.732
746.820
746.858
742.927
748.760
764.446
742.669
744.040
739.857
738.969
730.716
730.105
724.745
725.208
723.795
723.791
723.621
720.595
721.157
720.717
719.528
722.377
721.712
719.732
720.656
719.525
725.176
723.718
717.973
720.923
718.263
717.728
715.736
715.113
715.252
714.844
714.094
717.629
713.472
714.008
714.150
713.547
713.933
713.582
713.987
713.454
714.375
716.120
713.301
717.611
713.664
713.504
736.874
712.909
712.141
713.597
713.622
712.451
717.624
714.217
712.563
710.469
707.739
700.022
702.266
700.217
701.431
700.037
700.037
699.524
700.049
698.712
699.606
698.520
694.249
694.265
695.169
695.837
693.926
694.525
694.673
694.581
695.046
701.173
693.926
693.608
693.590
676.211
674.579
673.778
672.653
672.389
672.570
670.999
671.518
671.102
671.181
671.000
673.426
672.972
671.188
670.979
672.350
671.456
670.149
671.393
670.587
670.652
670.511
671.797
666.522
665.435
688.440
664.415
664.946
663.772
664.224
663.871
663.791
664.357
664.438
708.540
663.059
663.873
663.126
663.600
662.903
661.881
663.225
661.283
660.567
660.725
660.373
660.460
660.430
660.053
660.210
661.633
660.409
660.345
661.853
656.577
659.964
658.528
656.274
659.997
656.274
655.274
654.941
655.054
655.026
655.064
654.445
654.233
653.846
653.846
653.829
653.657
653.649
653.771
656.785
653.816
653.833
653.771
653.669
653.767
653.065
653.065
651.560
652.077
651.582
651.572
650.771
647.270
670.613
647.978
646.621
642.830
646.207
643.059

Error results for SA6
---------------------------
852.270
853.563
853.549
853.725
860.205
855.776
857.866
865.703
866.745
859.516
859.516
861.637
860.656
860.972
857.950
855.998
856.190
853.227
858.008
855.602
857.551
858.613
879.125
860.950
860.319
860.319
867.920
859.903
861.161
858.931
858.916
859.371
854.348
858.551
854.866
844.339
844.318
849.174
827.023
826.198
825.610
825.739
823.832
831.216
825.842
821.452
831.536
823.162
841.993
827.479
820.878
817.568
807.578
803.004
803.084
803.629
828.993
798.706
798.355
797.962
796.653
795.552
795.517
812.978
795.462
795.358
786.292
786.457
785.312
784.192
786.135
793.189
786.275
783.652
778.385
778.385
778.858
815.279
786.796
779.187
777.232
777.865
777.473
779.014
777.476
772.265
772.211
772.190
773.802
774.415
776.491
773.854
771.993
773.455
771.959
771.833
766.661
766.699
767.013
766.047
752.678
738.162
738.343
737.178
737.140
741.253
736.307
734.755
734.229
734.229
734.264
733.585
733.403
733.527
733.433
734.568
731.117
732.071
731.742
731.201
716.526
716.526
712.223
711.180
710.978
710.386
711.482
711.114
710.419
715.094
709.979
709.176
708.097
709.427
717.237
688.217
692.267
690.563
688.238
688.991
690.528
683.030
683.030
689.959
670.713
673.726
674.161
671.838
671.568
670.854
672.474
672.166
670.623
670.335
675.998
670.149
669.691
669.332
669.412
674.817
669.503
667.865
667.059
667.611
667.059
666.082
666.082
665.901
665.901
665.828
669.355
665.733
667.685
665.871
667.797
665.780
665.733
667.866
666.610
665.809
665.783
666.073
666.641
733.806
665.938
668.772
665.988
665.008
665.008
666.724
665.007
665.266
665.116
665.033
654.998
654.998
654.903
651.806
651.784
659.020
652.472
648.147
649.649
645.735
648.716
645.847
646.959
646.286
645.065
645.069
641.529
638.816
635.765
635.445
636.648
637.440
639.474
635.445
635.520
635.561
630.839
632.668
630.905
631.291
630.614
630.771
628.580
628.274
627.955
626.664
626.897
627.495
627.964
626.496
631.058
627.277
626.496
627.017
633.455
627.026
626.578
626.824
626.504
625.654
625.535
625.577
624.040
623.736
624.034
624.829
625.425
624.001
623.947
626.441
623.764
624.141
624.934
623.689
624.379
622.104
622.039
620.811
622.897
620.334
620.301
621.294
627.960
619.597
619.850
622.162
619.545
619.597
681.537
618.504
617.768
616.941
616.152
616.626
616.208
615.872
615.316
612.836
614.061
612.464
613.054
610.626
613.525
611.739
610.626
609.083
609.119
609.825
607.890
608.901
607.561
608.466
607.949
607.647
607.172
607.172
607.165
605.864
605.790
601.909
602.039
602.342
601.915
597.753
597.354
596.407
596.406
594.934
627.176
594.649
594.647
600.816
597.391
595.539
597.502
594.652
594.631
595.943
613.174
601.713
594.616
595.979
596.193
595.561
595.483
594.705
595.215
595.139
598.133
594.615
594.038
593.028
587.729
587.108
587.628
588.149
586.691
587.048
586.794
585.384
585.392
586.359
585.091
587.278
580.320
580.320
579.340
583.921
579.153
586.006
579.357
578.913
578.913
578.178
573.936
574.627
574.145
573.821
573.583
582.920
575.015
573.608
575.556
580.955
574.091
573.812
573.523
571.920
571.834
574.955
576.713
577.836
571.834
570.836
570.956
571.030
573.076
568.070
568.165
564.034
561.232
562.864
558.915
557.129
557.129
558.267
561.541
556.892
557.153
557.297
559.625
558.303
557.706
555.276
558.964
554.341
551.652
549.169
549.458
548.937
549.794
550.392
548.937
552.640
549.681
548.921
550.716
548.885
547.988
547.927
547.763
547.697
549.890
547.131
547.131
556.386
546.523
546.523
548.816
548.275
545.559
546.347
543.024
538.249
539.452
541.028
538.423
538.249
537.690
537.572
537.185
539.411
540.143
537.124
537.148
537.532
535.750
531.758
532.295
530.646
533.463
530.537
530.434
530.339
531.439
532.542
529.174
529.075
529.133
514.086
513.950
514.029
513.611
522.646
513.836
506.464
506.448
510.673
512.119
506.418
505.219
505.149
504.087
504.317
504.297
504.049
504.027
500.831
500.831
500.585
501.262
497.181
496.963
496.614
496.648
497.114
505.537
497.589
495.846
498.462
498.764
495.847
502.433
495.918
503.279
495.088
494.231
494.077
493.377
496.215
493.615
493.643
499.448
492.843
492.839
494.983

Error results for SA7
---------------------------
1025.308
1024.021
1001.837
996.727
996.822
996.825
984.681
984.681
982.695
996.849
993.904
1014.379
1014.408
1023.724
1040.710
1043.997
1050.034
1038.601
1038.601
1037.952
1038.628
1036.996
1037.121
1028.834
1034.759
1032.934
1009.234
997.865
997.865
992.635
994.696
988.712
988.539
989.327
986.940
990.562
1004.184
985.422
992.765
987.112
985.452
965.197
965.348
964.118
960.422
953.551
966.746
971.931
951.631
957.360
952.112
952.394
953.350
950.910
950.910
948.420
951.268
972.960
974.528
956.060
948.294
961.253
948.177
950.034
946.730
952.351
966.403
942.108
941.676
923.580
917.588
914.424
912.400
909.668
906.454
890.485
890.631
894.924
892.072
890.370
877.409
874.262
874.039
869.895
870.418
860.990
863.291
860.512
865.520
860.956
867.026
860.950
858.944
858.267
838.318
839.809
840.977
838.542
838.429
844.110
838.640
823.533
823.024
822.114
820.419
817.481
817.712
826.462
814.541
816.736
814.675
824.737
810.459
810.910
814.322
816.684
817.072
807.348
810.518
807.389
805.035
802.074
802.795
810.490
801.724
808.702
802.897
800.371
802.459
806.238
801.513
800.944
795.051
794.670
798.547
794.040
810.586
795.867
793.645
789.963
789.989
788.216
788.216
785.469
784.712
790.717
784.920
785.523
785.510
783.281
783.461
783.814
783.554
783.040
796.291
785.015
781.911
771.330
771.330
771.491
771.330
772.944
771.878
772.729
772.699
770.379
773.434
784.452
769.672
770.742
764.485
765.099
765.857
765.592
763.088
762.924
763.355
760.814
760.698
761.900
773.676
759.200
762.105
760.872
759.200
759.485
768.027
759.645
757.573
758.245
756.792
757.013
758.225
757.738
757.946
758.930
758.419
755.592
778.477
755.671
756.342
754.790
754.003
745.785
744.262
750.198
745.858
744.401
744.960
744.225
744.010
741.305
747.095
742.091
742.590
738.621
737.396
735.800
738.534
737.369
737.660
736.469
742.999
735.916
733.646
733.306
732.721
731.981
730.800
731.172
729.180
727.109
726.329
726.003
725.973
717.410
716.341
715.108
712.309
710.868
714.405
701.400
701.327
706.136
699.968
700.188
699.928
667.422
668.975
667.422
667.582
666.433
666.433
665.269
666.282
670.510
664.516
664.962
663.811
663.109
673.056
662.469
653.855
651.605
648.605
646.936
655.748
645.740
646.120
640.167
640.757
640.516
641.215
640.070
640.637
652.176
640.490
644.061
644.272
641.118
640.395
632.042
630.348
642.883
632.864
624.644
624.644
625.425
627.664
624.300
628.382
623.875
624.300
628.025
623.883
615.608
615.201
615.754
615.684
625.130
615.727
615.178
615.563
615.290
613.996
613.996
613.215
614.020
613.039
613.606
614.750
604.433
604.612
608.515
606.890
604.442
604.409
603.689
602.492
602.722
604.270
602.439
603.596
603.018
601.890
609.427
601.897
600.567
606.184
600.567
600.730
613.977
600.999
600.131
596.751
596.740
596.682
597.749
598.481
596.585
598.577
597.906
596.729
595.527
595.527
595.453
598.136
595.449
604.645
591.227
591.540
596.634
590.530
591.024
603.600
590.826
590.858
590.580
591.023
589.796
589.966
589.841
589.003
591.446
592.260
592.579
587.299
614.105
590.300
589.811
588.562
590.171
592.676
586.812
590.846
584.327
582.373
582.373
582.441
582.236
579.589
580.282
579.162
584.609
566.261
567.991
566.415
564.865
567.697
562.282
562.482
564.552
563.886
562.276
563.634
558.718
528.640
528.640
529.226
528.640
529.210
528.566
543.738
529.576
529.835
532.944
528.169
527.175
527.183
527.455
528.796
527.183
522.595
522.697
522.779
532.662
522.924
524.106
522.345
522.100
521.703
521.804
521.802
520.012
519.432
519.432
519.432
521.316
528.586
519.846
505.341
505.401
505.341
505.191
532.984
505.341
509.043
516.042
506.812
501.212
501.212
502.558
486.320
486.222
486.669
496.203
485.613
525.346
485.299
485.790
485.292
485.914
485.366
483.612
487.305
484.654
485.580
483.468
486.350
483.370
482.662
468.287
468.287
470.712
468.348
468.386
467.871
466.486
466.033
465.562
468.101
465.562
466.528
466.197
461.730
477.372
461.666
459.353
463.191
459.417
458.267
456.916
456.602
456.094
456.022
460.844
456.450
456.068
465.804
456.092
458.862
460.273
440.920
438.829
448.698
438.829
436.397
438.625
435.458
435.433

Error results for SA8
---------------------------
940.008
940.008
939.922
939.875
939.914
939.937
939.236
940.744
938.391
957.222
958.909
965.243
965.243
974.668
972.543
973.661
975.610
962.696
963.086
953.527
952.431
950.126
952.592
976.367
952.305
939.328
938.907
930.527
927.930
926.847
943.967
925.687
919.497
919.936
926.678
930.977
927.056
918.833
918.830
917.800
917.367
930.710
912.813
912.126
912.548
915.711
916.884
912.126
911.158
909.054
909.311
917.837
911.622
907.179
903.978
903.043
904.535
902.107
916.658
901.465
891.225
892.768
890.966
891.793
895.009
890.796
889.104
891.157
889.857
877.526
877.706
877.550
877.426
877.588
877.221
876.394
872.277
870.190
872.261
875.776
867.479
868.056
868.218
867.883
869.455
856.119
868.575
856.093
874.339
857.088
854.726
854.271
852.735
859.073
854.077
853.725
852.328
851.693
852.111
850.582
846.481
846.669
850.451
843.442
840.432
901.784
843.407
853.070
840.432
839.247
839.195
841.388
839.315
853.023
839.171
895.395
838.578
839.622
840.819
838.544
839.016
839.063
837.758
845.532
837.722
837.006
837.753
836.500
836.557
836.493
843.367
834.579
835.449
834.658
833.606
829.554
831.113
829.700
829.255
829.255
819.646
820.274
819.622
821.675
821.959
818.528
823.422
817.998
818.724
819.913
818.591
819.650
818.252
818.377
818.305
822.334
814.921
814.608
817.696
814.884
815.179
814.966
814.925
814.952
798.750
797.725
797.541
809.189
800.926
797.702
810.886
797.666
797.883
798.080
818.060
799.225
797.159
797.159
780.534
784.407
779.349
778.010
778.495
774.837
775.491
773.731
777.668
771.115
774.728
771.122
773.754
771.082
771.115
771.539
771.234
776.448
756.053
763.115
756.182
756.067
754.240
751.660
751.660
752.997
745.525
747.238
739.834
730.817
730.817
726.364
723.138
723.185
723.172
723.647
723.831
720.844
720.642
724.003
720.551
721.916
721.165
720.289
719.750
719.688
709.869
712.177
722.288
715.746
712.263
719.210
709.869
708.992
708.788
707.581
705.168
706.084
706.403
708.209
707.537
710.826
704.678
705.039
702.752
700.672
704.169
698.632
699.525
699.392
695.271
695.809
700.699
697.256
694.787
694.798
694.985
694.750
693.351
693.697
690.904
690.863
691.316
693.654
692.161
690.571
690.568
691.972
690.446
690.275
695.769
691.236
688.459
684.397
684.004
684.384
687.786
684.317
687.920
684.563
678.056
678.726
679.206
677.741
713.563
688.005
672.401
673.923
674.286
672.333
675.175
673.242
676.249
671.883
671.847
671.355
671.262
671.770
670.106
670.622
668.741
691.896
673.296
668.284
668.321
664.485
664.512
665.544
664.485
664.878
667.125
669.883
668.875
666.906
672.574
664.878
664.821
664.781
665.375
665.492
664.268
663.868
661.772
661.775
661.772
666.083
661.568
661.772
661.714
661.852
666.368
675.530
661.861
662.262
661.608
661.608
665.267
660.141
660.239
660.798
648.778
648.445
647.910
648.012
649.379
649.319
651.496
648.151
648.988
648.252
678.784
650.531
649.049
646.501
647.244
637.648
636.851
635.166
635.363
635.620
635.504
634.546
635.174
635.174
635.143
635.433
634.794
628.667
629.378
633.103
613.194
612.860
613.224
612.897
615.435
603.652
603.550
604.201
603.539
603.552
604.115
603.614
601.641
604.444
601.892
601.994
601.641
602.252
602.910
603.609
611.788
597.806
597.806
597.072
598.977
597.133
597.151
597.157
597.072
598.252
597.087
601.064
600.087
597.211
597.272
598.823
589.895
593.198
590.876
589.785
590.005
589.712
588.430
588.319
584.631
584.600
588.360
588.557
589.734
584.745
590.867
585.452
584.745
586.416
590.275
584.502
584.552
580.504
580.465
555.991
555.991
555.934
560.702
557.418
557.374
560.260
559.829
556.191
556.554
556.601
555.966
555.993
560.809
565.799
575.320
555.966
554.940
559.557
555.153
554.054
554.530
554.335
554.530
559.214
556.656
553.100
552.883
552.458
552.254
552.813
552.254
550.380
549.259
549.259
550.669
549.350
548.508
557.163
554.078
549.212
548.986
551.295
548.335
542.579
543.995
532.651
533.326
540.298
533.710
532.273
531.630
543.896
533.439
530.891
532.104
533.726
539.122
530.968
530.703
537.663
530.808
530.732
525.864
527.747
526.025
523.323
525.872
525.313
528.250
525.367
525.889
528.300

Error results for SA9
---------------------------
1325.035
1323.448
1324.610
1326.073
1322.062
1322.062
1323.089
1324.244
1329.800
1327.684
1332.937
1332.438
1322.505
1332.136
1334.789
1352.386
1359.836
1355.905
1357.747
1354.580
1354.339
1351.774
1353.170
1358.485
1379.193
1360.023
1361.324
1346.185
1337.180
1337.167
1335.724
1334.364
1334.519
1349.783
1324.642
1320.597
1321.088
1311.694
1314.393
1311.770
1312.072
1311.129
1324.409
1313.314
1313.700
1310.948
1309.797
1322.734
1309.903
1295.889
1292.290
1295.334
1283.548
1252.191
1254.941
1251.246
1249.616
1249.275
1249.863
1248.647
1252.273
1257.168
1261.295
1227.393
1222.089
1215.853
1214.563
1213.719
1216.172
1213.719
1216.390
1212.698
1212.625
1214.022
1206.599
1234.929
1218.660
1205.536
1213.057
1214.234
1205.767
1210.135
1204.968
1301.535
1209.556
1204.764
1200.713
1209.114
1199.997
1203.677
1202.494
1198.946
1202.697
1205.558
1191.796
1191.087
1186.492
1184.756
1189.827
1184.756
1180.485
1180.676
1182.742
1172.230
1177.932
1173.478
1172.379
1166.874
1175.840
1185.700
1167.513
1173.310
1166.474
1166.034
1176.680
1164.973
1164.973
1144.629
1152.350
1144.009
1131.718
1132.583
1135.479
1136.029
1131.775
1120.646
1121.720
1128.463
1128.473
1094.757
1084.837
1084.841
1093.706
1084.190
1083.680
1080.782
1080.203
1092.930
1079.691
1080.415
1073.977
1074.330
1073.977
1094.272
1069.506
1077.533
1069.543
1067.774
1067.761
1070.212
1068.972
1067.485
1067.537
1062.077
1045.756
1045.756
1047.605
1044.516
1034.330
1039.100
1027.556
1029.182
1010.346
1008.848
987.803
987.803
987.914
987.425
985.002
981.944
981.483
978.737
978.446
983.988
1068.122
979.558
1035.128
977.446
983.000
977.261
978.477
935.457
937.565
918.193
918.311
923.629
917.288
917.505
917.864
911.393
902.791
907.876
906.223
902.813
904.789
899.481
901.738
912.795
900.821
899.472
899.919
899.574
899.471
899.519
898.720
905.341
907.251
874.323
874.460
871.606
869.801
867.779
864.985
863.676
863.676
864.279
865.483
863.703
863.711
870.581
881.697
863.570
863.015
864.877
863.015
861.050
860.484
857.554
859.534
868.620
857.670
872.552
857.527
857.604
857.064
846.990
844.042
840.091
839.930
842.482
822.261
818.587
816.400
816.468
818.185
816.786
814.343
812.064
816.019
811.555
807.446
798.483
797.443
797.443
797.454
794.260
798.342
793.872
717.511
719.727
715.032
713.092
712.356
714.221
712.266
713.300
711.109
712.579
708.796
709.429
705.296
707.979
704.545
693.776
697.122
689.663
686.969
686.095
684.492
684.222
685.327
684.222
686.091
689.030
684.408
691.152
682.776
684.213
689.953
684.052
682.759
684.625
679.108
675.213
675.225
676.235
675.009
675.437
675.009
680.842
674.816
673.605
673.680
673.739
673.668
673.614
672.616
671.460
674.531
669.606
670.070
669.608
671.360
669.400
669.327
668.213
664.916
666.601
666.528
665.798
662.661
667.963
669.675
649.880
640.305
640.297
638.942
638.942
643.211
637.749
637.749
641.186
637.372
637.582
640.432
630.712
630.202
630.711
630.206
630.217
642.116
624.021
625.230
623.961
623.961
621.217
621.486
621.173
616.206
614.277
622.648
615.152
614.263
614.277
613.909
613.904
612.511
620.037
615.242
624.915
609.987
609.992
609.610
611.271
604.696
604.655
605.663
609.658
607.092
605.338
605.182
604.153
604.232
607.730
604.753
603.500
604.670
603.462
603.445
603.513
604.921
601.717
603.266
601.627
599.233
598.418
609.552
598.343
598.343
599.389
598.343
596.858
596.858
593.790
595.071
594.153
593.380
590.638
591.340
592.481
589.514
593.467
588.004
585.388
584.599
582.975
580.122
578.730
582.664
578.325
577.868
576.084
575.586
575.586
576.621
575.260
574.822
575.008
575.011
575.483
575.080
578.164
577.927
575.272
568.803
574.377
568.977
568.726
568.648
568.670
566.272
566.811
566.272
565.314
565.593
566.311
566.563
566.217
565.285
564.861
560.478
559.957
561.795
559.921
560.441
568.312
558.193
557.613
563.726
559.885
556.845
556.878
576.495
554.322
561.491
554.441
554.014
557.022
553.603
553.604
554.462
552.936
549.821
549.809
552.150
576.132
549.821
548.348
549.531
549.531
549.320
543.277
544.171
562.418
545.757
544.624
543.160
543.353
543.432
544.171
543.277
543.700
543.239
543.586
543.864
543.283
543.078
543.450
569.256
543.093
546.411
544.051
544.452
543.093
543.637
536.576
535.137
534.512
532.960
533.330

Error results for SA10
---------------------------
1127.092
1134.332
1130.334
1126.390
1128.758
1124.009
1142.188
1141.419
1143.900
1136.635
1137.015
1137.368
1159.981
1158.878
1157.660
1155.617
1155.504
1137.159
1140.981
1144.629
1144.629
1161.999
1154.720
1165.685
1155.894
1155.762
1159.474
1137.643
1141.596
1137.643
1137.643
1160.000
1137.451
1157.772
1139.579
1135.149
1141.927
1133.702
1129.331
1136.254
1128.437
1141.031
1130.789
1119.754
1118.506
1118.572
1117.838
1111.275
1107.819
1097.918
1089.000
1102.528
1104.762
1097.505
1096.651
1091.767
1088.296
1088.708
1082.648
1082.678
1082.648
1082.501
1082.644
1082.473
1066.694
1061.141
1061.218
1061.141
1059.809
1063.427
1070.645
1060.620
1050.613
1051.254
1034.884
1038.365
1033.985
1030.518
1030.549
1024.079
1019.123
1019.123
975.174
997.595
972.999
972.896
973.246
972.630
979.143
985.664
966.343
966.260
964.881
962.047
955.254
949.823
957.649
950.299
951.489
949.846
964.739
949.973
947.308
947.005
944.701
943.663
939.609
945.198
941.240
932.996
933.644
944.440
933.213
932.860
937.489
931.242
931.224
920.999
916.458
913.880
885.128
884.939
884.850
896.704
889.325
885.867
887.309
886.718
877.192
893.289
878.417
870.630
867.779
866.839
861.398
860.874
858.681
858.681
858.071
858.198
852.286
853.253
855.011
853.824
852.627
861.517
846.972
858.165
847.150
851.844
846.695
846.695
852.451
861.898
840.951
840.951
843.214
840.793
840.784
840.874
839.017
858.940
838.756
838.542
841.143
838.542
842.916
848.819
839.065
838.728
838.651
840.853
840.142
844.464
837.756
837.306
846.677
839.322
839.096
835.253
833.952
834.039
833.251
848.647
833.264
804.208
806.494
807.998
798.511
797.598
799.327
797.598
798.768
785.919
786.208
785.630
783.317
780.429
780.425
772.405
773.718
772.974
771.594
772.242
772.100
772.662
771.191
769.059
768.433
762.491
736.812
700.414
700.809
700.414
704.695
700.378
701.454
699.525
699.297
700.925
699.297
696.754
693.777
693.575
692.470
692.216
698.480
688.682
700.717
688.896
714.498
700.515
698.880
690.216
695.122
688.864
688.864
692.728
688.708
685.477
688.015
690.086
683.242
684.093
680.790
672.653
673.501
672.653
672.653
686.525
669.464
673.573
669.387
669.143
680.609
656.789
662.564
659.099
656.485
656.267
655.994
655.529
653.175
652.202
652.785
649.541
659.724
654.949
650.099
649.335
649.581
649.324
646.984
646.826
648.767
648.328
648.318
644.252
646.152
659.543
644.642
620.813
620.535
624.757
615.862
615.731
622.672
609.183
609.608
610.703
604.509
608.867
602.265
602.117
601.620
628.572
603.392
602.786
611.057
601.897
601.682
596.231
596.346
596.600
597.819
596.700
596.050
594.598
590.974
589.625
589.041
589.041
589.041
584.259
584.467
584.479
586.627
581.220
583.136
581.220
579.767
582.609
580.295
576.767
575.621
573.332
579.433
576.473
573.308
570.796
568.305
568.430
568.033
566.545
568.365
564.797
561.461
561.238
555.293
555.735
555.459
553.838
551.892
552.748
553.045
548.241
549.639
548.872
549.352
548.353
547.914
548.547
548.660
547.695
547.914
548.017
548.055
554.864
550.452
548.294
548.528
547.338
547.338
545.046
545.046
545.273
545.046
544.557
545.051
543.745
543.561
543.936
543.609
543.487
548.373
543.448
543.551
544.926
547.777
539.705
542.151
540.416
539.413
539.408
539.291
540.245
539.353
537.449
539.873
537.437
534.309
535.800
533.935
533.612
528.158
514.333
517.978
503.735
503.150
503.530
500.874
508.674
500.795
500.918
501.321
502.326
503.125
502.838
500.128
500.075
499.885
502.693
499.885
500.221
504.715
501.779
499.743
500.269
500.248
499.824
499.834
499.490
499.489
500.980
503.786
498.189
499.916
498.235
501.186
497.861
497.846
495.653
523.078
495.793
495.476
495.665
495.236
489.975
490.615
490.868
489.975
489.774
496.693
491.249
489.680
490.538
491.208
491.213
489.705
489.781
489.303
489.567
486.498
486.498
486.567
486.498
489.860
488.928
486.489
488.200
486.838
487.899
486.626
490.725
487.628
486.371
486.950
486.488
497.166
485.109
485.856
485.402
486.661
485.109
493.837
494.581
509.235
484.560
483.870
481.962
481.085
480.782
481.070
481.377
481.053
474.972
474.972
478.097
474.456
476.858
473.740
473.740
475.378
474.311
483.105
477.974
482.195
472.393
473.588
473.601

--------------------------------------------
Results for SA1: 
--------------------------------------------
Correctly classified (TEST) 2924.0 instances.
Incorrectly classified (TEST) 393.0 instances.
Percent correctly classified (TEST): 88.152%

Correctly classified (TRAIN)6826.0 instances.
Incorrectly classified (TRAIN) 912.0 instances.
Percent correctly classified (TRAIN): 88.214%

Training time: 27.522 seconds
Testing time: 0.154 seconds

--------------------------------------------
Results for SA2: 
--------------------------------------------
Correctly classified (TEST) 2904.0 instances.
Incorrectly classified (TEST) 413.0 instances.
Percent correctly classified (TEST): 87.549%

Correctly classified (TRAIN)6795.0 instances.
Incorrectly classified (TRAIN) 943.0 instances.
Percent correctly classified (TRAIN): 87.813%

Training time: 26.264 seconds
Testing time: 0.069 seconds

--------------------------------------------
Results for SA3: 
--------------------------------------------
Correctly classified (TEST) 2877.0 instances.
Incorrectly classified (TEST) 440.0 instances.
Percent correctly classified (TEST): 86.735%

Correctly classified (TRAIN)6688.0 instances.
Incorrectly classified (TRAIN) 1050.0 instances.
Percent correctly classified (TRAIN): 86.431%

Training time: 24.740 seconds
Testing time: 0.067 seconds

--------------------------------------------
Results for SA4: 
--------------------------------------------
Correctly classified (TEST) 2579.0 instances.
Incorrectly classified (TEST) 738.0 instances.
Percent correctly classified (TEST): 77.751%

Correctly classified (TRAIN)5992.0 instances.
Incorrectly classified (TRAIN) 1746.0 instances.
Percent correctly classified (TRAIN): 77.436%

Training time: 24.690 seconds
Testing time: 0.063 seconds

--------------------------------------------
Results for SA5: 
--------------------------------------------
Correctly classified (TEST) 2640.0 instances.
Incorrectly classified (TEST) 677.0 instances.
Percent correctly classified (TEST): 79.590%

Correctly classified (TRAIN)6108.0 instances.
Incorrectly classified (TRAIN) 1630.0 instances.
Percent correctly classified (TRAIN): 78.935%

Training time: 25.400 seconds
Testing time: 0.069 seconds

--------------------------------------------
Results for SA6: 
--------------------------------------------
Correctly classified (TEST) 2821.0 instances.
Incorrectly classified (TEST) 496.0 instances.
Percent correctly classified (TEST): 85.047%

Correctly classified (TRAIN)6604.0 instances.
Incorrectly classified (TRAIN) 1134.0 instances.
Percent correctly classified (TRAIN): 85.345%

Training time: 25.648 seconds
Testing time: 0.089 seconds

--------------------------------------------
Results for SA7: 
--------------------------------------------
Correctly classified (TEST) 2880.0 instances.
Incorrectly classified (TEST) 437.0 instances.
Percent correctly classified (TEST): 86.825%

Correctly classified (TRAIN)6638.0 instances.
Incorrectly classified (TRAIN) 1100.0 instances.
Percent correctly classified (TRAIN): 85.784%

Training time: 25.999 seconds
Testing time: 0.063 seconds

--------------------------------------------
Results for SA8: 
--------------------------------------------
Correctly classified (TEST) 2786.0 instances.
Incorrectly classified (TEST) 531.0 instances.
Percent correctly classified (TEST): 83.992%

Correctly classified (TRAIN)6418.0 instances.
Incorrectly classified (TRAIN) 1320.0 instances.
Percent correctly classified (TRAIN): 82.941%

Training time: 24.639 seconds
Testing time: 0.061 seconds

--------------------------------------------
Results for SA9: 
--------------------------------------------
Correctly classified (TEST) 2768.0 instances.
Incorrectly classified (TEST) 549.0 instances.
Percent correctly classified (TEST): 83.449%

Correctly classified (TRAIN)6462.0 instances.
Incorrectly classified (TRAIN) 1276.0 instances.
Percent correctly classified (TRAIN): 83.510%

Training time: 26.352 seconds
Testing time: 0.068 seconds

--------------------------------------------
Results for SA10: 
--------------------------------------------
Correctly classified (TEST) 2805.0 instances.
Incorrectly classified (TEST) 512.0 instances.
Percent correctly classified (TEST): 84.564%

Correctly classified (TRAIN)6532.0 instances.
Incorrectly classified (TRAIN) 1206.0 instances.
Percent correctly classified (TRAIN): 84.415%

Training time: 27.259 seconds
Testing time: 0.063 seconds