Error results for RHC1
---------------------------
1432.016
1432.012
1437.457
1428.842
1426.307
1431.903
1426.005
1407.132
1402.177
1513.133
1396.617
1394.358
1393.972
1393.082
1405.470
1398.125
1401.430
1394.018
1398.938
1401.751
1419.652
1393.713
1380.881
1374.997
1376.340
1373.984
1365.297
1370.757
1389.209
1368.768
1360.327
1358.948
1358.784
1359.765
1362.301
1358.853
1358.230
1356.537
1354.749
1353.909
1362.089
1353.141
1353.141
1362.215
1349.568
1349.644
1345.851
1345.529
1345.529
1320.364
1286.741
1287.824
1284.950
1297.957
1282.953
1282.953
1283.087
1376.162
1291.810
1282.954
1280.264
1289.671
1271.129
1266.024
1264.146
1262.566
1259.269
1249.747
1242.015
1242.015
1239.457
1248.548
1239.457
1283.052
1239.607
1241.488
1244.275
1239.806
1238.393
1244.012
1237.847
1237.003
1234.639
1238.261
1194.947
1196.093
1192.359
1192.359
1193.919
1182.481
1184.915
1176.602
1181.228
1174.899
1165.252
1162.072
1162.723
1159.471
1166.652
1159.648
1159.213
1159.270
1132.816
1134.270
1130.353
1130.553
1133.770
1119.857
1119.845
1118.477
1118.471
1118.091
1121.739
1121.675
1134.100
1121.342
1121.107
1129.389
1118.209
1118.185
1106.655
1104.990
1104.615
1104.570
1113.721
1104.570
1104.853
1105.319
1098.375
1089.871
1087.632
1088.499
1088.813
1089.479
1085.691
1086.380
1085.742
1091.421
1073.778
1076.193
1058.914
1054.590
1050.277
1047.061
1049.660
1049.657
1046.781
1047.469
1047.766
1047.792
1044.691
1051.102
1046.475
1044.326
1043.543
1043.507
1033.796
1037.053
1035.492
1034.365
1038.840
1033.811
1034.715
1033.611
1067.317
1030.453
1046.259
1035.822
1034.587
1028.803
1028.819
1028.231
1030.466
1031.017
1025.532
1077.943
1026.930
1025.433
1022.929
1031.343
1017.859
1018.439
1017.859
1018.220
1025.736
1017.268
1016.462
1016.522
1015.887
1023.481
1005.483
1003.359
1022.948
1003.322
1005.355
998.956
998.366
999.435
997.794
996.514
994.320
995.051
1005.668
994.357
1002.405
995.706
997.460
994.320
994.727
991.740
992.761
991.887
990.987
1007.526
990.812
990.840
988.038
987.291
986.877
987.111
985.246
985.246
992.551
985.247
992.479
982.399
976.270
975.461
978.193
992.169
975.831
975.560
975.459
978.128
975.616
977.087
979.992
971.835
970.711
968.112
968.189
966.956
965.067
964.942
964.072
966.425
967.054
967.173
967.468
964.791
964.772
964.780
958.471
956.547
958.222
953.474
962.633
950.588
945.437
948.870
942.713
942.713
942.862
942.625
941.220
946.027
946.709
942.265
940.909
940.226
939.203
934.256
934.500
934.256
934.257
956.699
930.248
929.172
928.372
933.697
926.517
928.565
926.234
934.809
923.884
930.250
923.359
933.949
926.000
923.486
923.584
930.599
921.389
920.955
920.955
921.450
920.454
912.758
913.645
913.657
920.165
909.900
910.854
911.516
908.520
909.045
909.488
904.556
904.571
908.267
900.280
901.034
901.317
900.580
893.427
893.427
893.754
897.897
902.022
893.420
893.932
889.247
887.136
873.438
873.171
873.464
870.426
871.005
873.870
878.043
871.390
872.897
872.786
868.258
869.160
877.003
868.582
871.516
870.052
856.824
855.302
855.145
864.118
851.542
853.433
853.094
861.994
852.929
851.340
847.576
856.009
850.056
841.007
841.007
839.468
847.785
841.091
844.194
837.834
836.938
841.512
835.580
835.648
835.580
835.489
835.011
824.702
829.378
824.858
823.663
825.313
824.962
823.919
824.390
822.830
822.835
834.100
824.036
822.835
821.800
821.725
823.041
821.749
821.714
821.133
824.484
822.289
821.001
820.880
820.920
814.210
813.091
814.251
814.707
809.907
809.907
810.285
809.887
810.707
811.704
813.750
803.316
803.022
805.000
803.094
813.222
818.783
784.564
782.912
779.893
780.425
795.975
780.006
779.540
778.135
777.281
780.227
778.288
773.006
772.964
766.702
772.351
766.681
765.559
764.901
748.610
748.453
750.517
750.289
746.908
746.125
746.031
745.912
744.841
748.237
743.232
739.869
737.885
735.731
736.455
739.244
736.116
736.217
736.185
732.431
756.478
734.779
732.862
732.823
735.014
732.448
739.100
736.321
734.003
740.025
729.565
729.565
728.487
729.095
730.249
728.487
727.622
730.635
726.841
722.896
726.308
717.182
725.915
718.753
717.182
720.197
716.706
716.556
716.609
716.305
714.247
709.064
709.291
708.089
709.154
704.511
707.779
697.268
699.641
696.546
701.855
688.299
688.093
688.835
687.328
691.655
686.357
688.185
688.770
687.028
694.776
686.197
687.051
686.141
686.141
685.704
687.674
686.927
688.820
682.933
686.425
683.108
682.552
682.664
683.409
682.759
682.224
682.327
683.262
683.738
682.914
681.609
683.848
681.735
681.161
685.800
685.463
681.780
681.357
683.414
681.417
681.039
677.338
676.023
682.740
677.567
680.547
676.426
676.252
676.228
675.118
675.118
679.744
675.134
675.130
675.143
674.402
674.370
676.015
684.053
676.617
673.860
674.798
674.040
673.967
674.588
684.634
674.727
675.970
673.860
675.251
674.618
671.838
671.812
673.307
666.879
666.876
667.568
662.211
659.657
659.665
658.895
672.981
659.078
658.646
660.656
663.638
658.185
657.457
658.986
657.291
660.319
656.369
656.714
656.324
656.600
655.406
654.579
654.329
652.847
654.376
650.678
650.893
647.897
648.902
650.331
649.648
645.260
645.476
645.096
645.226
642.511
642.991
642.952
642.601
642.491
642.446
642.464
646.663
642.474
643.342
642.522
645.130
649.990
640.947
643.948
635.256
655.544
635.686
636.519
641.274
634.864
635.783
635.780
630.628
637.319
630.628
630.552
633.317
630.322
629.675
645.252
629.889
629.636
630.901
629.847
631.553
629.016
628.218
624.850
628.669
624.783
624.436
624.835
622.063
621.929
622.018
626.773
623.476
621.538
621.398
622.734
627.703
614.460
615.345
614.950
618.249
614.184
605.912
608.391
609.543
607.578
605.912
603.742
604.538
603.691
603.573
603.562
603.302
600.944
602.035
598.550
600.763
600.299
598.681
599.111
598.858
598.075
599.656
600.213
598.234
598.717
597.891
604.435
606.356
598.729
598.415
604.616
601.033
597.972
598.380
597.099
601.166
597.101
609.467
597.107
596.955
597.095
595.778
598.502
591.588
574.004
574.125
573.671
573.905
574.251
567.526
562.641
563.149
561.870
562.013
561.059
557.860
557.792
557.418
548.599
544.541
544.710
544.541
545.551
544.692
545.133
544.484
544.483
547.172
546.775
566.405
543.955
544.874
543.777
543.777
544.418
548.387
543.035
539.439
539.224
539.594
539.224
524.514
526.832
524.791
507.241
506.457
509.104
536.219
507.420
511.832
508.644
507.771
504.926
507.509
504.414
505.076
504.804
504.542
511.101
504.484
504.338
506.259
502.802
502.802
492.282
492.288
501.004
494.955
492.868
491.598
491.888
499.970
491.947
500.558
486.027
486.615
487.743
485.927
485.927
485.947
485.873
485.965
486.382
485.997
487.038
484.900
488.254
484.900
482.467
484.176
482.960
482.960
482.898
483.318
484.732
485.317
485.867
481.624
478.423
479.401
477.946
479.426
476.684
476.112
477.670
476.406
474.776
474.441
474.435
474.786
475.174
474.127
473.623
470.276
466.967
466.404
466.621
467.024
468.123
461.889
463.553
461.403
459.979
459.681
458.073
458.197
457.947
457.944
457.857
462.063
464.072
457.139
457.026
459.922
458.292
468.668
457.026
459.192
457.026
456.027
456.007
455.503
456.342
454.816
449.688
449.765
450.034
449.787
450.918
451.029
449.014
456.791
447.752
447.584
446.517
447.747
447.751
448.135
446.773
446.733
455.393
446.965
446.051
446.493
448.067
446.097
448.258
450.418
446.288
449.354
446.857
446.833
445.759
444.608
444.866
447.496
444.634
446.886
444.866
444.847
444.493
445.404
444.981
444.776
445.367
444.685
448.607
441.922
440.561
440.561
443.940
440.581
440.552
438.739
438.739
442.507
439.129
440.860
439.500
439.279
441.948
439.272
440.070
439.495
439.150
438.633
439.719
439.325
439.175
479.686
441.070
435.398
439.161
437.924
434.895
433.080
433.335
433.362
422.711
417.458
417.372
418.854
418.266
417.525
419.736
417.934
417.039
417.075
421.054
417.404
417.532
418.258
426.889
416.775
417.082
417.039
418.119
418.200
418.779
421.129
416.917
424.950
419.009
415.742
417.575
417.541
417.450
421.374
416.731
418.728
419.053
419.013
416.233
417.638
417.477
416.946
416.233
417.201
416.641
416.274
416.068
415.894
415.827
416.436
417.375
414.916
414.910
415.258
416.571
417.384
413.746
413.414
414.171
413.488
413.321
410.985
406.124
406.321
406.121
406.124
406.524
406.997
408.083
406.768
403.162
402.982
403.685
405.094
402.270
402.355
403.222
400.391
401.085
401.120
401.142
400.767
400.797
399.978
400.313
397.841
397.959
397.738
397.738
397.891
397.738
396.270
398.575
396.135
396.288
398.500
396.570
396.166
395.676
396.119
397.213
399.682
398.961
399.278
396.219
398.347
396.316
396.817
397.160
398.597
396.407
396.246
397.846
396.344
396.421
397.687
396.642
395.869
395.351
394.841
396.087
395.426
395.301
394.841
394.900
389.310
389.367
389.310
389.310
387.813
388.178
386.055
386.012
386.019
383.563
383.563
383.393
382.573
382.570
382.573
384.439
383.078
382.630
379.389
381.027
380.921
380.330
379.341
379.051
381.151
379.471
379.113
378.974
378.970
371.158
371.545
369.893
369.962
370.079
369.799
369.491
370.152
369.782
369.680
369.423
369.697
370.183
369.204
369.837
369.621
371.197
369.677
371.061
369.767
370.785
370.330
369.864
371.315
369.831
376.007
371.353
372.926
368.931
369.250
368.935
371.825
368.119
368.119
367.947
368.897
366.595
366.903
366.639
366.559
366.935
366.963
363.862
367.665
362.845
362.014
364.109
362.081
359.476
361.164
359.478
359.579
357.157
357.145
357.591
360.410
357.890
357.486
357.114
356.104
354.604
354.540
354.445
354.639
349.309
349.713
349.072
349.438
349.122
349.122
349.122
349.122
354.487
349.517
349.136
349.128
349.016
350.556
349.618
349.233
350.235
350.362
352.581
348.883
348.913
354.880
351.981
349.314
348.901
348.838
348.961
349.099
355.177
351.302
351.925
348.959
349.189
348.959
349.091
343.675
345.065
343.883
343.636
343.666
343.629
343.457
344.024
342.783
342.044
342.098
338.987
343.127
339.014
338.322
338.217
359.535
337.810
338.424
338.224
339.376
338.299
338.921
338.537
338.286
338.221
338.127
338.057
338.008
338.124
338.015
338.027
337.579
338.020
338.050
337.966
337.297
338.619
337.618
338.216
337.479
337.556
337.265
338.218
337.510
337.265
330.278
330.411
329.968
330.151
330.231
330.072
330.359
330.072
330.578
329.842
330.754
330.193
329.566
329.997
329.798
330.419
329.963
332.016
329.953
331.436
329.939
329.953
331.080
329.853
330.235
334.327
329.913
329.594
330.620
330.334
331.889
329.547
332.240
331.277
328.278
329.054
328.931
328.278
330.438
329.598
328.133
328.503
327.925
328.133
328.133
326.982
327.250
327.176
328.046
327.722
326.987
330.058
328.798
327.528
327.715
327.069
328.430
328.419
326.885
326.968
328.039
326.864
326.197
326.620
326.841
331.713
327.491
327.184
329.660
327.249
327.647
325.482
325.482
325.546
325.447
325.358
325.899
322.524
321.900
322.041
321.901
322.324
323.196
322.046
321.963
321.842
322.274
321.942
321.946
322.267
322.384
322.138
322.664
325.212
325.320
321.860
321.688
326.932
321.979
324.387
321.993
321.708
321.613
328.508
327.131
321.494
323.145
322.703
321.613
322.956
321.659
320.693
322.651
322.208
320.835
320.668
319.515
318.797
318.638
315.218
315.218
314.985
317.194
315.044
316.384
314.783
315.013
315.013
315.068
318.389
315.125
315.096
318.101
319.531
314.963
317.997
315.205
314.889
316.069
314.869
316.956
318.021
314.900
316.034
314.639
314.532
313.836
313.533
313.939
313.832
313.794
313.702
314.389
316.288
317.570
316.549
314.072
314.458
313.391
313.186
312.968
312.925
312.960
312.607
312.093
313.229
310.998
310.821
305.343
305.286
305.212
305.164
305.958
305.183
310.901
303.253
303.919
303.989
308.513
303.117
305.412
303.043
304.891
304.446
303.248
303.128
302.976
303.222
302.976
303.052
304.201
303.011
305.381
303.316
303.023
302.961
309.813
302.955
305.360
303.027
303.131
310.183
303.271
303.271
303.033
302.927
302.886
302.971
302.532
304.089
302.860
304.702
303.095
304.638
302.986
302.869
302.649
302.645
302.438
302.345
302.576
302.382
302.447
302.140
302.140
302.182
306.877
302.140
302.218
301.937
303.222
302.123
301.800
301.805
301.801
301.432
301.870
301.613
301.395
301.458
308.565
301.458
301.725
302.625
302.639
301.150
301.109
304.596
301.056
301.157
314.920
301.019
302.861
306.038
302.977
303.119
300.324
302.916
300.984
300.522
303.011
300.443
300.832
300.381
300.148
300.377
298.713
298.754
300.452
300.067
298.701
302.907
298.736
302.601
298.822
298.713
302.169
297.958
294.585
294.821
293.682
291.331
292.936
292.893
290.357
293.462
291.707
291.562
292.402
291.562
292.955
292.232
291.455
288.384
288.384
288.396
288.396
290.023
293.278
291.469
288.630
288.278
288.109
288.259
288.201
288.431
288.760
287.834
288.483
288.696
288.463
288.330
289.898
288.415
290.180
288.330
288.330
287.185
287.230
286.921
284.389
283.750
284.679
283.927
283.649
283.568
283.432
284.801
281.955
281.955
281.954
281.954
276.987
278.253
279.313
278.561
277.080
279.637
277.131
277.966
276.987
276.450
278.421
277.468
277.963
276.424
276.475
276.423
276.558
276.492
278.581
276.369
275.878
277.032
277.119
277.649
287.598
279.074
277.516
281.972
277.373
278.827
279.238
282.169
277.516
274.262
274.440
274.517
274.670
276.560
274.559
273.851
275.853
273.926
275.633
274.046
273.926
274.091
272.819
272.720
273.815
270.874
270.874
271.126
270.795
270.874
270.990
273.240
270.752
271.265
272.353
271.234
270.477
270.850
275.585
272.062
270.192
270.192
270.722
270.192
270.319
268.858
270.800
269.034
269.006
268.368
268.946
269.272
269.242
268.858
272.917
268.684
268.762
268.728
268.813
269.767
268.715
270.834
269.833
270.653
268.674
273.748
268.443
269.009
268.671
274.116
268.393
269.602
268.759
269.188
268.471
268.168
268.119
268.708
269.468
268.136
268.104
269.474
270.979
268.733
268.198
270.606
267.446
277.610
266.762
268.097
267.723
266.541
266.533
266.723
271.092
266.533
267.861
266.604
266.672
267.330
267.363
268.701
267.572
266.110
266.091
264.385
262.804
263.091
263.042
263.048
263.167
263.091
260.472
261.141
261.094
260.810
260.513
262.068
261.066
256.983
258.328
257.378
256.983
257.173
256.796
258.157
256.796
256.819
259.332
256.878
256.871
257.440
256.908
256.872
257.353
257.765
261.134
257.759
257.739
260.272
257.938
257.466
257.292
257.371
257.295
257.406
258.227
257.615
257.274
257.640
257.223
257.483
258.313
256.983
258.099
258.742
256.983
257.109
256.983
257.141
256.859
259.486
256.867
256.780
256.774
257.005
258.099
256.743
256.456
257.275
257.124
257.209
256.752
257.519
256.581
258.364
256.599
256.225
256.384
256.073
256.745
258.584
256.464
258.729
256.137
256.664
256.617
256.517
257.435
257.839
256.905
256.156
256.338
255.989
255.989
255.759
255.151
255.553
255.151
250.030
250.698
252.062
250.134
250.039
250.112
250.419
250.122
250.736
250.122
253.432
250.056
250.046
250.806
249.952
250.516
251.627
250.314
250.046
250.103
250.038
249.758
250.038
249.231
248.397
248.828
248.493
249.655
248.559
248.603
248.300
248.548
248.484
249.338
249.509
248.257
247.945
251.014
248.004
248.004
247.994
249.977
247.824
248.215
247.630
249.211
248.264
248.476
247.426
247.409
247.045
247.244
251.198
246.691
246.968
247.124
246.706
246.056
247.982
247.181
246.046
245.680
245.675
245.675
245.731
245.272
247.520
245.398
245.496
245.398
245.398
246.709
245.743
245.926
247.317
245.701
245.840
245.681
245.740
246.148
245.950
247.061
245.144
245.294
244.269
244.403
244.839
244.316
245.669
244.301
244.403
244.859
244.049
253.045
243.583
244.262
243.972
244.154
244.672
244.141
244.115
244.130
244.206
245.925
244.472
244.507
243.795
243.484
243.501
242.129
243.258
244.637
241.809
241.683
242.158
242.928
243.126
242.178
242.258
242.175
242.701
242.313
242.520
242.346
243.489
242.530
247.454
242.349
242.304
242.976
244.673
242.528
243.760
242.899
242.148
244.709
242.170
242.170
242.049
242.489
242.049
242.175
241.952
241.739
242.721
241.379
241.618
241.361
240.896
241.729
241.591
241.559
241.627
241.611
241.472
241.633
241.433
242.576
244.094
241.374
242.640
241.353
241.392
241.417
241.293
241.287
241.077
241.077
241.073
241.056
236.601
236.392
236.688
237.267
236.674
236.590
236.856
237.561
237.045
237.301
236.752
236.674
236.558
238.374
236.169
236.259
236.184
236.221
236.917
236.146
236.138
236.164
237.158
235.626
238.184
236.218
235.953
235.527
235.328
236.320
238.148
235.436
235.689
237.009
235.208
235.328
235.801
235.267
235.836
235.688
235.831
235.800
236.142
236.689
235.843
237.060
235.836
235.794
235.907
235.562
235.294
236.655
235.420
235.438
236.045
235.061
235.398
235.646
232.933
233.145
233.333
233.265
233.098
232.944
233.426
232.933
233.664
233.448
231.449
232.692

--------------------------------------------
Accuracy for RHC1 after 0 training iterations:
--------------------------------------------
Correctly classified (TEST) 1162.0 instances.
Incorrectly classified (TEST) 2155.0 instances.
Percent correctly classified (TEST): 35.032%

Correctly classified (TRAIN)2663.0 instances.
Incorrectly classified (TRAIN) 5075.0 instances.
Percent correctly classified (TRAIN): 34.415%

--------------------------------------------
Accuracy for RHC1 after 250 training iterations:
--------------------------------------------
Correctly classified (TEST) 1905.0 instances.
Incorrectly classified (TEST) 1412.0 instances.
Percent correctly classified (TEST): 57.431%

Correctly classified (TRAIN)4434.0 instances.
Incorrectly classified (TRAIN) 3304.0 instances.
Percent correctly classified (TRAIN): 57.302%

--------------------------------------------
Accuracy for RHC1 after 500 training iterations:
--------------------------------------------
Correctly classified (TEST) 2482.0 instances.
Incorrectly classified (TEST) 835.0 instances.
Percent correctly classified (TEST): 74.827%

Correctly classified (TRAIN)5800.0 instances.
Incorrectly classified (TRAIN) 1938.0 instances.
Percent correctly classified (TRAIN): 74.955%

--------------------------------------------
Accuracy for RHC1 after 750 training iterations:
--------------------------------------------
Correctly classified (TEST) 2750.0 instances.
Incorrectly classified (TEST) 567.0 instances.
Percent correctly classified (TEST): 82.906%

Correctly classified (TRAIN)6380.0 instances.
Incorrectly classified (TRAIN) 1358.0 instances.
Percent correctly classified (TRAIN): 82.450%

--------------------------------------------
Accuracy for RHC1 after 1000 training iterations:
--------------------------------------------
Correctly classified (TEST) 2913.0 instances.
Incorrectly classified (TEST) 404.0 instances.
Percent correctly classified (TEST): 87.820%

Correctly classified (TRAIN)6711.0 instances.
Incorrectly classified (TRAIN) 1027.0 instances.
Percent correctly classified (TRAIN): 86.728%

--------------------------------------------
Accuracy for RHC1 after 1250 training iterations:
--------------------------------------------
Correctly classified (TEST) 2979.0 instances.
Incorrectly classified (TEST) 338.0 instances.
Percent correctly classified (TEST): 89.810%

Correctly classified (TRAIN)6915.0 instances.
Incorrectly classified (TRAIN) 823.0 instances.
Percent correctly classified (TRAIN): 89.364%

--------------------------------------------
Accuracy for RHC1 after 1500 training iterations:
--------------------------------------------
Correctly classified (TEST) 3012.0 instances.
Incorrectly classified (TEST) 305.0 instances.
Percent correctly classified (TEST): 90.805%

Correctly classified (TRAIN)6992.0 instances.
Incorrectly classified (TRAIN) 746.0 instances.
Percent correctly classified (TRAIN): 90.359%

--------------------------------------------
Accuracy for RHC1 after 1750 training iterations:
--------------------------------------------
Correctly classified (TEST) 3053.0 instances.
Incorrectly classified (TEST) 264.0 instances.
Percent correctly classified (TEST): 92.041%

Correctly classified (TRAIN)7108.0 instances.
Incorrectly classified (TRAIN) 630.0 instances.
Percent correctly classified (TRAIN): 91.858%

--------------------------------------------
Results for RHC1: 
--------------------------------------------
Correctly classified (TEST) 3072.0 instances.
Incorrectly classified (TEST) 245.0 instances.
Percent correctly classified (TEST): 92.614%

Correctly classified (TRAIN)7153.0 instances.
Incorrectly classified (TRAIN) 585.0 instances.
Percent correctly classified (TRAIN): 92.440%

Training time: 133.915 seconds
Testing time: 0.072 seconds


Error results for RHC2
---------------------------
1040.875
1039.618
1047.168
1039.618
1037.418
1036.321
1036.498
1036.515
1036.321
1028.605
1033.224
1026.992
1010.488
1015.069
1010.999
1009.987
1009.249
1009.532
1008.676
1011.416
1013.567
1012.637
1006.162
1002.385
1000.974
1000.682
1002.206
995.273
995.273
994.631
998.120
999.037
996.883
994.400
999.333
1003.195
994.402
1002.634
994.528
998.159
998.351
983.035
983.032
981.478
982.066
980.904
979.099
973.208
973.393
973.208
1002.862
973.606
974.443
972.912
970.130
970.233
970.276
959.986
957.878
956.750
956.679
956.746
961.479
954.268
951.269
944.026
943.991
945.776
945.460
943.881
944.719
947.762
940.798
941.410
938.284
938.284
938.330
938.284
938.189
941.446
935.818
930.974
930.741
923.919
923.919
924.143
920.024
913.422
915.091
917.355
909.853
907.435
908.766
910.883
910.579
910.662
907.217
910.998
908.783
907.437
907.091
909.512
906.684
906.292
906.397
906.633
907.202
905.713
906.495
907.353
907.136
908.054
905.851
922.651
908.948
905.634
903.512
910.039
903.427
904.308
904.443
902.755
902.755
896.500
899.967
899.393
896.316
896.390
895.804
892.819
892.914
897.886
893.353
893.712
892.646
892.719
892.666
892.625
893.075
890.295
890.936
873.564
872.659
875.887
873.026
873.849
872.370
872.455
872.923
876.601
872.965
873.170
871.410
871.286
871.286
876.856
871.068
871.910
868.709
869.085
876.224
863.957
868.421
866.563
870.190
864.030
864.604
854.787
854.583
854.583
854.126
856.204
853.790
853.999
853.646
853.580
853.161
853.816
853.392
846.349
845.783
845.783
847.947
859.400
845.368
839.113
840.188
841.811
838.769
840.839
838.769
844.401
838.861
836.931
837.535
839.111
835.475
854.529
834.761
836.537
834.892
834.780
834.509
834.904
834.086
829.665
828.097
829.125
827.862
823.357
823.565
812.582
812.582
812.295
812.045
812.501
812.351
808.334
812.245
808.062
807.869
809.810
810.359
803.871
803.878
802.175
801.549
805.045
801.484
811.169
801.475
801.874
800.279
802.720
799.888
800.890
795.112
791.878
792.314
791.988
796.181
802.583
789.084
788.796
790.395
791.024
781.598
777.655
782.910
773.935
782.148
771.666
774.867
763.695
764.412
748.383
747.497
747.496
748.149
746.700
743.352
744.157
748.337
743.914
743.129
743.133
753.407
742.527
747.906
743.609
742.327
741.786
744.674
742.953
742.953
745.945
744.161
740.627
740.627
745.391
740.111
740.111
739.436
730.897
730.815
732.776
731.525
731.086
730.335
728.235
725.885
725.863
735.272
727.595
725.673
723.111
721.153
721.178
714.284
713.916
715.343
714.823
716.131
713.777
714.519
718.174
714.173
723.714
718.320
713.465
713.867
714.086
712.805
728.799
712.597
712.461
711.227
711.248
711.631
711.165
711.207
697.477
699.217
697.590
697.596
697.903
696.507
675.138
660.677
658.404
658.255
664.189
660.481
657.735
659.271
658.723
657.637
657.618
662.219
656.396
656.433
657.139
656.170
656.207
656.199
655.513
655.420
655.238
653.879
652.940
653.078
652.940
651.970
652.634
652.376
651.675
651.319
653.095
647.834
648.349
648.819
650.158
648.323
648.233
648.121
648.643
647.788
648.764
641.373
641.476
644.978
643.138
642.405
641.252
641.412
641.879
641.043
648.550
640.545
641.562
642.178
639.932
639.890
636.971
636.971
648.646
636.967
639.067
636.499
636.967
636.876
636.685
639.370
633.473
636.597
634.380
640.311
634.410
629.236
625.954
627.070
624.027
624.015
623.845
628.258
624.935
624.301
624.320
623.909
623.901
625.615
626.039
623.845
624.794
619.120
619.760
618.662
618.187
618.697
618.215
619.782
618.212
615.483
614.158
613.922
611.914
609.322
609.384
609.663
613.653
609.325
607.596
613.853
608.555
616.105
608.555
608.635
610.055
608.330
608.611
608.527
608.090
607.864
609.006
605.350
605.350
605.496
606.442
606.719
605.658
605.350
605.350
605.187
612.594
605.690
605.218
605.715
605.598
606.023
604.332
611.973
604.872
604.542
604.332
604.429
606.907
606.046
604.332
604.560
605.443
602.339
607.426
602.433
602.402
602.334
602.338
601.845
602.429
602.519
601.845
586.888
593.614
572.308
573.125
572.416
573.500
572.373
570.690
570.588
569.553
569.712
568.781
570.573
567.350
570.879
568.397
567.347
565.722
564.894
563.294
565.983
563.073
564.594
563.073
563.034
562.514
564.482
526.476
526.679
526.842
526.583
526.411
527.214
526.465
526.194
526.194
526.134
515.031
516.546
514.826
514.751
509.428
508.503
508.346
512.237
508.444
511.090
528.002
509.074
506.691
507.014
506.670
509.897
505.964
506.129
509.386
513.020
505.863
505.863
520.140
505.388
505.805
505.973
505.746
503.787
503.824
504.478
513.787
497.622
497.710
495.662
495.678
495.508
497.605
498.411
495.650
495.041
497.137
497.852
494.937
493.786
498.812
496.768
489.925
489.154
490.051
489.166
492.985
487.980
491.516
488.516
487.980
491.156
489.923
487.264
486.103
486.690
486.674
489.788
486.031
488.432
487.489
485.863
485.694
485.687
485.687
485.036
486.046
494.381
484.519
484.455
483.403
487.633
483.148
483.106
483.547
483.166
484.239
483.578
483.250
482.934
495.447
484.801
483.269
483.466
483.405
482.825
482.159
479.254
477.567
476.926
476.553
478.117
475.570
475.570
475.792
475.210
475.210
479.130
475.084
474.493
474.468
482.448
474.836
474.497
474.648
474.619
474.514
473.967
474.556
474.933
474.045
475.397
474.440
476.809
476.108
474.347
475.865
473.972
473.933
473.389
473.389
473.444
481.598
476.377
473.781
470.250
470.479
469.631
469.307
468.663
469.307
469.307
471.481
468.975
469.001
469.002
473.458
468.333
468.327
468.416
468.381
468.380
468.251
468.286
463.814
463.912
463.790
463.652
468.141
449.439
449.002
449.478
449.478
447.125
447.270
445.639
445.567
445.567
445.921
449.881
445.648
445.472
445.500
445.449
465.846
446.070
445.896
446.409
452.488
444.923
445.080
445.194
445.045
445.045
445.048
445.480
439.973
440.615
440.224
440.118
441.410
439.155
442.273
439.317
438.795
426.430
426.398
426.394
422.618
422.487
422.485
422.553
422.867
433.326
422.478
422.478
422.611
422.254
422.254
422.412
422.182
421.385
421.833
427.262
425.233
420.856
421.064
426.771
420.901
429.507
420.906
420.897
420.856
421.139
448.314
420.791
425.960
420.926
414.706
414.660
414.455
414.555
414.629
423.510
417.325
418.805
414.611
414.999
413.390
413.386
413.686
416.095
415.253
411.481
410.945
410.991
411.376
411.191
410.945
412.905
410.512
410.286
410.643
410.493
409.340
409.491
409.318
404.447
409.619
404.307
403.004
402.992
401.837
402.758
401.841
397.273
396.210
396.869
396.573
397.013
396.082
396.082
396.247
396.442
396.338
396.082
396.082
387.876
387.776
387.845
390.402
387.696
382.294
382.553
382.515
377.541
377.541
377.429
379.270
377.430
384.330
377.422
377.603
378.293
377.253
377.988
383.536
377.299
377.333
377.672
378.028
377.174
380.437
376.740
374.477
375.426
374.492
374.854
375.962
375.037
375.060
376.229
375.516
374.509
373.937
374.026
381.027
375.003
374.704
374.114
374.026
373.818
373.754
367.275
367.380
371.676
367.278
366.082
363.335
363.022
363.148
363.025
362.905
363.801
363.892
364.234
362.905
363.360
365.660
362.805
362.624
361.145
361.781
360.778
361.974
360.647
366.864
361.812
364.288
366.994
360.379
360.226
360.234
360.252
360.061
360.112
358.830
358.826
359.202
357.587
357.587
359.215
357.587
356.967
356.908
355.790
355.790
355.867
355.414
355.872
353.986
354.836
353.986
353.334
354.255
354.107
353.572
353.572
354.079
353.639
353.693
353.573
352.977
352.990
353.360
352.822
352.865
355.983
349.947
349.984
350.355
348.660
348.349
348.398
345.674
365.508
346.602
348.154
347.374
344.700
346.211
344.968
344.681
344.681
343.151
342.841
342.816
343.231
343.790
342.930
341.182
342.087
340.493
340.587
339.989
339.989
339.907
340.019
339.968
339.209
341.952
339.216
339.242
339.382
339.142
339.552
339.142
340.269
338.987
339.156
338.991
338.987
341.605
339.248
338.671
340.854
339.072
337.784
337.784
339.068
337.732
337.718
341.727
337.409
337.253
337.291
385.382
337.253
337.393
341.182
338.244
338.298
338.098
337.993
346.776
337.993
337.239
337.488
338.696
335.863
336.318
340.757
336.181
336.197
337.429
339.015
336.138
346.277
336.297
338.369
335.750
338.345
337.827
335.932
338.910
337.757
336.528
337.066
335.053
335.390
335.124
335.124
335.473
334.969
334.915
331.371
331.768
331.389
331.382
331.410
332.263
332.081
331.210
330.940
331.511
359.958
329.649
329.586
329.586
340.085
329.270
329.615
329.588
329.096
329.085
329.072
327.960
328.044
330.538
327.930
327.626
328.120
327.586
328.009
327.067
327.032
325.970
325.971
325.886
328.897
325.890
327.183
326.877
327.817
327.376
326.817
326.667
326.658
326.202
327.971
328.722
327.446
326.337
325.928
325.514
325.640
334.356
325.511
327.120
325.526
326.548
326.015
326.113
325.510
326.013
325.280
325.289
325.099
325.884
325.722
324.965
325.280
325.328
325.129
324.987
324.578
328.605
326.795
324.436
324.542
323.402
323.631
324.367
323.402
327.515
322.794
322.822
322.717
324.172
324.266
322.717
322.768
322.438
323.425
322.779
322.456
322.619
322.392
322.462
322.438
322.306
322.707
332.433
322.755
322.745
322.995
323.642
322.630
323.168
322.868
322.929
324.172
324.863
325.503
322.630
322.628
322.628
322.480
321.996
322.020
322.068
321.755
321.937
322.059
321.200
321.947
321.663
321.379
321.339
321.428
320.694
320.808
320.574
320.223
320.223
320.206
320.216
321.267
320.148
317.535
317.364
314.746
316.895
314.770
295.911
295.822
296.445
294.911
295.837
294.815
294.743
294.786
294.743
294.864
294.772
294.937
298.095
294.684
294.802
294.955
314.699
294.903
295.035
294.790
294.691
306.970
294.677
294.680
294.677
294.752
294.677
295.175
294.689
296.341
297.439
295.153
294.697
294.671
294.650
294.871
294.872
299.882
294.633
294.641
294.750
294.747
294.396
294.398
295.682
294.772
294.261
294.498
294.287
294.323
293.578
293.562
293.562
293.806
295.435
293.244
293.244
293.001
292.747
292.959
291.766
292.361
291.729
291.716
291.665
291.488
291.488
291.771
291.384
291.849
291.384
291.388
292.092
291.423
291.783
293.140
291.464
292.014
291.444
292.335
289.804
289.788
290.681
289.716
289.398
289.916
289.487
289.105
288.878
288.964
287.225
288.456
288.076
288.083
288.140
288.083
290.084
289.856
289.852
293.400
290.080
287.308
290.790
285.101
285.101
285.154
284.689
287.049
284.797
284.694
284.519
285.645
284.553
284.895
287.929
284.729
284.545
284.149
284.171
284.178
286.368
283.957
282.019
281.107
281.963
281.361
281.473
281.298
281.098
281.378
281.263
282.212
282.869
284.466
280.415
282.075
280.892
283.926
285.216
280.892
280.481
280.479
281.278
280.128
280.129
291.787
281.071
280.128
285.248
280.275
279.821
280.139
282.934
280.130
279.940
279.624
279.420
280.145
279.218
279.761
279.624
279.903
279.624
280.535
280.081
278.958
279.792
278.958
279.113
278.428
278.396
279.208
278.534
278.381
280.086
276.837
276.981
279.216
276.407
276.360
276.308
275.895
276.351
276.023
275.892
276.897
275.452
275.598
277.619
276.127
275.580
275.944
275.692
276.087
276.480
275.024
276.610
276.794
274.962
274.954
275.196
275.721
274.060
273.970
274.274
276.864
274.276
274.426
276.158
274.499
275.065
273.281
274.626
274.074
275.458
274.616
273.677
273.755
274.444
273.923
280.289
273.677
273.573
272.714
272.714
272.706
274.759
276.592
273.323
272.861
272.980
273.522
272.859
280.941
272.857
272.948
272.838
272.951
272.782
273.410
272.828
272.955
272.869
271.979
271.677
271.678
272.404
270.898
270.608
271.546
269.786
269.489
270.575
269.365
269.465
269.436
273.293
269.067
269.059
269.048
269.578
269.587
269.403
269.886
269.411
269.463
269.656
269.452
276.588
269.459
269.371
269.345
269.704
276.494
269.349
269.380
269.525
272.747
269.400
269.802
276.328
270.159
270.051
269.045
269.341
269.377
269.277
269.222
269.261
268.878
269.942
268.439
268.447
268.123
268.347
268.381
271.352
269.181
268.463
267.281
279.926
267.588
267.253
270.280
267.253
267.339
269.627
267.255
267.298
267.368
267.450
270.735
267.253
267.624
267.263
267.463
267.562
267.490
267.524
267.604
268.078
267.826
267.747
267.901
267.055
267.372
267.273
267.446
267.025
267.129
267.177
266.691
266.667
267.244
266.989
266.930
265.658
262.973
262.573
265.305
262.413
263.027
262.402
265.827
262.105
262.033
262.044
262.033
262.239
266.821
264.339
262.135
262.036
262.378
262.033
261.399
261.369
261.395
261.627
262.275
261.135
261.049
260.154
260.967
260.536
258.842
257.188
257.176
257.877
257.146
257.142
257.368
257.719
257.150
257.376
257.393
257.393
257.407
268.501
257.683
258.130
257.834
257.690
257.399
258.778
257.705
257.522
257.711
257.399
257.288
257.949
257.300
260.502
255.913
259.027
257.376
257.762
257.379
257.568
260.261
260.489
260.706
260.916
271.620
260.591
259.285
262.812
260.246
260.230
261.776
260.244
261.013
260.239
259.762
259.760
257.252
256.504
256.837
259.094
257.090
261.952
257.058
257.430
258.042
259.140
256.617
256.506
256.460
257.635
258.618
256.505
256.807
256.666
256.498
254.490
254.470
254.449
255.456
254.020
258.785
256.053
253.941
253.941
253.805
253.858
255.921
253.814
253.724
255.138
253.045
253.201
253.017
253.393
252.790
252.635
253.181
255.908
252.635
252.803
252.023
252.026
252.029
252.228
252.088
252.083
252.819
252.168
255.164
253.151
252.170
253.239
255.056
253.362
253.514
253.329
252.860
252.870
252.754
253.218
254.249
252.915
252.856
253.440
252.967
252.711
253.093
253.149
253.490
252.593
253.055
251.827
252.733
258.000
252.041
251.899
251.431
251.067
249.883
251.296
252.065
249.883
252.359
249.908
251.156
251.629
249.989
249.385
249.540
249.378
249.380
248.790
249.124
249.134
249.500
249.100
248.822
249.674
249.535
249.291
248.850
248.790
248.850
250.358
248.820
248.930
248.819
248.828
248.701
248.885
248.811
248.840
248.456
248.642
246.059
246.118
246.001
246.001
247.192
245.541
245.396
245.405
248.171
245.342
245.167
245.623
247.397
245.700
245.838
244.704
245.625
246.701
245.285
245.278
245.080
245.072
245.095
245.098
245.132
252.094
245.247
244.185
244.972
244.429
242.098
242.449
242.108
242.554
241.874
242.098
242.098
244.171
242.851
242.304
242.429
243.129
243.819
242.778
242.081
242.154
242.385
242.023
242.163
241.896
241.799
241.813
242.029
242.153
243.159
241.999
241.498
242.124
245.403
246.540
243.140
241.844
242.363
247.505
242.131
242.100
242.007
242.154
241.976
241.949
241.934
242.448
241.932
241.507
242.160
242.044
241.997
241.962
241.269
241.236
248.552
241.312
241.214
242.400
241.940
240.751
243.357
240.751
241.777
239.367
240.058
239.832
239.231
240.168
240.489
239.085
239.221
238.790
238.864
239.363
239.099
239.714
239.532
239.065
240.538
239.071
239.059
239.059
243.141
239.226
239.332
239.059
239.420
240.181
239.687
240.991
239.037
239.101
238.635
239.601
239.785
238.536
238.534
238.497
238.623
238.432
238.498
238.102
237.947
237.552
238.057
238.787
237.765
239.533
238.160
237.767
237.654
238.288
238.229
237.570
237.565
237.566
237.577
237.498
237.438
237.368
237.081
240.794
237.499
237.381
236.466
237.373
237.001
240.312
237.428
237.001
236.795
236.962
236.792
236.968
237.913
236.123
236.116
236.199
237.995
235.874
236.604
236.538
236.100
235.739
234.942
235.179
234.981
234.928
235.331
236.577
235.582
235.331
235.569
236.555
238.124
236.232
235.250
235.638
235.331
234.921
235.271
243.219
235.271
234.693
235.262
235.426
234.741
234.892
234.737
235.578
232.790
233.346
232.204
233.026
232.883
233.264
233.641
234.807
233.428
233.687
234.005
233.458
233.458
234.380
233.769
232.971
232.984
233.623
232.763
232.769
232.905
234.149
234.445
231.764
231.709
232.120
232.091
232.915
231.527
233.185
231.696
231.850
231.898
231.459
231.902
231.796
232.218
231.412
231.271
231.223
234.497
232.520
231.710
233.204
232.293
231.206
231.218
237.265
231.464
231.228
231.126
231.126
232.364
231.155
231.126
231.157
231.242
231.064
233.244
232.567
231.237
231.159
231.155
231.735
231.240
231.114
230.833
231.181
231.084
230.844
230.962
233.289
230.427
230.896
231.045
230.867
230.940
231.204
231.004
231.014
230.967
231.161
232.023
230.835
230.525
231.069
230.806
231.382
233.360
232.335
231.219
231.804
230.806
230.909
231.469
231.487
231.108
230.729
230.616
231.580
230.623
230.083
231.062
230.473
230.083
230.698
230.015
229.980
230.016
230.834
229.321
228.789
229.321
231.822
230.386
231.906
229.759
232.144
229.323
229.773
229.309
228.821
232.151
228.802
231.291
227.157
230.895
232.761
230.081
228.816
228.882
229.411
228.871
228.996
228.747
230.689

--------------------------------------------
Accuracy for RHC2 after 0 training iterations:
--------------------------------------------
Correctly classified (TEST) 1433.0 instances.
Incorrectly classified (TEST) 1884.0 instances.
Percent correctly classified (TEST): 43.202%

Correctly classified (TRAIN)3354.0 instances.
Incorrectly classified (TRAIN) 4384.0 instances.
Percent correctly classified (TRAIN): 43.345%

--------------------------------------------
Accuracy for RHC2 after 250 training iterations:
--------------------------------------------
Correctly classified (TEST) 2455.0 instances.
Incorrectly classified (TEST) 862.0 instances.
Percent correctly classified (TEST): 74.013%

Correctly classified (TRAIN)5737.0 instances.
Incorrectly classified (TRAIN) 2001.0 instances.
Percent correctly classified (TRAIN): 74.141%

--------------------------------------------
Accuracy for RHC2 after 500 training iterations:
--------------------------------------------
Correctly classified (TEST) 2733.0 instances.
Incorrectly classified (TEST) 584.0 instances.
Percent correctly classified (TEST): 82.394%

Correctly classified (TRAIN)6424.0 instances.
Incorrectly classified (TRAIN) 1314.0 instances.
Percent correctly classified (TRAIN): 83.019%

--------------------------------------------
Accuracy for RHC2 after 750 training iterations:
--------------------------------------------
Correctly classified (TEST) 2861.0 instances.
Incorrectly classified (TEST) 456.0 instances.
Percent correctly classified (TEST): 86.253%

Correctly classified (TRAIN)6648.0 instances.
Incorrectly classified (TRAIN) 1090.0 instances.
Percent correctly classified (TRAIN): 85.914%

--------------------------------------------
Accuracy for RHC2 after 1000 training iterations:
--------------------------------------------
Correctly classified (TEST) 2977.0 instances.
Incorrectly classified (TEST) 340.0 instances.
Percent correctly classified (TEST): 89.750%

Correctly classified (TRAIN)6879.0 instances.
Incorrectly classified (TRAIN) 859.0 instances.
Percent correctly classified (TRAIN): 88.899%

--------------------------------------------
Accuracy for RHC2 after 1250 training iterations:
--------------------------------------------
Correctly classified (TEST) 3015.0 instances.
Incorrectly classified (TEST) 302.0 instances.
Percent correctly classified (TEST): 90.895%

Correctly classified (TRAIN)6978.0 instances.
Incorrectly classified (TRAIN) 760.0 instances.
Percent correctly classified (TRAIN): 90.178%

--------------------------------------------
Accuracy for RHC2 after 1500 training iterations:
--------------------------------------------
Correctly classified (TEST) 3049.0 instances.
Incorrectly classified (TEST) 268.0 instances.
Percent correctly classified (TEST): 91.920%

Correctly classified (TRAIN)7059.0 instances.
Incorrectly classified (TRAIN) 679.0 instances.
Percent correctly classified (TRAIN): 91.225%

--------------------------------------------
Accuracy for RHC2 after 1750 training iterations:
--------------------------------------------
Correctly classified (TEST) 3074.0 instances.
Incorrectly classified (TEST) 243.0 instances.
Percent correctly classified (TEST): 92.674%

Correctly classified (TRAIN)7090.0 instances.
Incorrectly classified (TRAIN) 648.0 instances.
Percent correctly classified (TRAIN): 91.626%

--------------------------------------------
Results for RHC2: 
--------------------------------------------
Correctly classified (TEST) 3089.0 instances.
Incorrectly classified (TEST) 228.0 instances.
Percent correctly classified (TEST): 93.126%

Correctly classified (TRAIN)7136.0 instances.
Incorrectly classified (TRAIN) 602.0 instances.
Percent correctly classified (TRAIN): 92.220%

Training time: 138.698 seconds
Testing time: 0.113 seconds


Error results for RHC3
---------------------------
1060.027
1060.740
1069.837
1056.731
1054.110
1052.075
1052.047
1053.451
1062.397
1034.639
1034.639
1034.878
1034.077
1033.618
1061.482
1049.567
1027.873
1037.661
1035.353
1019.027
1019.041
1016.714
1012.396
1006.495
1006.598
1005.966
1006.559
1008.717
1004.858
1004.860
1001.464
1014.507
999.355
1002.376
1003.024
993.648
976.917
976.917
978.135
974.803
984.572
977.807
986.553
974.538
962.172
970.570
962.163
959.454
969.324
962.367
959.696
959.454
958.065
958.841
958.215
957.895
938.772
929.369
929.776
929.305
928.463
926.688
926.007
925.236
912.968
912.968
923.516
958.373
914.546
910.375
908.196
908.792
906.470
901.586
901.663
917.804
897.804
900.877
905.469
897.645
896.909
899.167
893.825
891.960
898.016
896.770
891.960
889.744
894.348
930.702
889.746
889.693
890.095
893.375
891.076
889.455
895.415
890.441
899.452
888.178
888.028
892.764
885.617
882.057
887.943
874.578
873.958
873.453
873.778
873.094
865.920
870.081
864.690
872.357
864.273
864.272
867.118
867.454
865.695
864.389
866.639
875.856
864.740
864.201
863.920
863.721
870.772
855.782
856.156
854.880
855.059
862.142
854.393
850.013
851.771
847.964
848.265
844.079
840.594
840.594
838.184
839.911
836.860
828.721
834.301
828.743
828.627
822.509
823.459
818.947
817.820
818.100
817.199
816.489
816.489
816.489
815.631
815.345
815.594
815.459
815.030
814.195
814.001
815.006
814.001
814.782
811.684
827.755
815.581
811.477
811.434
811.434
811.316
811.467
811.152
809.475
810.497
809.863
809.548
815.646
811.277
807.899
806.566
806.330
807.684
805.522
803.826
801.409
801.468
802.693
813.660
802.610
802.168
802.168
798.823
793.543
795.092
793.578
783.608
776.006
774.877
774.623
774.619
774.420
775.094
774.642
773.609
772.029
772.029
772.618
774.120
772.095
762.376
763.064
762.376
767.471
764.069
762.305
762.781
767.227
761.734
762.273
768.979
761.734
776.653
775.126
762.223
763.725
761.314
760.612
761.873
762.489
760.638
760.671
760.269
757.313
754.688
754.815
759.352
754.592
755.191
754.952
754.662
754.592
754.900
755.231
747.754
749.287
755.226
747.903
749.806
745.698
745.380
745.481
743.108
743.111
747.194
743.108
742.158
742.157
742.239
740.882
746.334
740.379
742.574
741.935
740.367
740.191
744.777
739.580
739.027
738.864
738.691
734.509
738.884
734.076
734.097
732.369
731.581
732.802
733.700
739.886
733.324
736.442
731.526
731.524
731.489
737.092
730.781
730.813
734.579
730.224
731.367
729.955
729.404
729.135
728.114
727.695
727.689
727.686
727.950
726.854
727.474
733.498
741.416
727.686
726.469
726.435
731.453
726.738
726.435
726.197
726.197
736.663
726.517
725.617
725.612
724.556
744.438
726.469
721.955
721.048
716.307
721.405
729.138
716.297
715.527
715.790
716.239
714.324
703.557
703.384
717.176
700.371
700.965
699.850
723.492
699.527
687.148
687.515
686.885
689.134
687.624
694.080
681.241
681.464
679.928
677.506
698.375
681.708
691.096
682.511
673.049
674.201
671.042
670.919
652.055
651.824
652.940
648.656
650.215
647.739
649.970
647.817
645.053
658.195
643.155
641.864
643.447
638.238
640.372
638.510
638.050
638.050
639.125
638.060
639.854
639.147
640.345
640.422
638.062
638.073
637.221
636.933
636.934
637.818
636.657
638.092
638.150
636.433
639.497
636.491
638.550
636.461
636.136
634.955
639.025
635.340
635.081
635.798
635.241
631.441
633.344
631.417
633.928
625.385
623.341
623.344
624.163
623.220
630.282
622.929
622.335
622.341
624.530
623.621
622.598
624.102
622.552
622.347
621.225
619.798
619.441
619.161
618.027
617.458
617.698
627.394
627.104
618.687
617.643
617.173
614.736
634.733
616.756
614.942
616.120
615.790
590.950
590.924
593.806
595.286
591.033
591.578
594.134
590.721
590.815
589.852
587.951
587.642
587.284
588.198
587.188
587.721
587.506
587.506
587.646
591.393
585.567
585.600
587.373
588.140
586.323
588.086
592.796
586.585
585.684
585.950
551.280
551.199
557.203
558.726
561.137
551.000
551.396
551.169
551.025
549.382
549.458
551.881
549.798
549.367
549.411
549.856
546.742
544.913
544.319
542.738
542.604
543.995
588.053
544.335
550.814
542.329
540.987
540.804
540.678
540.852
540.565
541.268
547.310
538.079
538.164
534.681
535.041
535.375
534.868
537.881
535.694
534.895
535.892
535.763
534.786
534.681
534.681
534.811
537.788
535.252
534.857
534.286
534.286
542.089
534.372
535.523
530.713
536.238
531.003
533.496
529.360
529.233
527.451
527.451
527.211
527.287
527.615
535.311
528.422
525.236
522.269
519.813
519.849
511.396
516.354
513.444
513.414
514.271
543.777
509.154
509.176
508.981
516.508
508.306
510.693
508.912
509.031
508.306
508.096
508.293
511.858
513.786
508.208
507.763
518.002
509.133
510.730
510.135
507.370
507.559
507.370
507.889
514.255
507.549
519.757
507.146
507.112
509.071
507.179
507.186
505.612
505.815
509.539
503.512
504.799
504.202
502.815
503.114
508.868
502.686
502.686
502.556
502.655
501.763
501.747
501.819
498.033
499.428
498.050
498.050
498.863
498.050
501.277
499.111
507.303
499.619
498.784
498.283
498.337
498.276
496.479
496.547
496.479
499.645
498.341
515.150
499.209
499.116
496.014
496.007
496.113
498.034
495.811
496.268
496.455
495.811
496.069
495.811
495.221
489.420
489.286
489.272
489.493
489.988
488.652
489.725
488.525
486.318
486.989
488.264
487.090
486.318
485.523
488.204
485.873
485.582
485.523
486.543
485.690
486.671
485.523
488.745
485.825
480.823
482.666
480.629
481.429
482.029
480.553
482.151
481.075
480.414
480.576
480.759
481.048
480.414
480.496
481.323
484.897
480.836
481.281
480.282
482.155
479.803
479.837
479.803
479.001
480.110
479.088
480.602
479.121
479.330
481.543
479.974
480.818
479.001
478.855
469.396
469.086
469.086
469.724
471.146
469.452
469.086
462.908
463.020
462.996
462.991
462.995
463.348
462.432
462.839
462.480
463.750
459.232
461.057
459.558
460.099
458.168
458.625
460.432
458.873
458.168
458.608
458.486
459.574
470.414
456.512
457.677
455.036
454.970
455.642
456.778
455.664
456.359
454.786
456.386
454.459
456.001
454.830
454.386
454.838
454.041
452.597
458.395
454.636
452.604
451.613
451.594
444.593
444.412
453.529
443.157
439.349
439.002
439.451
438.875
439.553
438.928
438.808
439.474
440.518
441.961
439.533
438.807
435.061
434.533
434.352
436.812
438.407
434.224
436.359
434.006
433.969
433.935
433.723
437.811
436.404
433.723
435.989
433.169
433.288
433.088
437.656
433.831
433.362
432.486
430.971
430.743
436.865
431.731
430.785
430.741
431.439
430.345
430.636
431.000
431.505
429.313
429.313
430.028
429.394
432.102
429.783
431.608
434.158
429.828
431.622
431.289
429.834
429.375
427.636
427.121
427.162
427.210
426.688
426.989
426.778
427.236
428.290
431.219
427.113
426.878
427.401
428.008
429.425
430.642
427.461
426.186
420.539
433.976
420.539
421.424
422.535
420.880
420.755
419.130
418.623
417.668
415.678
416.876
415.678
415.903
416.352
416.141
415.751
416.260
415.727
417.755
416.108
415.678
414.414
406.592
411.828
406.556
414.301
409.954
406.407
407.886
406.270
408.166
406.519
406.412
406.215
407.449
405.946
405.986
404.231
404.544
404.081
405.601
425.539
405.568
405.381
404.932
404.932
407.897
405.194
403.888
405.209
396.685
396.947
395.480
398.053
395.666
396.667
395.592
396.212
395.063
398.622
394.704
394.507
393.862
382.048
382.947
382.609
383.480
383.032
383.383
382.788
387.322
382.945
384.226
383.403
385.409
382.839
382.810
396.348
383.797
372.249
375.775
373.322
372.389
373.273
384.286
371.791
372.154
372.051
370.919
370.919
374.187
370.953
371.663
371.197
387.307
370.919
371.006
371.017
370.919
369.546
370.413
370.298
369.546
369.546
369.131
367.625
369.755
367.597
367.665
368.849
393.173
369.909
367.597
368.319
367.654
367.225
364.025
364.578
363.267
364.155
364.096
359.818
357.672
357.791
363.008
354.458
354.187
366.038
363.357
358.397
363.145
354.481
354.315
346.652
346.124
346.115
347.250
350.673
345.795
345.356
345.577
345.345
345.682
345.356
353.076
345.276
345.258
345.755
345.181
345.641
345.641
345.272
345.271
346.243
350.026
345.271
345.517
345.452
347.018
345.254
350.539
346.015
344.883
344.363
344.251
344.193
343.397
344.100
344.960
343.324
343.323
342.618
342.910
342.618
342.234
339.302
338.484
341.109
339.792
338.478
339.438
338.484
339.731
338.387
349.920
340.106
338.430
337.821
337.821
337.946
337.138
337.737
337.847
337.460
336.087
334.035
334.030
333.689
337.860
336.875
333.339
334.869
324.841
325.149
325.085
330.498
323.466
323.466
327.105
323.592
326.074
325.148
323.726
323.715
323.644
323.616
323.644
323.782
323.642
323.741
323.642
323.904
328.646
322.816
321.055
321.796
319.908
319.326
320.549
318.805
321.341
318.835
323.463
318.823
319.591
318.431
318.924
318.428
325.120
321.805
319.788
318.431
330.014
321.613
318.540
318.505
319.527
318.431
318.510
318.614
318.266
318.254
318.056
321.471
319.369
317.995
316.566
316.543
317.023
316.832
317.138
316.567
317.340
320.815
317.018
316.564
314.611
314.694
314.558
321.272
313.807
312.160
312.141
313.325
312.172
312.077
311.096
311.210
311.083
311.917
311.093
311.886
310.970
310.339
306.570
307.092
307.558
306.641
306.564
306.615
307.184
315.402
304.576
304.724
304.576
304.759
305.871
308.133
306.377
304.430
305.008
303.076
302.495
302.487
302.487
305.564
302.315
302.081
302.981
308.510
301.639
301.540
304.898
300.941
301.286
301.804
299.956
299.565
299.408
299.390
299.824
299.729
299.823
300.079
301.252
299.904
303.219
301.628
299.824
302.682
302.304
299.769
304.577
299.825
300.465
299.904
302.129
299.785
299.769
299.815
301.878
299.698
299.936
299.690
298.945
299.691
299.690
299.215
299.690
299.738
302.509
299.651
300.086
301.274
299.596
299.636
300.263
299.596
299.355
298.988
301.978
297.978
298.983
298.260
298.009
297.996
297.999
298.036
297.999
306.021
298.204
297.999
298.123
299.238
297.614
298.041
298.848
299.246
297.705
298.099
297.614
297.868
298.379
297.646
297.239
296.018
296.019
297.690
294.683
294.524
295.317
295.101
295.443
294.833
296.635
294.668
294.553
294.552
293.563
293.601
299.489
293.028
293.028
297.342
293.012
292.864
291.328
292.175
300.633
291.312
291.257
291.334
290.841
294.413
291.304
293.103
290.439
290.641
292.693
290.338
290.396
290.201
290.201
291.074
290.009
290.098
289.863
292.020
289.829
290.030
298.958
290.176
292.491
289.863
294.930
289.768
290.073
290.563
289.743
287.601
287.744
288.769
287.601
287.811
287.590
287.386
286.464
286.294
286.534
285.510
285.963
283.174
283.015
283.022
283.144
283.928
283.086
284.705
283.078
283.221
283.359
291.815
286.807
283.725
283.065
283.022
282.492
282.302
282.323
282.529
282.531
282.240
282.458
283.391
282.358
282.703
282.282
282.207
282.171
282.538
282.423
282.713
282.328
283.878
283.518
282.099
281.244
281.395
280.741
281.909
280.855
280.785
280.654
281.046
281.054
280.722
280.614
280.599
280.645
280.901
281.770
280.313
280.360
280.209
279.365
280.326
281.120
280.326
281.185
280.370
280.585
280.691
280.994
280.458
280.533
280.626
280.362
281.429
280.852
280.867
284.002
282.618
280.852
280.596
280.691
280.691
280.383
279.773
280.294
280.751
279.775
279.871
280.015
282.791
282.083
279.772
281.510
279.674
277.544
277.675
277.693
277.726
278.014
277.303
277.376
277.405
277.926
279.944
278.199
277.065
275.478
275.518
280.749
275.623
275.429
274.996
275.495
275.388
275.478
275.461
275.461
275.500
288.463
276.620
275.461
274.704
273.433
273.548
273.197
273.355
273.200
273.995
273.300
273.216
273.560
273.327
273.243
272.780
273.641
273.825
273.375
273.330
272.821
272.815
272.739
272.994
273.163
272.775
272.748
272.676
272.661
272.473
271.712
273.010
272.535
272.699
269.677
270.470
269.624
269.475
269.662
269.529
269.478
269.478
270.178
270.521
270.437
269.451
269.630
268.964
269.230
269.304
269.344
269.217
270.654
270.934
269.273
268.856
270.094
269.564
268.856
268.863
271.632
269.715
269.072
269.505
268.858
268.837
268.846
270.698
269.034
268.837
270.011
268.390
269.440
267.971
268.250
268.636
267.971
267.838
267.828
267.867
267.784
267.899
267.371
267.607
267.488
267.371
267.445
267.670
267.329
267.353
267.372
268.569
268.386
267.734
267.354
267.581
267.129
274.373
268.712
267.730
267.099
267.080
267.217
267.258
267.017
266.329
266.307
266.136
266.082
266.180
266.198
266.215
266.222
266.768
269.241
266.494
266.432
266.264
266.841
266.808
266.350
266.067
265.743
266.064
267.050
265.813
265.842
265.863
266.356
268.362
266.254
265.111
265.842
270.688
265.748
265.773
265.609
265.470
266.556
265.036
266.948
265.595
265.939
266.038
265.615
266.064
265.675
265.620
265.521
265.581
265.434
264.732
265.486
264.697
264.937
263.661
263.661
263.768
263.113
263.221
261.910
261.843
262.013
261.817
261.780
261.887
262.740
261.981
264.139
262.187
261.874
261.818
261.807
263.395
262.544
261.807
260.673
261.911
260.517
261.576
260.551
260.492
260.552
260.525
261.427
260.714
260.853
260.966
260.559
260.486
261.188
260.132
260.294
261.786
260.583
260.843
259.840
264.397
259.961
259.251
261.946
259.117
258.535
258.410
257.173
257.215
265.569
257.449
258.464
258.060
257.173
256.573
257.476
259.479
257.266
257.804
257.261
257.173
256.913
258.332
256.525
256.796
257.417
257.061
257.098
257.121
258.900
259.413
256.255
256.287
256.654
255.657
255.710
255.529
255.523
255.863
245.792
246.107
246.110
246.306
246.069
246.161
246.626
248.285
245.623
246.133
245.589
245.704
245.679
245.669
245.815
250.796
246.462
245.329
245.544
245.550
249.150
247.002
247.527
246.103
245.072
247.774
245.784
245.733
245.940
246.005
247.699
245.777
245.840
247.845
245.837
246.208
246.413
245.837
247.723
245.677
245.677
245.462
251.603
245.959
247.087
245.302
245.332
245.350
245.302
245.292
245.182
247.132
245.585
245.178
245.348
245.182
244.682
245.109
245.712
244.696
244.421
244.444
244.352
244.355
244.252
244.250
244.546
244.332
245.201
244.218
244.244
244.368
244.385
244.803
244.413
244.414
244.426
244.442
244.734
244.517
244.780
244.286
244.375
245.138
243.024
244.078
244.336
244.374
244.249
250.714
244.698
244.519
244.249
244.412
244.274
244.194
244.203
244.299
244.291
244.357
244.391
246.103
244.343
244.755
245.082
244.757
244.716
245.156
245.486
244.778
245.552
244.767
243.983
245.212
245.496
244.768
245.376
245.096
248.611
245.788
245.423
249.667
247.848
244.858
244.916
245.258
245.221
245.971
244.924
244.956
244.734
244.776
246.386
244.792
245.109
244.731
245.373
244.520
244.158
244.192
241.244
241.200
241.200
241.200
241.244
240.749
240.736
240.651
240.651
240.842
240.721
240.587
240.976
240.976
245.209
241.718
241.201
241.367
241.201
240.994
240.994
240.995
242.164
240.995
240.337
240.489
243.777
240.525
240.534
242.458
240.553
240.542
240.892
240.848
240.542
238.883
240.559
240.542
240.312
238.270
240.651
238.331
238.304
238.396
244.261
238.362
239.054
241.913
238.143
238.082
237.906
237.940
236.981
237.906
238.208
238.908
238.400
237.600
237.094
238.040
237.149
237.102
237.149
237.071
237.707
237.357
237.354
237.368
237.353
237.495
239.484
237.376
237.384
236.963
236.987
237.538
236.249
237.181
237.338
236.880
236.760
236.779
236.728
236.277
239.379
235.856
235.856
235.634
235.669
235.527
237.024
235.434
235.477
235.381
236.044
235.569
235.477
235.505
235.323
235.306
235.507
236.272
235.476
234.886
235.795
237.117
235.534
235.473
235.553
236.664
236.796
235.438
236.154
235.620
235.619
237.343
235.548
235.695
235.436
235.678
235.903
235.553
235.395
237.061
235.547
235.632
235.553
235.694
235.078
235.078
235.202
235.129
236.012
237.800
237.574
235.075
235.262
234.980
235.188
235.188
234.684
236.160
235.243
235.015
237.339
235.290
234.762
234.754
234.773
234.609
235.848
234.507
235.650
234.543
234.533
234.502
234.608
234.502
235.975
234.294
234.387
234.415
234.229
234.300
234.021
234.180
234.235
233.870
234.506
234.195
236.351
234.422
234.585
234.241
234.312
234.312
234.669
234.389
238.652
241.706
234.381
236.531
234.455
234.336
234.287
234.333
234.809
234.190
237.657
234.017
234.157
236.561
233.908
234.464
234.120
234.120
234.475
233.877
234.132
234.064
234.036
235.069
234.192
234.032
234.036
237.326
234.228
234.029
237.301
234.030
234.082
233.650
233.828
233.765
233.886
235.782
233.887
233.803
233.928
234.119
233.784
233.670
233.625
235.721
233.661
239.118
233.867
233.676
233.436
233.432
233.445
233.998
233.658
233.268
233.416
233.440
233.575
233.416
232.573
232.857
231.962
232.078
231.841
231.521

--------------------------------------------
Accuracy for RHC3 after 0 training iterations:
--------------------------------------------
Correctly classified (TEST) 1549.0 instances.
Incorrectly classified (TEST) 1768.0 instances.
Percent correctly classified (TEST): 46.699%

Correctly classified (TRAIN)3488.0 instances.
Incorrectly classified (TRAIN) 4250.0 instances.
Percent correctly classified (TRAIN): 45.076%

--------------------------------------------
Accuracy for RHC3 after 250 training iterations:
--------------------------------------------
Correctly classified (TEST) 2365.0 instances.
Incorrectly classified (TEST) 952.0 instances.
Percent correctly classified (TEST): 71.299%

Correctly classified (TRAIN)5521.0 instances.
Incorrectly classified (TRAIN) 2217.0 instances.
Percent correctly classified (TRAIN): 71.349%

--------------------------------------------
Accuracy for RHC3 after 500 training iterations:
--------------------------------------------
Correctly classified (TEST) 2702.0 instances.
Incorrectly classified (TEST) 615.0 instances.
Percent correctly classified (TEST): 81.459%

Correctly classified (TRAIN)6300.0 instances.
Incorrectly classified (TRAIN) 1438.0 instances.
Percent correctly classified (TRAIN): 81.416%

--------------------------------------------
Accuracy for RHC3 after 750 training iterations:
--------------------------------------------
Correctly classified (TEST) 2861.0 instances.
Incorrectly classified (TEST) 456.0 instances.
Percent correctly classified (TEST): 86.253%

Correctly classified (TRAIN)6614.0 instances.
Incorrectly classified (TRAIN) 1124.0 instances.
Percent correctly classified (TRAIN): 85.474%

--------------------------------------------
Accuracy for RHC3 after 1000 training iterations:
--------------------------------------------
Correctly classified (TEST) 2967.0 instances.
Incorrectly classified (TEST) 350.0 instances.
Percent correctly classified (TEST): 89.448%

Correctly classified (TRAIN)6910.0 instances.
Incorrectly classified (TRAIN) 828.0 instances.
Percent correctly classified (TRAIN): 89.300%

--------------------------------------------
Accuracy for RHC3 after 1250 training iterations:
--------------------------------------------
Correctly classified (TEST) 3001.0 instances.
Incorrectly classified (TEST) 316.0 instances.
Percent correctly classified (TEST): 90.473%

Correctly classified (TRAIN)7011.0 instances.
Incorrectly classified (TRAIN) 727.0 instances.
Percent correctly classified (TRAIN): 90.605%

--------------------------------------------
Accuracy for RHC3 after 1500 training iterations:
--------------------------------------------
Correctly classified (TEST) 3043.0 instances.
Incorrectly classified (TEST) 274.0 instances.
Percent correctly classified (TEST): 91.740%

Correctly classified (TRAIN)7068.0 instances.
Incorrectly classified (TRAIN) 670.0 instances.
Percent correctly classified (TRAIN): 91.341%

--------------------------------------------
Accuracy for RHC3 after 1750 training iterations:
--------------------------------------------
Correctly classified (TEST) 3074.0 instances.
Incorrectly classified (TEST) 243.0 instances.
Percent correctly classified (TEST): 92.674%

Correctly classified (TRAIN)7136.0 instances.
Incorrectly classified (TRAIN) 602.0 instances.
Percent correctly classified (TRAIN): 92.220%

--------------------------------------------
Results for RHC3: 
--------------------------------------------
Correctly classified (TEST) 3083.0 instances.
Incorrectly classified (TEST) 234.0 instances.
Percent correctly classified (TEST): 92.945%

Correctly classified (TRAIN)7178.0 instances.
Incorrectly classified (TRAIN) 560.0 instances.
Percent correctly classified (TRAIN): 92.763%

Training time: 165.621 seconds
Testing time: 0.118 seconds