Error results for RHC1
---------------------------
1070.757
1074.330
1070.290
1070.197
1059.086
1067.394
1059.086
1073.075
1052.785
1052.798
1052.785
1052.247
1054.018
1051.294
1051.365
1047.796
1047.796
1053.488
1045.465
1044.481
1042.984
1047.857
1043.016
1033.706
1039.209
1027.492
1028.143
1025.419
1030.030
1025.419
1022.953
1021.493
1024.751
1019.779
1019.453
1021.372
1017.238
1024.776
1016.460
1016.480
1016.480
1016.581
1016.547
1018.102
1016.837
1016.755
1016.755
1019.633
1012.736
1013.169
1013.669
1013.074
1012.553
1018.547
1044.616
1011.825
1011.911
1014.618
1013.407
1010.799
1011.012
1018.843
977.043
978.764
968.760
968.056
958.249
958.249
964.320
959.915
953.668
953.069
950.626
950.843
950.471
957.431
949.356
944.840
947.045
944.553
944.487
945.123
944.520
953.160
949.285
944.394
938.492
937.773
937.744
938.545
932.871
931.446
924.832
926.701
924.017
935.375
924.481
924.160
926.054
920.706
921.831
937.430
916.535
918.109
923.889
919.710
936.882
916.434
938.433
925.930
916.962
915.880
913.962
923.786
919.400
916.148
915.818
927.275
906.429
910.278
906.485
919.121
910.910
938.680
905.317
901.239
907.069
904.722
927.153
890.929
892.490
894.819
890.849
890.660
890.606
872.395
875.989
872.383
863.310
863.158
858.020
859.183
849.607
847.906
844.113
844.113
845.063
844.513
844.119
852.226
842.624
842.515
844.753
842.493
842.832
843.178
843.817
838.609
838.932
838.612
835.612
833.047
834.244
833.836
832.921
833.349
829.096
829.098
827.187
827.183
827.160
829.150
838.810
829.365
827.679
826.050
826.050
821.544
822.539
824.241
836.546
821.433
821.424
819.451
819.191
820.059
817.577
816.391
816.328
816.286
816.142
816.161
829.217
813.410
813.302
810.025
808.767
806.676
806.686
810.518
807.340
806.585
806.739
806.607
805.398
805.672
805.398
805.512
805.398
805.426
805.426
805.426
804.447
799.814
812.141
806.128
801.235
799.814
799.308
799.308
799.581
802.244
799.657
799.602
799.319
798.744
799.456
803.856
790.631
790.631
792.796
791.147
789.406
789.406
795.477
789.497
791.687
790.015
811.600
788.593
783.702
782.790
797.309
783.299
783.536
782.790
782.575
782.389
782.272
777.070
776.534
786.294
791.747
776.256
775.659
771.559
771.693
774.312
768.314
774.726
768.199
773.087
768.331
772.453
769.723
780.138
765.538
765.670
766.992
766.264
765.585
764.114
764.422
764.463
764.716
764.114
768.325
763.861
765.653
763.467
763.683
762.278
765.897
762.248
762.205
762.927
762.124
764.646
763.972
769.061
764.100
761.780
762.082
764.123
761.918
764.214
763.234
765.936
771.686
758.857
762.837
759.076
758.857
753.129
757.608
750.174
751.636
750.197
753.406
749.747
759.813
730.123
728.948
728.261
728.299
728.119
739.721
733.085
738.977
728.242
728.236
727.126
728.251
732.848
727.846
727.846
729.140
732.871
722.608
722.577
722.593
722.538
721.083
723.062
728.043
721.272
721.857
736.010
724.759
730.947
720.958
720.959
719.881
720.945
720.594
719.922
720.036
719.707
720.993
720.177
727.824
719.940
720.013
722.526
722.504
719.954
720.601
723.092
716.767
718.398
711.435
710.847
712.117
710.763
710.878
709.587
709.756
711.755
708.777
708.762
709.193
712.232
708.498
710.256
708.498
707.885
707.669
707.669
710.941
707.544
707.269
716.439
707.190
706.537
700.491
698.762
698.646
699.563
700.276
699.219
696.135
695.134
677.193
677.615
677.193
683.213
676.276
675.930
679.344
677.853
676.315
675.663
675.961
675.663
680.259
673.850
677.909
676.142
674.259
675.670
670.514
671.332
673.580
671.435
670.727
670.862
670.447
667.956
667.956
671.722
664.840
664.934
664.786
664.786
681.666
664.730
663.185
662.175
662.519
661.981
666.890
666.879
663.888
662.727
662.350
656.802
657.452
657.065
656.385
656.820
655.911
656.420
666.314
656.126
655.964
656.106
655.953
652.416
652.416
653.547
652.367
665.565
650.436
650.272
654.472
649.576
652.557
657.072
650.034
649.888
639.147
637.436
637.436
637.890
639.910
638.825
637.322
637.609
638.200
646.871
636.429
635.539
635.547
624.392
624.921
624.274
622.870
625.955
622.870
622.957
626.968
622.507
622.507
628.024
633.576
622.889
626.231
622.213
622.519
619.264
619.676
619.329
616.382
615.389
621.924
624.293
616.313
632.982
614.970
615.371

Error results for RHC2
---------------------------
1051.577
1046.085
1028.814
1030.047
1050.836
1028.940
1027.569
1026.403
1029.101
1020.825
1008.060
1011.685
1003.949
1001.618
1003.311
1001.618
998.879
989.037
989.037
989.163
995.649
976.825
977.780
985.794
962.076
968.880
963.504
962.141
972.872
963.452
960.748
960.748
940.830
952.970
940.808
940.641
934.843
931.934
934.171
931.114
929.598
929.598
928.250
919.702
919.069
919.250
916.775
907.730
905.399
905.357
891.142
895.873
891.188
891.402
894.320
889.956
878.758
875.507
875.026
873.378
874.519
879.038
873.779
869.680
869.509
869.579
868.113
868.480
869.130
866.103
861.198
858.506
859.551
856.499
857.044
839.091
837.867
844.266
837.867
837.076
843.231
837.063
835.092
833.774
831.369
832.092
831.118
830.764
830.676
833.970
830.681
828.690
827.754
844.863
827.808
828.329
826.837
825.174
832.458
827.075
829.819
835.550
825.176
827.890
826.078
825.171
823.276
824.386
824.575
823.398
863.440
822.854
822.970
823.226
826.986
814.855
813.581
815.362
809.953
810.611
810.981
810.223
809.953
809.953
806.083
806.630
807.355
803.862
804.228
805.903
802.178
800.771
800.755
810.463
799.058
808.811
799.136
799.940
798.966
802.550
801.709
798.199
798.348
801.606
799.006
798.694
797.661
797.756
797.255
796.172
797.390
796.218
794.958
794.927
813.633
799.242
795.387
795.308
794.960
796.139
798.441
795.045
796.964
793.075
795.094
803.255
793.607
792.030
792.254
791.836
795.467
789.717
801.271
783.998
783.899
783.347
784.009
783.507
783.511
783.558
783.310
781.309
780.369
780.362
782.668
793.449
780.320
784.269
778.974
778.356
778.320
790.898
778.194
777.817
777.696
779.768
777.569
775.430
775.957
775.632
774.808
774.848
774.704
779.152
774.285
774.398
775.461
773.320
772.151
772.552
771.732
768.309
768.176
769.426
767.846
776.100
768.855
767.578
767.578
768.505
768.231
768.930
767.614
769.804
768.628
767.119
761.865
756.906
755.498
755.260
753.178
752.053
752.443
752.192
751.962
756.458
751.333
749.407
749.172
750.550
748.867
749.771
747.833
747.471
747.811
747.471
747.367
748.794
747.142
749.513
747.142
747.141
747.153
747.567
739.918
739.659
741.719
730.860
731.127
729.214
729.165
728.968
729.651
726.570
724.501
724.979
724.779
723.545
720.479
723.360
717.387
716.591
717.553
716.591
717.102
724.542
717.103
718.358
710.862
710.441
712.319
710.434
710.324
708.759
708.771
708.852
709.973
704.724
703.338
703.338
703.547
702.855
702.642
701.766
701.962
699.232
697.832
699.409
698.086
699.665
697.832
699.540
696.817
696.816
696.890
697.280
698.251
700.606
697.439
696.016
698.084
694.592
694.567
694.446
694.446
694.617
694.421
695.683
693.526
693.177
693.251
692.231
696.866
694.865
692.615
691.791
692.206
688.594
688.605
688.183
689.491
688.350
687.656
682.193
681.560
683.225
682.084
681.657
685.278
678.391
678.028
678.413
678.259
676.417
676.925
676.414
676.249
678.060
690.344
676.317
677.333
680.204
676.443
677.131
676.249
678.911
676.383
673.631
677.120
673.630
676.719
674.578
675.919
673.895
674.986
671.892
671.759
671.526
676.998
672.854
671.526
672.122
671.648
671.162
671.523
671.536
671.024
671.707
670.582
672.954
671.450
668.001
669.722
668.243
661.049
656.847
657.054
656.710
654.865
655.010
656.376
655.893
656.394
654.440
653.955
653.023
651.929
653.055
655.662
654.220
652.089
648.405
650.999
651.491
641.753
641.739
639.176
638.619
638.619
637.451
637.464
652.228
637.468
635.239
636.267
636.306
635.239
635.280
631.576
632.682
632.460
631.188
630.630
631.402
630.747
630.989
631.495
630.615
630.328
627.338
633.593
620.738
620.471
620.724
621.122
623.038
621.300
627.636
620.738
620.881
621.063
621.944
620.489
616.372
615.538
616.130
615.465
616.000
613.640
609.052
587.308
586.470
586.316
586.160
584.946
584.818
590.006
583.910
584.690
585.254
585.215
567.093
569.070
566.615
566.647
566.595
565.697
565.463
566.800
566.988
567.796
565.289
565.001
565.846
564.522
564.886
562.694
563.482
563.141
562.663
562.940
562.836
563.136
579.749
560.493
559.621
560.695
559.320
559.343
558.975
559.014
559.585
575.092
560.903
556.148
556.351
556.977
556.151
556.151
555.800

Error results for RHC3
---------------------------
1115.503
1119.508
1119.983
1116.587
1117.652
1134.510
1129.740
1116.402
1115.503
1123.021
1110.585
1055.335
1052.834
1056.418
1059.804
1052.996
1052.814
1052.084
1052.029
1053.262
1052.253
1051.879
1051.843
1067.458
1036.250
1035.838
1035.112
1035.091
1035.130
1035.232
1035.158
1034.860
1035.321
1034.111
1035.331
1034.012
1036.842
1034.012
1034.214
1037.365
1034.030
1035.015
1035.467
1031.311
1033.847
1031.241
1030.945
1029.896
1036.076
1036.744
1031.481
1021.873
1021.873
1021.651
1021.651
1022.223
1019.937
1003.290
1005.098
1001.763
1001.867
1001.455
1002.697
1004.546
1000.534
999.425
999.471
1000.537
1001.261
999.622
1000.219
998.047
998.365
994.606
986.671
986.436
986.329
982.508
981.945
954.874
954.366
954.144
958.917
948.581
948.649
954.781
949.154
948.429
949.225
948.485
947.068
945.222
945.349
975.765
944.038
929.093
926.614
923.730
923.724
922.131
921.972
911.939
912.436
913.908
912.638
911.939
916.189
911.410
911.177
911.915
905.223
905.263
901.764
915.323
900.352
900.917
902.296
900.090
903.093
898.533
898.533
898.626
897.823
896.975
902.927
896.975
889.907
889.804
889.770
890.739
890.596
912.707
888.736
888.850
910.279
886.740
886.740
891.986
890.214
887.770
886.320
886.320
885.248
888.117
887.309
885.248
885.579
879.590
879.466
907.774
879.042
878.410
879.066
878.423
854.081
820.369
820.770
820.282
820.397
822.035
819.684
818.793
815.746
815.980
817.014
809.198
808.641
808.652
814.198
799.540
799.621
809.068
797.527
802.001
797.527
797.527
797.029
797.029
796.924
795.143
794.522
794.976
798.404
792.104
790.857
790.592
790.253
790.067
790.067
791.638
787.953
797.317
788.687
788.020
787.439
787.500
787.512
787.512
786.612
783.938
785.251
778.659
778.659
779.329
777.449
778.916
778.398
777.955
773.674
768.990
768.319
767.308
765.463
769.207
765.513
765.472
771.124
765.467
762.889
764.535
758.480
758.133
759.742
757.584
754.493
756.366
773.667
749.164
756.100
747.100
747.289
748.042
752.045
746.773
746.503
746.957
752.595
742.684
735.110
735.219
734.861
733.981
733.642
731.796
731.423
732.618
732.198
731.896
731.482
729.103
728.724
729.599
718.975
718.175
718.175
717.724
719.118
718.175
718.175
716.660
716.088
712.224
711.506
714.989
711.506
711.492
711.324
711.392
712.300
714.998
711.189
711.189
713.325
710.563
709.990
709.119
716.704
717.063
709.488
709.089
714.728
709.595
709.089
711.104
708.411
710.597
708.131
703.860
704.302
703.997
700.939
704.704
712.301
702.081
703.144
701.498
698.867
697.040
697.657
697.174
696.883
697.304
690.048
690.960
691.012
689.992
697.905
691.116
690.258
694.006
694.062
689.958
689.688
691.636
689.688
690.766
690.849
693.135
690.132
690.318
690.643
684.726
684.726
690.642
684.595
687.597
686.098
682.984
682.635
685.091
682.320
683.325
682.106
684.114
682.106
682.716
682.961
690.850
683.110
683.768
688.471
682.106
682.393
682.640
682.052
684.661
683.558
681.745
683.035
684.472
680.002
681.698
679.991
681.399
680.595
680.262
679.476
680.716
681.136
679.319
682.217
676.835
677.729
680.053
676.283
676.511
696.540
676.471
667.465
667.465
667.489
667.310
669.663
662.901
668.415
662.776
663.261
661.755
662.945
660.591
656.639
647.081
646.772
644.341
642.362
643.667
639.557
640.476
639.686
634.932
635.133
636.031
637.952
636.587
635.733
638.530
634.565
615.599
618.206
615.599
616.779
615.145
616.764
616.559
616.679
615.145
616.692
615.492
616.266
614.989
615.936
613.481
613.438
617.359
613.438
615.552
612.359
612.359
614.747
616.992
612.311
614.027
613.944
612.299
623.920
611.988
612.299
612.299
609.993
612.457
610.164
610.135
612.095
596.878
596.960
587.386
590.675
588.148
588.819
589.911
587.306
580.321
580.321
580.027
583.723
581.488
580.092
579.881
581.277
581.689
580.530
579.116
580.269
575.339
575.138
574.657
574.637
574.188
574.335
576.121
574.188
574.173
575.758
574.249
574.249
584.223
573.296
573.296
574.730
573.602
573.296
573.606
573.327
573.791
568.660
568.663
568.318
571.842
568.958
566.800
567.760
567.698
566.673
566.583
566.632
566.542
563.066
564.738
563.061
563.138
562.989
563.851
563.838
565.343
567.933
564.524
563.708
565.038
563.708
565.195

Error results for RHC4
---------------------------
1178.623
1178.623
1178.062
1178.860
1193.117
1172.920
1165.621
1165.621
1165.566
1165.486
1164.742
1163.708
1167.596
1153.358
1153.536
1156.121
1152.853
1135.145
1133.777
1133.777
1135.151
1133.437
1141.439
1119.222
1118.985
1126.333
1115.328
1115.328
1111.867
1111.965
1111.941
1103.876
1103.285
1103.146
1105.877
1100.105
1100.195
1098.142
1087.465
1086.116
1085.971
1089.808
1096.662
1086.086
1102.031
1081.078
1076.783
1088.961
1076.423
1072.500
1072.732
1073.673
1072.455
1069.688
1070.354
1069.689
1076.974
1073.989
1069.830
1069.366
1060.360
1060.627
1032.281
1031.886
1032.458
1032.101
1032.210
1033.319
1032.562
1032.030
1031.151
1030.914
1036.527
1026.405
1026.304
1024.440
1023.482
1025.826
1008.860
1008.860
1010.376
1008.870
1009.100
1011.737
999.924
1003.576
1003.558
967.899
934.447
934.447
930.034
930.121
926.801
926.752
922.654
922.265
921.141
919.810
919.616
915.049
913.058
910.256
910.807
908.306
908.210
901.161
904.128
900.961
899.659
889.309
889.815
889.468
890.040
889.449
891.474
889.289
891.653
897.427
889.371
889.115
873.731
873.816
872.780
848.789
848.030
860.248
850.977
849.522
848.402
849.723
847.961
848.556
848.977
847.961
852.964
847.465
844.771
845.689
860.091
841.517
831.561
831.561
830.014
836.649
829.844
827.751
827.732
832.021
834.351
827.732
828.283
826.279
831.705
826.369
826.073
825.870
823.584
843.866
822.441
823.078
828.928
820.451
819.812
819.670
821.854
819.516
818.463
819.035
818.445
818.746
813.869
808.087
809.714
809.322
828.715
803.006
801.065
801.588
801.160
801.065
801.065
801.120
800.221
799.013
799.013
797.667
800.086
797.446
797.066
801.044
797.059
802.515
795.777
799.663
796.070
795.777
792.995
794.507
783.276
784.732
783.610
785.778
782.284
782.676
781.970
780.095
784.549
780.206
781.509
780.027
779.202
784.734
780.994
774.049
775.001
771.989
775.172
771.829
773.400
770.493
770.493
778.683
771.931
770.007
768.429
773.104
768.196
766.531
766.275
766.455
767.026
757.311
757.755
766.781
757.244
762.351
756.216
753.094
745.451
739.560
733.612
734.616
734.781
733.061
734.076
725.337
725.376
724.854
723.098
709.090
708.990
719.128
709.420
712.099
709.884
709.345
710.610
710.440
713.744
707.669
707.577
707.577
707.213
706.023
705.214
706.018
705.484
705.319
705.334
690.409
691.090
690.028
677.536
677.964
677.635
678.245
676.711
676.428
676.167
676.987
684.161
676.169
675.902
676.408
682.416
677.296
677.124
672.966
674.406
664.441
652.851
651.432
649.463
649.466
650.839
652.126
649.466
649.982
658.133
649.350
649.350
649.350
649.563
634.470
633.749
633.745
632.789
613.476
615.601
616.314
621.989
615.305
613.916
614.954
613.820
615.365
613.529
613.843
613.645
613.487
607.668
607.660
610.366
598.977
599.385
598.789
599.069
598.881
604.459
597.261
597.198
596.596
595.666
594.280
595.278
593.868
594.649
594.835
594.052
594.052
613.774
583.595
583.824
581.933
579.723
579.657
578.913
579.928
585.104
580.787
562.661
568.276
562.827
562.661
565.864
562.001
564.109
562.091
562.001
561.870
556.757
555.980
555.805
556.405
555.805
570.745
558.808
559.037
556.302
556.606
553.584
553.295
554.608
550.711
551.225
551.935
551.366
549.632
552.602
548.445
548.457
547.981
547.981
547.671
545.432
546.194
547.496
546.063
547.492
544.807
545.959
544.167
544.100
543.055
543.030
545.863
542.392
542.392
542.722
541.606
537.050
538.422
540.081
536.045
539.120
535.182
535.993
534.410
534.990
533.767
533.778
532.118
531.762
521.974
522.451
521.974
521.135
519.753
519.606
521.155
519.840
519.841
518.910
518.996
520.206
518.395
521.568
518.892
518.694
518.433
522.014
520.246
518.826
517.529
517.680
523.849
517.618
517.909
520.421
517.143
517.143
518.884
516.934
516.954
516.228
523.921
515.280
513.678
505.797
506.224
505.817
513.827
524.823
505.197
509.832
511.055
504.630
507.865
506.112
504.514
503.540
507.885
503.544
503.540
503.542
505.268
506.877
503.927
502.926
502.955
502.666
501.284
502.243
501.132
500.584
501.818
501.190
501.240
501.676
501.393
502.203
501.549
501.307
499.760
499.673
499.039
497.480
497.609
497.198
497.982
497.382
498.485
510.906
496.904
500.242
495.874
497.374
498.935
496.650
493.056

Error results for RHC5
---------------------------
987.902
992.092
988.271
988.242
987.748
970.570
963.539
963.542
956.954
944.582
945.353
933.513
937.464
934.737
932.836
973.181
930.584
930.584
927.642
937.547
921.319
942.815
921.315
922.993
921.618
929.820
925.342
919.481
947.402
919.475
920.637
920.079
912.457
902.802
900.856
908.756
903.359
919.382
901.660
901.512
911.707
910.649
945.152
905.836
911.741
900.695
899.323
895.216
911.623
895.352
895.987
896.781
897.147
894.396
895.291
894.201
893.653
896.583
890.455
889.659
882.911
880.354
883.934
881.909
879.449
879.449
879.689
875.441
878.678
911.835
874.580
873.400
875.102
873.711
876.996
872.442
877.059
869.688
869.700
876.482
869.688
867.917
867.680
866.443
867.872
865.680
864.510
862.443
862.231
860.822
853.926
854.010
851.476
851.803
852.068
850.887
850.887
845.525
845.166
845.429
847.038
844.503
844.547
834.423
833.567
834.351
839.808
833.584
832.183
832.195
832.609
833.804
832.187
838.216
832.187
832.814
832.301
832.187
833.373
832.308
832.909
833.924
831.728
836.847
831.283
833.405
831.454
817.719
817.744
817.744
817.727
818.335
815.702
816.667
814.839
815.387
815.926
819.190
814.951
814.501
813.967
817.009
813.735
813.543
812.612
815.316
812.004
825.991
812.894
811.799
808.210
808.174
806.678
802.496
802.496
802.493
789.968
789.856
790.052
789.863
794.431
789.702
790.620
783.718
783.869
770.468
775.115
772.354
771.620
777.075
770.484
769.143
769.795
771.199
761.670
760.150
759.904
764.531
756.263
756.263
756.263
756.583
756.738
756.620
753.259
754.557
752.843
754.304
752.279
725.271
724.687
726.855
725.223
724.464
725.271
724.483
724.537
722.817
713.870
717.342
713.181
714.521
712.181
710.727
711.884
709.634
709.530
716.268
707.888
706.652
705.763
704.503
717.787
703.123
695.812
695.932
697.657
694.838
695.634
692.472
668.630
669.828
666.875
666.502
667.701
668.787
667.701
668.262
666.657
666.657
666.178
667.333
666.801
666.131
666.259
666.546
666.810
666.178
666.466
666.317
665.734
666.374
664.420
664.223
664.652
664.284
666.238
672.255
664.120
664.532
664.120
665.038
664.443
664.479
661.675
660.311
660.311
661.271
658.564
662.788
658.564
656.049
656.388
654.147
655.386
652.112
650.968
649.544
650.476
654.427
648.711
649.830
648.619
649.333
648.674
647.766
647.714
650.012
648.935
647.678
648.182
647.897
648.821
648.627
647.674
644.952
649.524
644.919
646.050
647.761
647.586
648.711
654.778
644.206
644.249
644.194
644.253
650.270
646.658
644.230
645.894
644.230
640.323
644.957
639.831
640.231
642.091
639.750
642.415
638.843
639.425
640.941
639.195
638.360
631.808
629.967
627.596
627.445
629.482
628.104
627.155
626.742
622.818
631.740
617.127
616.740
619.019
615.915
613.267
613.153
614.729
619.923
613.577
611.791
611.752
608.667
607.955
659.540
607.888
609.782
608.471
606.658
613.648
590.903
592.216
591.126
591.105
590.457
599.959
587.057
587.258
591.864
585.407
589.501
591.524
586.951
583.115
583.143
582.925
581.557
581.338
579.082
581.267
581.142
579.104
578.856
583.498
578.921
580.212
580.059
578.636
578.636
578.845
579.231
577.487
577.258
578.448
576.474
574.290
574.710
570.983
570.940
571.751
573.404
570.940
574.859
570.940
571.150
571.643
570.940
571.200
578.078
572.923
570.723
570.251
575.207
564.068
569.762
566.241
563.542
565.551
564.020
563.134
576.560
564.304
562.523
564.452
562.587
564.325
565.424
562.520
562.410
564.918
564.187
565.100
562.410
565.777
562.030
563.727
562.030
561.308
562.147
563.133
561.308
571.614
563.299
560.478
560.945
560.160
559.856
559.856
560.401
556.591
552.114
553.077
552.360
553.974
552.104
543.429
550.766
543.517
543.429
542.620
543.274
543.268
541.448
540.177
540.105
540.167
537.798
537.843
538.836
538.386
535.332
535.267
535.579
535.040
534.919
535.107
535.040
535.189
534.585
534.524
537.462
538.493
534.524
544.018
535.806
534.751
526.418
526.373
531.178
526.764
526.695
528.460
526.319
526.361
517.914
520.566
517.914
520.476
518.375
517.512
518.406
517.515
518.133
517.471
515.105
515.163
516.895
519.940
515.253
521.069
515.442
521.001
522.812
516.559
515.676
514.546
515.000

Error results for RHC6
---------------------------
1108.057
1105.045
1105.743
1125.881
1075.788
1087.449
1074.826
1074.936
1075.385
1074.787
1075.963
1074.787
1076.831
1076.051
1076.350
1075.859
1071.568
1071.005
1064.157
1057.112
1057.172
1057.144
1056.327
1057.149
1060.481
1056.139
1041.091
1037.531
1037.167
1029.867
1027.139
1027.139
1026.966
1025.908
1017.299
1004.107
1005.850
1009.003
998.478
976.916
977.666
978.565
973.516
973.608
974.909
977.729
974.693
970.557
982.229
956.701
954.392
956.450
955.245
953.357
953.447
951.729
951.975
944.039
946.945
944.039
942.473
940.540
940.567
940.197
946.110
938.983
931.927
931.927
930.289
930.667
930.565
930.289
930.796
928.863
930.220
942.762
925.325
926.194
925.325
928.139
925.516
927.191
925.155
931.573
925.278
929.083
924.464
917.546
919.851
928.228
917.563
915.146
915.146
916.579
914.563
915.085
914.260
914.653
920.060
927.539
914.439
913.589
914.767
914.448
913.589
913.589
914.166
918.659
913.856
929.568
921.519
913.336
923.459
909.530
910.160
911.494
908.845
909.074
915.868
908.775
910.464
914.269
910.049
910.128
907.244
907.219
914.111
906.950
907.775
907.123
892.762
858.768
863.617
861.415
858.768
860.335
861.744
865.203
860.207
855.229
864.218
858.337
853.279
849.252
849.252
849.129
851.487
850.643
847.829
847.919
846.842
846.268
846.638
842.069
850.243
842.099
839.424
841.589
828.540
824.826
845.862
824.304
824.770
822.604
821.053
824.798
821.068
823.272
823.115
818.301
818.282
819.412
818.712
821.894
818.861
823.363
817.027
818.254
816.397
819.198
818.733
815.159
821.396
815.181
812.716
813.417
814.449
811.977
772.476
772.483
771.124
770.671
770.671
784.756
742.145
740.101
738.713
758.760
739.438
742.806
737.756
736.929
743.248
737.352
738.269
733.148
733.124
733.124
732.522
732.522
751.278
733.143
730.842
748.868
728.736
725.071
723.650
726.023
723.358
729.731
724.742
724.819
723.044
722.272
699.445
698.794
699.807
697.000
681.827
680.083
680.430
689.536
680.319
680.083
680.174
677.310
675.952
666.747
666.567
666.157
667.225
670.496
666.233
672.853
686.586
665.734
662.155
662.439
662.574
661.981
669.273
674.108
668.041
663.429
661.981
661.656
661.883
661.711
667.729
661.766
661.545
664.293
684.238
650.016
650.696
649.202
649.193
650.044
642.685
639.304
639.304
638.460
643.512
640.059
653.291
638.433
633.045
628.323
643.970
626.918
626.918
626.482
626.482
625.429
623.384
622.512
623.983
622.323
612.739
614.927
616.880
613.839
613.231
612.739
614.346
609.780
610.661
608.297
608.316
613.013
611.463
608.209
608.209
609.529
608.194
607.849
609.762
607.678
606.140
605.886
607.926
598.870
598.870
582.734
581.816
584.295
589.222
583.166
581.385
585.587
581.463
583.287
595.052
582.495
581.255
588.616
581.255
581.258
581.881
582.982
581.140
579.176
579.176
580.558
564.755
565.618
564.755
564.724
566.125
573.787
593.779
571.291
564.576
564.135
564.259
542.015
541.391
541.645
552.721
544.278
563.129
542.380
540.627
541.585
539.343
539.343
534.036
542.345
534.036
534.209
534.189
534.337
536.212
534.265
533.947
534.386
534.203
535.699
528.576
528.984
526.417
528.330
531.757
526.461
526.415
525.846
526.131
525.846
529.707
533.799
535.962
526.140
525.617
529.900
525.720
530.840
521.148
521.754
520.462
520.271
522.376
520.059
519.853
530.691
520.435
546.204
519.701
519.331
517.915
517.936
519.846
516.473
519.023
518.351
516.168
515.564
515.643
515.130
515.292
514.339
522.856
518.097
532.944
553.830
513.836
529.466
513.987
500.879
499.671
500.681
500.264
500.544
499.671
499.671
499.954
499.671
502.350
501.423
499.545
500.115
506.296
501.287
500.020
499.831
500.092
498.907
498.715
498.701
499.726
500.377
497.557
497.557
496.286
497.453
496.199
497.322
500.058
496.199
495.376
493.682
494.123
494.379
491.843
490.905
480.231
480.231
480.781
479.908
482.032
479.873
482.026
480.938
483.249
484.167
479.873
484.189
479.746
486.041
478.576
482.419
473.943
476.281
477.096
474.978
467.378
469.568
469.470
467.695
467.631
467.631
478.725
469.734
466.471
472.266
468.575
460.512
458.026
457.399
457.015
457.149
464.817
457.777
454.959
455.941
455.314
455.136
455.194
455.490
454.959
454.533

Error results for RHC7
---------------------------
1098.024
1096.927
1106.595
1103.721
1098.595
1101.075
1098.214
1098.441
1097.834
1098.271
1087.481
1076.970
1070.509
1067.638
1069.901
1067.895
1070.784
1060.310
1059.171
1059.446
1056.193
1057.949
1058.607
1056.194
1059.078
1051.238
1050.487
1042.515
1042.690
1043.499
1046.424
1041.615
1036.524
1036.154
1036.595
1035.677
1035.658
1035.658
1039.462
1019.377
1022.602
1016.866
1016.866
1014.217
1014.765
1012.988
1013.391
1018.711
1012.988
1011.826
1005.920
998.058
998.245
989.966
989.972
989.523
989.749
985.836
986.405
983.919
980.420
982.895
980.420
979.204
978.388
981.487
978.547
978.547
984.278
980.812
977.561
977.561
964.983
962.538
962.538
960.246
958.774
959.851
958.078
957.866
967.555
1015.642
947.768
948.377
947.655
950.902
947.535
946.065
946.758
951.856
944.278
937.975
936.187
936.146
938.897
937.491
934.893
934.149
937.049
934.901
932.917
925.836
925.469
932.901
924.247
924.000
922.393
924.319
921.453
921.418
923.116
921.765
919.907
937.599
919.732
919.609
920.998
917.298
918.975
916.112
917.037
919.393
916.112
921.719
916.928
910.874
910.662
910.599
910.599
907.324
904.938
904.956
904.912
903.098
903.492
908.415
903.098
896.987
906.792
896.608
899.829
896.432
898.817
896.507
896.432
896.012
906.858
895.057
897.031
895.461
898.128
895.233
891.850
893.689
889.937
888.646
889.607
889.072
890.199
885.029
884.934
880.276
881.820
884.639
876.151
876.712
876.343
874.044
874.115
873.779
876.977
872.250
865.578
865.388
865.683
868.406
865.250
851.625
848.220
848.795
848.691
850.845
848.058
848.388
847.865
848.242
848.058
847.573
847.544
850.999
847.757
875.220
844.979
849.181
844.875
850.097
847.429
846.500
849.354
856.093
844.726
843.965
842.099
841.894
842.275
842.033
846.247
837.503
836.462
835.504
834.846
838.782
834.844
833.453
840.915
825.156
830.160
825.201
825.832
832.339
824.634
824.029
824.578
823.837
824.029
824.325
825.639
823.981
825.818
823.028
826.595
822.140
805.186
806.356
804.396
794.301
794.313
794.358
794.229
796.957
800.734
795.504
797.333
795.499
794.301
794.069
797.217
796.386
806.706
792.525
791.575
792.656
792.007
791.802
790.198
792.593
792.948
773.932
817.112
751.518
758.063
748.418
748.855
749.038
748.092
747.304
746.607
754.874
746.622
747.735
745.504
743.187
743.187
742.592
732.701
730.868
730.473
722.479
722.348
721.167
720.621
724.050
721.405
721.700
722.137
721.187
732.556
722.387
729.010
719.319
719.671
719.992
719.421
721.865
719.713
721.607
719.103
718.998
720.172
718.720
719.783
718.650
718.162
714.777
708.829
703.919
709.590
704.656
704.304
702.334
699.048
700.727
699.142
700.291
699.347
701.430
707.347
704.513
702.329
699.048
698.689
699.302
698.700
698.329
698.074
698.435
697.983
693.999
695.731
690.921
690.142
696.930
682.744
691.840
683.871
681.954
681.948
682.373
679.766
699.031
678.482
680.980
688.792
678.241
685.030
678.241
684.957
678.058
677.799
679.336
677.829
685.222
677.229
677.229
677.998
678.519
683.013
678.016
676.360
667.782
664.961
664.273
666.083
670.792
663.352
673.881
664.362
663.078
662.851
677.293
666.118
666.110
675.512
667.092
662.464
660.842
660.252
651.740
651.813
651.996
649.938
657.320
648.411
645.957
646.964
650.718
645.954
645.885
646.229
641.725
639.819
645.000
641.424
638.625
639.121
637.336
637.596
634.903
634.904
635.728
634.995
640.795
635.925
636.367
635.297
637.584
652.959
638.444
640.732
645.541
647.694
633.767
634.080
632.940
632.940
638.256
633.093
635.770
633.413
629.667
634.411
628.268
628.270
629.364
628.268
628.378
628.502
629.173
627.989
627.916
632.345
631.472
626.842
634.651
626.847
628.618
626.074
626.349
629.001
623.913
621.506
621.641
621.145
619.808
622.048
623.309
619.798
612.836
610.866
610.588
611.182
609.238
609.238
610.072
608.994
606.099
604.160
602.596
605.072
602.601
606.369
603.577
604.816
602.601
604.038
601.832
602.101
601.832
601.832
602.481
598.434
598.681
597.550
597.563
598.713
597.550
597.303
597.303
596.204
596.615
600.686
596.338
596.321
597.020
596.755
599.632
594.443
594.443
594.316
593.460
592.580
591.601
591.084
591.001
590.811
590.811
582.485
594.908
581.622
580.979

Error results for RHC8
---------------------------
906.564
910.123
906.610
910.586
907.088
907.051
912.512
906.435
906.404
916.165
898.656
896.262
887.378
883.932
884.825
884.715
884.266
884.026
880.444
880.413
880.413
882.084
880.593
880.413
880.520
880.478
882.060
880.072
880.295
894.106
880.464
880.124
880.498
880.966
888.657
881.712
882.802
879.961
882.441
876.471
876.768
872.652
872.655
874.200
870.675
870.680
870.528
870.935
869.966
874.166
860.462
863.933
867.644
861.334
858.061
876.933
858.379
856.209
856.112
857.546
858.146
858.091
844.379
849.402
859.021
844.012
847.463
844.012
838.943
827.514
824.594
820.496
819.878
819.811
813.732
814.089
794.432
794.756
795.748
794.911
794.893
792.270
792.239
791.902
788.223
788.177
787.171
789.892
792.092
798.737
786.953
786.993
774.980
771.349
771.503
771.627
770.791
781.480
773.248
770.962
770.791
782.208
769.767
770.083
769.774
773.247
771.914
768.672
767.024
769.960
778.212
767.080
761.766
756.923
755.741
755.048
752.928
748.172
749.578
753.360
716.131
721.608
716.429
716.345
723.885
741.093
715.943
719.202
716.806
713.931
714.399
713.353
713.025
706.104
706.131
705.802
706.558
705.650
705.721
704.091
704.541
702.268
710.248
699.148
707.273
704.495
705.495
699.131
698.599
703.624
699.751
699.195
699.470
698.763
704.843
702.158
699.142
698.763
698.294
682.820
682.861
675.090
673.836
673.494
673.275
672.921
667.931
669.166
667.931
675.086
666.421
665.232
670.438
664.002
657.834
654.901
654.100
653.911
653.826
653.750
655.345
652.948
650.768
651.000
647.491
647.014
646.541
647.936
648.864
645.401
648.714
645.401
645.664
645.308
641.233
640.486
639.693
639.536
713.149
639.536
637.641
637.641
637.746
636.554
648.032
637.009
632.466
633.062
632.670
639.060
632.420
635.135
633.540
632.519
633.269
633.938
630.935
630.417
630.662
659.190
630.172
630.161
628.934
618.075
618.137
617.057
616.923
607.530
607.846
607.832
606.549
606.549
603.683
604.126
603.149
580.571
580.540
583.789
580.655
574.955
575.716
580.488
576.392
574.955
574.156
575.774
574.513
573.914
570.284
572.133
570.667
570.502
572.640
569.814
566.850
566.603
566.694
567.060
567.324
566.326
543.141
543.443
545.452
545.051
544.468
542.613
542.344
543.282
543.685
543.258
542.683
543.859
540.444
540.020
539.881
535.237
532.914
534.270
533.822
533.543
535.072
533.655
510.061
511.464
516.735
511.270
504.088
496.795
500.645
494.343
496.279
499.526
494.285
494.486
495.688
495.980
494.634
494.409
494.950
494.563
495.514
494.919
496.591
493.780
493.740
487.426
487.161
487.388
487.099
488.315
485.333
485.434
489.488
486.073
485.333
485.965
483.641
483.641
484.959
481.554
477.781
480.787
477.612
479.721
479.480
478.102
477.975
477.333
479.783
477.747
477.422
477.379
477.117
477.021
477.021
477.675
483.032
476.936
477.337
476.936
480.664
476.595
477.547
475.670
476.306
478.891
481.346
475.725
473.624
477.579
473.567
471.039
471.619
466.237
467.036
466.628
465.846
466.062
466.268
465.846
462.429
462.763
462.636
462.643
462.802
462.737
463.134
462.332
462.174
460.329
461.106
460.769
465.176
459.253
459.413
459.253
464.072
459.253
459.323
459.377
458.898
458.898
458.678
458.491
462.597
460.945
457.479
437.673
437.012
438.607
439.333
438.190
435.124
435.118
435.979
435.517
432.954
433.893
431.167
431.167
431.384
431.237
433.336
434.286
431.159
434.458
432.603
431.241
429.122
429.354
429.122
429.117
429.282
431.357
430.780
423.783
424.043
422.747
422.709
422.603
425.530
428.538
421.760
421.822
421.633
420.856
420.512
420.329
420.322
421.908
420.459
437.214
420.843
423.833
422.370
414.052
412.766
412.766
412.766
412.402
400.096
401.950
399.916
399.828
399.828
398.905
399.211
400.225
398.252
395.599
396.122
394.007
394.007
393.769
396.304
393.946
394.212
393.910
394.715
393.706
393.818
393.731
394.071
405.448
394.364
394.402
393.378
393.750
394.718
394.976
393.350
393.316
394.762
393.650
393.316
392.953
392.954
392.970
390.933
391.066
394.786
392.978
389.285
390.725
394.115
389.161
388.263
389.842
388.250
389.565
388.277
388.464
391.428
389.407
388.450
388.504
388.134
391.599
388.642
388.134

Error results for RHC9
---------------------------
896.123
863.400
863.851
861.955
861.175
854.863
867.078
858.334
857.568
870.036
878.485
854.839
844.730
842.914
848.345
842.802
843.725
852.799
842.832
841.197
826.542
826.223
826.606
826.223
825.301
827.216
828.408
820.194
819.125
815.981
822.602
817.709
817.419
830.778
818.580
812.506
813.326
811.316
810.920
813.869
811.758
814.858
824.644
810.920
822.059
808.414
810.275
810.180
808.176
808.306
808.539
812.155
816.201
811.369
811.181
808.539
807.255
806.053
803.465
804.204
802.278
806.340
804.095
804.363
800.662
799.465
795.771
797.381
798.477
798.259
795.348
792.444
792.322
791.696
792.158
791.323
788.815
783.614
823.412
775.847
774.527
784.179
767.717
767.717
764.074
766.109
764.189
761.709
761.887
761.217
759.533
757.690
734.519
732.802
731.661
732.108
738.470
731.006
734.642
756.101
732.059
731.845
727.679
727.432
723.198
717.325
703.790
685.880
686.588
685.888
686.464
686.747
686.287
686.287
684.754
687.380
684.079
684.624
684.745
684.551
684.219
691.696
688.171
672.764
685.358
673.223
672.773
661.565
660.180
659.008
644.783
646.610
644.783
633.189
635.353
635.907
645.855
633.198
637.443
633.918
633.267
642.480
633.136
644.690
633.136
631.912
632.263
629.745
630.482
629.294
629.294
630.225
629.812
628.554
625.448
625.203
624.782
624.643
625.160
628.064
624.187
624.605
634.439
624.693
624.592
623.538
623.859
625.516
626.386
624.808
619.838
622.272
619.385
622.550
615.194
616.759
616.375
614.951
614.229
614.867
615.173
614.444
618.151
612.572
617.891
612.166
618.738
612.465
612.445
622.363
606.959
607.396
602.750
610.714
599.550
602.615
599.550
587.705
592.575
587.659
587.234
587.538
586.904
582.426
584.964
582.141
579.865
579.772
572.338
571.644
603.839
570.547
570.166
569.826
569.766
572.842
564.998
565.019
564.991
565.152
565.761
564.586
564.586
564.586
564.586
564.208
568.454
564.431
570.176
566.177
566.417
565.213
563.635
564.182
563.167
558.444
573.431
562.510
558.357
555.768
563.286
553.307
555.854
553.337
553.271
553.307
553.685
554.004
553.864
553.416
553.244
549.649
550.234
549.538
554.047
547.509
546.605
547.333
544.926
546.567
546.974
550.819
547.850
546.369
546.371
550.932
546.374
545.538
544.318
544.360
542.505
550.994
541.913
542.252
540.026
540.875
540.026
539.656
542.279
533.820
533.697
533.962
529.205
531.163
529.208
529.091
528.335
527.457
522.614
519.374
519.274
519.502
520.201
520.982
519.383
522.656
521.117
519.544
519.549
519.866
519.149
525.448
517.784
517.712
517.121
504.129
505.815
504.129
505.307
499.785
500.286
499.628
499.031
497.234
493.994
493.975
493.584
492.694
492.089
494.508
492.027
492.466
493.346
488.669
488.661
486.833
485.398
485.024
482.691
481.270
481.270
481.558
478.865
487.369
480.809
479.277
478.871
479.948
477.951
472.538
472.723
469.879
470.071
457.916
458.928
456.836
455.317
455.685
456.653
466.481
455.508
456.979
454.985
456.551
455.399
460.702
455.477
444.862
444.712
444.712
444.983
445.049
444.708
445.192
444.312
447.022
443.935
434.364
431.826
432.061
434.062
435.622
428.345
428.442
428.318
428.827
429.283
427.533
427.753
428.271
430.348
428.777
427.533
427.447
430.401
426.850
445.358
425.512
428.899
426.098
425.489
426.098
433.219
432.677
425.567
426.361
425.001
432.203
425.093
425.086
424.020
423.503
424.242
424.906
424.405
424.166
424.159
424.132
424.437
424.501
435.362
427.447
425.418
424.479
427.470
422.628
415.390
413.465
413.465
413.505
412.516
411.674
410.368
410.444
405.537
405.537
405.410
405.440
405.419
405.513
404.739
412.323
404.614
412.552
401.232
397.475
403.510
398.512
414.955
397.819
400.430
398.357
396.665
395.938
399.933
396.665
396.730
396.730
394.101
393.643
392.831
392.509
393.537
391.729
393.611
392.509
399.323
391.982
391.457
386.438
396.144
386.585
386.393
385.979
391.446
387.112
386.219
387.012
395.134
385.074
385.255
385.473
375.093
374.675
374.665
375.435
375.974
376.223
374.901
375.619
376.682
374.664
374.264
374.878
379.169
374.895
374.589
375.060
383.208
374.956
370.198
377.164
369.867
370.558
369.307
367.393
368.211
367.416
367.724
367.402

Error results for RHC10
---------------------------
1108.732
1105.712
1102.717
1085.978
1085.740
1083.365
1080.754
1099.884
1074.626
1073.700
1038.975
1041.243
1038.975
1030.390
1030.533
1036.889
1026.581
1025.264
1025.761
1032.800
1025.322
1031.585
1025.322
1025.143
1028.344
1026.000
1024.853
1024.853
1043.126
1025.878
1031.167
1031.389
1025.650
1024.832
1038.667
1024.088
996.434
995.374
977.672
978.162
977.897
975.965
975.965
974.337
974.897
974.366
959.254
953.639
982.378
956.783
953.769
966.427
951.424
949.729
948.658
945.254
945.263
945.223
943.684
931.363
931.387
926.224
924.157
920.393
926.006
924.483
921.707
917.732
917.841
915.061
920.851
915.041
916.192
918.758
917.216
919.023
913.537
910.106
914.424
904.903
907.361
910.974
909.175
905.017
904.707
905.302
902.217
901.967
901.170
895.654
893.294
896.427
892.692
892.791
886.443
889.933
891.114
886.311
861.433
864.979
858.397
857.360
850.818
848.655
849.543
853.566
851.296
848.469
854.193
856.390
845.093
853.827
853.285
844.883
844.648
843.290
843.732
846.956
843.474
843.874
845.691
843.081
842.566
843.663
842.048
843.581
843.075
840.750
841.137
840.435
838.068
843.267
838.292
839.426
836.427
836.972
834.669
846.846
826.744
825.290
816.169
816.105
827.404
816.229
811.886
807.163
808.485
807.913
808.335
804.361
802.108
797.607
797.467
802.736
797.387
797.864
798.257
798.867
797.587
797.374
800.626
797.873
797.254
794.831
795.852
794.831
793.492
793.519
792.174
793.273
792.209
790.467
787.338
785.845
785.499
783.860
785.249
785.781
784.032
782.076
789.948
780.344
782.510
780.344
780.356
786.538
781.066
782.143
779.505
779.586
783.512
779.653
772.761
781.263
773.584
772.843
772.751
736.771
750.082
736.681
736.730
734.765
731.241
729.678
729.657
729.837
729.229
728.039
729.445
730.150
728.745
730.781
728.785
735.313
728.849
725.905
727.597
727.893
721.428
721.934
720.675
723.514
727.073
718.641
719.372
722.259
719.662
721.230
717.387
717.387
717.408
716.956
716.975
717.522
717.045
720.332
720.054
719.112
721.992
726.351
715.910
715.743
715.597
723.173
717.786
715.024
712.622
710.461
714.802
711.960
709.830
709.720
709.720
713.181
715.042
710.387
712.812
706.807
709.650
710.672
707.314
707.844
708.005
706.009
706.027
704.627
704.675
697.032
696.908
696.307
696.307
696.307
696.307
695.917
695.971
698.744
695.374
694.716
699.174
692.527
689.526
692.581
690.283
690.619
689.799
689.526
688.403
693.690
689.602
688.423
688.454
680.677
685.526
681.239
681.119
680.371
682.288
680.292
680.584
680.431
680.126
679.732
679.687
679.799
677.768
677.768
677.487
677.726
677.632
677.627
676.323
676.638
680.151
680.434
674.903
674.835
674.850
672.937
673.696
672.318
674.202
671.797
671.797
670.561
671.250
676.524
673.357
670.594
670.577
670.561
683.200
670.514
670.571
670.514
669.658
668.667
668.651
669.271
670.906
670.801
668.658
670.503
669.487
676.352
668.366
664.543
663.081
659.692
659.739
656.667
658.483
657.065
656.723
656.547
656.013
652.611
653.691
652.463
651.485
648.108
647.416
647.542
646.023
646.210
646.064
647.890
645.922
643.245
644.413
643.908
647.991
645.807
643.231
643.646
643.532
642.776
643.159
643.773
638.829
633.999
635.268
631.789
639.076
632.263
632.387
630.278
630.038
629.038
628.956
629.028
625.221
627.347
624.116
631.175
625.300
626.670
619.357
620.082
618.722
619.545
619.737
620.814
604.821
606.414
604.293
604.176
605.141
605.075
605.939
603.442
601.648
601.688
601.434
602.753
601.655
603.635
602.089
601.520
599.839
600.445
598.804
597.970
598.226
600.336
600.384
597.882
599.481
599.258
598.837
597.308
597.399
597.127
599.042
597.028
595.685
593.290
594.924
592.621
591.758
591.868
600.418
591.513
595.272
600.312
587.206
586.197
588.248
585.853
586.191
583.090
583.599
587.166
584.621
582.972
582.628
582.628
585.422
582.874
583.582
582.388
581.099
581.354
580.959
563.073
565.326
563.803
561.122
561.298
565.026
562.150
560.883
560.883
562.421
560.906
560.883
559.937
559.937
559.108
559.163
558.537
559.844
557.766
557.766
559.608
557.766
558.743
557.471
557.801
555.358
555.013
561.856
558.851
554.122
554.088
557.443
554.672
556.737
554.584
554.460
553.977

--------------------------------------------
Results for RHC1: 
--------------------------------------------
Correctly classified (TEST) 2615.0 instances.
Incorrectly classified (TEST) 702.0 instances.
Percent correctly classified (TEST): 78.836%

Correctly classified (TRAIN)6131.0 instances.
Incorrectly classified (TRAIN) 1607.0 instances.
Percent correctly classified (TRAIN): 79.232%

Training time: 26.194 seconds
Testing time: 0.110 seconds

--------------------------------------------
Results for RHC2: 
--------------------------------------------
Correctly classified (TEST) 2676.0 instances.
Incorrectly classified (TEST) 641.0 instances.
Percent correctly classified (TEST): 80.675%

Correctly classified (TRAIN)6206.0 instances.
Incorrectly classified (TRAIN) 1532.0 instances.
Percent correctly classified (TRAIN): 80.202%

Training time: 24.915 seconds
Testing time: 0.067 seconds

--------------------------------------------
Results for RHC3: 
--------------------------------------------
Correctly classified (TEST) 2658.0 instances.
Incorrectly classified (TEST) 659.0 instances.
Percent correctly classified (TEST): 80.133%

Correctly classified (TRAIN)6156.0 instances.
Incorrectly classified (TRAIN) 1582.0 instances.
Percent correctly classified (TRAIN): 79.555%

Training time: 24.605 seconds
Testing time: 0.065 seconds

--------------------------------------------
Results for RHC4: 
--------------------------------------------
Correctly classified (TEST) 2780.0 instances.
Incorrectly classified (TEST) 537.0 instances.
Percent correctly classified (TEST): 83.811%

Correctly classified (TRAIN)6508.0 instances.
Incorrectly classified (TRAIN) 1230.0 instances.
Percent correctly classified (TRAIN): 84.104%

Training time: 27.497 seconds
Testing time: 0.076 seconds

--------------------------------------------
Results for RHC5: 
--------------------------------------------
Correctly classified (TEST) 2808.0 instances.
Incorrectly classified (TEST) 509.0 instances.
Percent correctly classified (TEST): 84.655%

Correctly classified (TRAIN)6540.0 instances.
Incorrectly classified (TRAIN) 1198.0 instances.
Percent correctly classified (TRAIN): 84.518%

Training time: 28.365 seconds
Testing time: 0.069 seconds

--------------------------------------------
Results for RHC6: 
--------------------------------------------
Correctly classified (TEST) 2853.0 instances.
Incorrectly classified (TEST) 464.0 instances.
Percent correctly classified (TEST): 86.011%

Correctly classified (TRAIN)6664.0 instances.
Incorrectly classified (TRAIN) 1074.0 instances.
Percent correctly classified (TRAIN): 86.120%

Training time: 24.738 seconds
Testing time: 0.062 seconds

--------------------------------------------
Results for RHC7: 
--------------------------------------------
Correctly classified (TEST) 2677.0 instances.
Incorrectly classified (TEST) 640.0 instances.
Percent correctly classified (TEST): 80.705%

Correctly classified (TRAIN)6260.0 instances.
Incorrectly classified (TRAIN) 1478.0 instances.
Percent correctly classified (TRAIN): 80.899%

Training time: 26.264 seconds
Testing time: 0.065 seconds

--------------------------------------------
Results for RHC8: 
--------------------------------------------
Correctly classified (TEST) 2946.0 instances.
Incorrectly classified (TEST) 371.0 instances.
Percent correctly classified (TEST): 88.815%

Correctly classified (TRAIN)6850.0 instances.
Incorrectly classified (TRAIN) 888.0 instances.
Percent correctly classified (TRAIN): 88.524%

Training time: 25.025 seconds
Testing time: 0.064 seconds

--------------------------------------------
Results for RHC9: 
--------------------------------------------
Correctly classified (TEST) 2947.0 instances.
Incorrectly classified (TEST) 370.0 instances.
Percent correctly classified (TEST): 88.845%

Correctly classified (TRAIN)6872.0 instances.
Incorrectly classified (TRAIN) 866.0 instances.
Percent correctly classified (TRAIN): 88.808%

Training time: 25.411 seconds
Testing time: 0.099 seconds

--------------------------------------------
Results for RHC10: 
--------------------------------------------
Correctly classified (TEST) 2683.0 instances.
Incorrectly classified (TEST) 634.0 instances.
Percent correctly classified (TEST): 80.886%

Correctly classified (TRAIN)6264.0 instances.
Incorrectly classified (TRAIN) 1474.0 instances.
Percent correctly classified (TRAIN): 80.951%

Training time: 27.600 seconds
Testing time: 0.118 seconds