Error results for SA1
---------------------------
873.941
869.897
870.250
889.100
889.100
888.850
889.340
892.838
894.256
896.918
894.115
892.896
891.500
889.931
890.352
890.057
887.314
876.551
882.794
880.793
869.118
868.977
864.856
864.856
864.870
864.935
865.876
869.291
866.911
863.528
863.528
879.416
892.613
862.561
862.356
861.807
863.306
861.661
861.661
868.182
861.222
863.189
861.622
863.150
861.525
861.222
859.858
859.571
858.646
860.596
864.692
857.558
857.622
855.994
859.051
854.536
853.424
853.374
846.245
839.721
840.496
839.598
840.934
837.952
837.953
839.063
838.173
838.583
837.952
842.696
839.314
840.234
840.311
841.561
847.339
842.150
839.615
836.806
836.491
839.625
835.917
831.688
827.159
838.599
823.864
826.001
823.694
824.690
848.381
823.694
826.387
822.814
824.334
829.166
820.999
814.597
822.399
815.315
814.771
814.781
800.248
798.107
795.120
794.421
794.443
797.315
794.421
794.881
793.902
794.421
792.285
791.088
791.247
792.362
791.213
791.815
791.824
788.029
784.269
787.260
784.625
783.846
781.334
781.313
779.971
780.683
781.081
780.382
775.212
780.696
771.561
771.494
772.472
762.845
762.996
764.366
760.641
760.978
757.661
756.334
755.164
751.868
752.266
749.256
753.163
746.816
746.970
746.246
743.714
742.468
744.786
744.283
748.088
740.300
738.762
739.338
739.651
739.219
748.294
736.473
735.821
732.877
733.273
736.679
725.185
730.229
725.629
725.179
723.437
720.576
717.868
716.276
716.358
715.774
716.530
709.461
720.713
709.878
711.865
704.160
700.216
700.972
702.016
701.530
700.773
700.115
699.403
702.486
703.511
708.710
699.232
692.526
693.006
687.601
693.905
690.574
686.532
692.094
686.972
686.532
680.818
694.639
680.624
680.624
680.673
680.401
680.160
681.028
679.741
681.253
680.167
677.668
678.023
684.276
678.000
678.023
679.040
678.334
677.248
676.965
677.798
676.392
684.911
676.734
696.110
676.403
676.453
678.141
678.894
678.380
676.574
676.549
676.921
677.913
676.686
682.529
676.460
676.403
676.901
675.481
676.497
675.481
675.946
702.636
672.751
671.035
673.202
671.306
667.508
665.371
665.118
665.714
680.285
662.415
663.506
662.415
662.311
662.191
676.089
662.395
665.434
672.008
663.864
662.101
665.800
661.981
658.200
658.200
657.982
660.399
649.224
649.732
650.946
649.277
651.523
648.890
649.866
648.890
649.473
648.350
647.840
655.830
648.164
652.730
643.555
643.041
643.217
644.881
639.505
639.314
635.564
635.542
638.881
638.202
635.074
635.192
635.074
636.201
623.613
616.137
596.831
591.425
591.399
590.770
588.840
589.116
589.116
588.204
588.441
594.240
586.127
592.267
586.676
586.152
585.476
586.005
585.587
585.511
585.435
585.700
585.581
585.930
586.642
585.438
593.305
585.000
586.369
584.952
585.740
584.856
584.027
584.388
583.864
586.865
584.212
586.666
585.335
583.555
583.351
582.846
582.592
583.657
581.908
581.908
585.030
581.734
578.843
578.757
578.974
583.027
578.878
580.376
578.726
578.581
579.177
578.375
579.204
577.351
577.075
576.348
574.734
574.844
571.410
572.591
571.378
571.589
571.378
571.368
571.206
571.074
571.511
571.024
550.329
551.780
549.735
547.406
550.824
550.413
554.636
547.636
547.173
547.173
547.153
547.915
548.767
548.675
544.438
545.246
544.434
544.182
544.145
544.474
542.480
542.080
542.085
540.192
540.947
542.610
546.040
549.194
540.256
539.967
541.320
551.923
541.628
557.546
546.537
539.060
542.268
539.884
532.908
535.119
532.044
532.124
531.218
531.203
533.133
540.767
531.048
531.022
531.337
531.022
531.931
530.671
531.077
527.737
527.253
527.248
527.253
526.283
527.374
532.519
527.253
533.017
527.842
526.088
526.161
525.145
527.902
528.066
524.896
524.896
526.216
523.166
523.124
523.424
524.355
531.030
523.239
523.903
524.571
522.577
524.249
522.677
520.840
528.533
524.174
520.822
518.893
518.893
520.535
518.215
518.758
518.215
518.395
517.985
517.424
518.205
519.971
507.166
507.165
506.429
506.800
506.888
509.344
506.558
506.437
506.429
506.653
504.167
504.373
504.290
503.903
504.051
504.106
504.927
503.194
506.161
502.712
503.090
501.798
504.906
501.788
499.913
499.501
499.260
499.815
505.973
499.511
499.627

Error results for SA2
---------------------------
859.337
859.167
857.003
857.003
864.108
864.651
864.643
864.805
864.808
865.495
865.236
865.236
865.098
864.338
864.316
862.465
863.902
856.118
856.734
856.118
849.939
849.171
848.092
847.130
846.175
847.753
846.864
845.132
846.132
845.936
865.395
845.921
846.556
851.192
845.193
843.466
854.344
843.099
843.237
843.748
841.659
840.353
840.626
838.478
839.313
838.893
838.373
840.129
838.057
838.562
839.139
837.536
837.566
832.515
831.868
834.652
832.061
831.868
837.360
832.086
833.932
831.868
833.114
831.328
831.525
831.430
831.370
831.639
830.808
830.583
832.077
841.072
830.586
830.656
830.678
830.742
830.416
830.234
828.651
829.137
830.883
828.656
819.860
819.880
820.769
819.842
821.039
819.812
819.645
820.912
821.034
818.097
815.660
812.580
813.675
811.748
812.999
811.879
812.964
811.748
811.743
811.249
810.843
810.097
809.942
813.932
810.866
809.615
811.777
809.420
809.026
810.253
809.297
804.449
800.639
800.456
801.530
803.293
800.003
800.341
799.538
799.517
799.755
800.806
811.599
799.517
799.507
799.552
800.864
799.552
800.295
801.460
798.695
797.200
796.790
796.790
795.689
795.950
795.953
795.440
791.420
791.419
792.505
791.562
791.302
791.092
789.801
789.901
792.874
789.612
789.760
789.760
789.516
790.308
789.549
790.856
790.342
789.844
782.356
782.738
782.954
748.324
751.560
746.148
750.046
747.501
747.958
745.913
745.504
745.497
745.353
745.390
744.515
745.549
743.827
744.508
722.035
722.720
722.130
724.201
721.738
721.789
722.518
722.583
721.338
721.367
723.273
721.199
724.147
720.661
721.022
720.943
719.096
719.289
718.989
719.104
720.355
718.229
715.632
732.210
715.521
712.990
715.364
712.633
720.599
712.193
712.537
713.527
713.348
716.129
712.349
712.349
713.238
711.847
711.574
711.991
711.618
710.678
725.366
708.296
711.557
708.753
708.375
708.191
707.725
708.258
707.378
707.725
705.936
706.070
705.287
705.341
705.086
712.194
705.086
705.053
708.772
704.704
704.704
704.849
695.870
696.163
697.143
695.886
695.870
695.870
695.870
698.016
694.457
691.195
699.170
692.283
696.695
687.215
710.531
687.829
689.906
689.627
687.626
687.215
689.071
686.222
686.222
686.597
686.215
686.659
684.425
684.450
684.450
686.063
682.441
684.774
682.052
683.540
681.221
690.086
681.273
678.655
673.702
673.546
667.312
666.600
666.500
666.617
663.549
664.896
665.674
663.528
662.615
662.525
662.947
662.331
675.145
658.892
663.017
659.108
659.107
659.108
662.474
654.026
654.663
655.430
653.360
652.494
652.494
652.303
653.506
651.830
649.149
649.968
648.162
648.159
647.725
648.373
648.951
647.439
647.174
649.817
650.867
648.543
649.039
647.281
643.244
651.413
643.637
642.941
644.377
642.941
645.461
642.919
642.481
642.138
642.999
639.215
642.686
638.044
639.564
635.124
626.780
625.724
634.003
624.226
630.912
624.943
624.326
625.719
617.854
619.754
616.417
616.312
616.312
616.179
617.632
615.915
614.958
615.005
614.664
614.207
616.267
614.337
614.149
614.760
614.854
614.196
614.286
611.744
608.204
603.981
603.981
603.981
605.711
604.349
604.158
603.921
604.146
603.518
607.908
601.210
602.964
600.965
603.414
600.956
601.055
602.743
600.911
602.161
599.852
602.133
597.770
600.764
597.878
596.209
606.979
597.770
598.541
593.652
594.885
592.859
585.763
584.900
587.456
584.442
582.960
584.166
618.307
583.299
583.826
583.270
583.270
584.925
583.054
581.974
582.849
581.388
571.561
577.706
571.288
571.485
571.021
568.817
568.812
569.774
575.888
573.547
566.444
566.157
565.342
565.342
564.272
564.303
564.272
564.429
562.885
561.116
556.089
557.637
555.273
566.538
547.343
543.958
545.168
543.958
545.063
546.160
541.331
544.374
541.488
540.000
539.932
540.009
541.038
538.879
540.700
539.993
539.993
537.684
535.121
535.129
535.888
534.416
534.428
533.674
532.972
532.947
533.203
537.121
533.092
532.790
532.793
533.541
532.908
532.767
532.670
534.754
533.053
531.330
531.349
525.150
524.634
526.618
524.851
524.217
524.475
524.226
524.566
524.300
524.263
524.226
522.918
522.763
522.732
522.882
522.759
522.942
523.926
522.635
522.926
523.603
522.345
522.560

Error results for SA3
---------------------------
1040.157
1028.503
1030.120
1030.685
1028.197
1028.336
1028.326
1031.414
1030.293
1029.966
1029.849
1024.658
1015.073
1015.043
1014.575
1014.501
1015.283
1005.920
1006.395
1003.375
1008.413
1003.676
1003.899
1003.248
999.252
1015.210
993.386
993.946
998.691
996.312
995.590
994.308
993.894
978.632
974.696
971.625
972.535
971.200
971.625
968.553
968.542
967.861
968.417
979.156
963.808
973.500
964.162
961.137
966.098
959.706
954.641
955.350
954.820
950.653
951.450
949.787
951.097
951.313
949.787
949.787
950.550
948.683
925.526
928.805
963.113
926.261
925.171
924.803
924.803
929.799
924.599
927.009
922.204
918.619
918.619
918.889
923.716
916.187
916.455
916.300
915.642
915.236
912.446
913.169
911.957
911.905
909.897
909.897
909.897
916.593
909.816
909.773
909.118
908.233
906.561
898.035
898.115
898.035
900.289
888.719
889.043
887.956
883.260
886.255
883.585
889.085
883.259
875.660
875.660
873.939
873.750
873.616
870.626
870.704
830.321
830.321
830.321
830.335
830.449
828.151
834.977
828.992
833.020
830.115
827.910
819.526
825.611
819.273
805.422
805.995
803.745
803.331
803.108
808.477
804.698
803.017
798.031
793.434
794.368
793.551
796.029
791.183
794.821
812.271
794.346
839.766
797.156
789.315
789.580
801.961
787.627
787.627
774.124
779.622
775.235
780.899
774.200
765.293
765.293
770.495
764.767
764.213
778.358
764.662
758.317
758.369
751.596
751.190
751.084
751.190
751.713
751.266
769.703
751.145
749.616
750.017
749.202
751.102
740.960
730.834
727.815
726.940
726.908
726.587
727.994
726.587
726.923
725.740
726.073
728.843
725.740
729.498
720.992
712.447
712.113
712.113
712.113
714.314
711.420
715.741
710.989
713.326
711.610
713.980
723.908
711.628
709.356
709.325
709.343
764.230
712.077
709.360
719.556
718.622
708.576
721.835
718.869
709.971
704.655
707.540
705.913
706.523
704.655
704.655
705.820
709.019
702.634
702.655
702.688
694.376
693.181
693.744
693.181
695.386
693.384
697.476
694.266
690.793
690.793
690.684
690.585
694.782
669.651
669.566
670.363
669.829
669.638
669.456
669.456
668.544
671.802
667.772
668.544
665.829
665.466
664.998
666.178
666.003
663.579
647.638
647.716
641.765
642.443
642.400
642.129
642.129
644.202
637.050
646.713
639.018
640.048
638.856
637.954
638.927
637.050
634.768
638.666
647.503
634.133
634.133
638.417
639.426
623.818
631.775
621.366
593.533
590.154
589.860
593.708
592.362
589.564
589.610
589.590
589.728
589.341
589.101
591.298
589.101
601.179
586.660
592.326
587.530
583.508
582.818
584.668
583.157
583.622
582.618
582.629
582.373
581.872
580.810
580.729
584.369
582.558
588.509
577.587
577.731
579.550
577.025
577.025
576.211
576.249
576.438
577.018
576.935
573.365
573.068
573.117
573.068
572.350
572.526
569.404
569.099
568.387
570.628
568.052
568.963
568.512
567.703
568.764
570.808
567.931
567.608
572.072
569.545
569.577
564.472
567.464
565.614
563.102
563.824
563.908
563.291
561.867
562.424
565.234
563.688
560.518
563.458
559.741
559.299
561.638
558.957
558.158
558.501
552.825
556.072
552.249
552.330
552.081
552.281
554.754
553.867
551.426
551.555
552.772
555.283
552.953
551.555
555.897
551.566
552.281
551.903
552.015
550.650
546.825
546.807
549.565
546.807
557.826
557.664
546.466
551.125
546.694
545.745
556.197
547.614
537.831
537.831
539.050
539.428
539.045
548.885
534.665
544.185
534.642
534.628
538.846
531.882
531.732
531.724
529.906
529.933
529.721
530.857
530.240
529.722
530.556
529.721
530.478
553.139
532.238
528.723
528.314
547.094
529.571
528.038
532.090
529.067
535.169
528.116
529.776
528.603
527.462
527.096
526.934
526.313
526.592
526.251
527.392
526.001
529.237
523.714
524.387
524.567
523.199
523.773
526.476
524.307
523.783
525.326
524.733
523.912
523.714
523.140
522.038
521.913
521.290
521.353
523.904
521.088
521.090
522.894
522.028
520.742
521.356
520.742
530.204
520.467
520.593
520.442
520.732
519.258
519.258
518.935
518.730
516.736
515.489
515.428
513.018
516.376
513.352
509.472
509.584
509.616
509.064
504.941
505.167
504.997
505.606
505.040
503.237
502.852
503.685
506.954
505.147
503.022
502.852
508.127

Error results for SA4
---------------------------
1110.295
1110.464
1110.552
1112.995
1112.962
1114.090
1112.201
1113.248
1113.024
1113.672
1114.775
1100.735
1100.668
1093.685
1093.757
1094.285
1097.203
1090.405
1091.743
1085.089
1085.074
1086.988
1106.451
1084.632
1084.872
1088.222
1081.586
1083.825
1084.845
1083.033
1075.534
1083.884
1054.689
1051.492
1060.862
1058.284
1051.121
1051.073
1051.078
1050.989
1050.719
1059.725
1055.504
1054.126
1050.010
1048.383
1048.472
1052.833
1050.789
1049.855
1048.750
1054.626
1051.346
1048.475
1047.840
1067.811
1047.840
1048.200
1048.040
1050.010
1047.403
1048.338
1039.375
1039.743
1000.775
1002.386
999.798
1002.310
1003.504
999.798
1000.688
996.549
995.639
976.133
969.635
968.576
970.157
968.576
969.810
969.279
970.099
968.470
972.921
967.679
967.652
968.280
982.421
970.213
967.575
967.536
967.422
973.879
964.779
964.725
963.831
975.367
966.644
963.831
964.075
965.245
964.002
962.780
961.413
959.235
958.562
957.767
958.419
951.403
936.933
933.258
907.382
919.787
907.229
907.144
915.124
906.447
903.775
903.848
909.166
908.182
903.232
902.610
904.476
903.821
902.466
902.000
902.382
902.015
911.163
897.260
896.686
899.030
896.538
899.189
903.497
898.831
896.686
895.603
910.348
898.012
904.264
898.260
901.091
881.420
884.572
882.819
881.593
866.755
866.998
866.737
865.938
866.999
862.871
864.715
862.229
880.495
865.310
858.621
859.357
857.225
858.773
857.150
861.765
857.370
812.962
812.417
812.550
812.434
801.579
799.883
800.662
798.325
801.567
797.988
798.514
799.753
797.813
797.376
797.621
800.859
797.376
797.077
834.671
801.635
797.174
797.174
811.154
796.960
796.646
798.321
796.752
796.646
812.738
796.450
796.832
798.573
798.474
798.403
786.962
787.818
795.199
786.611
786.587
786.202
786.559
789.552
783.453
783.067
781.408
778.550
777.133
776.290
790.512
772.109
770.124
768.997
766.591
766.910
765.912
765.912
763.533
762.497
762.456
778.498
758.383
746.947
746.499
746.638
746.638
746.986
747.110
751.633
749.801
748.900
746.545
746.928
757.373
748.380
746.497
751.305
747.987
765.934
746.550
742.172
745.117
742.431
746.107
743.759
741.842
741.842
737.919
735.878
737.376
735.765
734.572
734.753
735.421
736.434
733.105
733.105
733.959
737.763
733.583
733.420
731.339
731.334
732.186
732.481
731.337
731.260
734.095
732.180
759.931
734.889
731.036
731.006
730.771
730.017
729.292
724.736
724.736
728.186
724.319
724.273
723.940
723.942
723.867
729.000
723.207
723.279
724.847
730.060
720.757
720.839
720.502
720.379
720.865
720.591
721.395
725.988
721.166
720.698
717.788
717.862
712.239
688.889
696.330
689.675
688.764
688.417
687.317
687.317
685.965
685.812
685.852
683.985
685.116
686.960
683.903
685.408
684.524
678.998
681.592
681.084
678.785
678.493
678.244
679.146
676.401
676.442
677.057
676.610
676.332
675.755
675.779
675.738
680.007
675.827
694.984
675.814
676.002
675.635
680.028
675.635
676.142
674.316
674.311
674.311
675.824
674.097
685.870
674.095
714.814
675.706
685.588
674.095
677.084
674.457
674.649
674.095
672.974
673.141
672.914
671.670
671.933
669.410
669.643
668.343
668.790
666.192
663.658
651.195
651.134
653.258
648.916
645.083
638.482
639.357
655.336
648.812
638.860
638.482
639.439
646.520
641.806
638.482
646.926
637.669
639.070
614.951
614.017
615.352
614.020
615.074
612.183
612.545
598.971
598.671
598.671
599.066
599.301
598.327
597.903
596.130
604.061
596.130
596.147
596.559
595.538
598.752
595.538
590.765
590.765
589.909
590.008
589.688
587.880
586.035
585.039
584.604
584.634
585.167
595.173
585.293
584.043
583.596
586.024
583.596
583.615
584.469
583.235
582.913
582.000
581.950
580.832
580.700
580.692
580.413
587.687
580.413
585.079
598.854
576.819
576.482
586.062
573.967
574.886
579.040
574.730
574.629
573.311
574.125
575.640
575.054
574.504
576.723
573.907
572.748
575.799
573.150
570.699
579.395
580.036
575.261
570.609
570.867
570.183
570.183
570.423
570.274
568.996
572.110
569.240
569.030
568.832
569.255
570.029
566.604
569.386
566.467
567.427
566.771
566.341
571.523
564.578
564.282
562.632
566.405
561.760
569.265
561.783
567.080
554.513
557.449
555.428
553.651
553.016
552.288
552.610
552.288

Error results for SA5
---------------------------
1024.358
1016.400
1016.213
1004.424
1005.966
1011.489
1021.815
1023.121
1011.899
1010.695
1004.318
1004.090
982.095
982.109
971.642
970.081
953.620
949.127
949.511
950.834
950.909
952.722
955.472
941.394
934.051
934.051
935.356
935.537
926.594
926.647
918.205
929.979
918.633
915.314
918.584
915.314
915.326
915.314
918.454
914.406
917.593
913.339
913.339
913.077
910.260
906.632
905.722
905.822
908.501
905.360
901.230
909.653
901.230
901.015
902.177
903.057
905.532
899.270
896.879
893.465
889.231
890.979
884.130
886.718
884.247
875.099
880.911
874.796
871.432
868.659
869.297
868.820
867.067
861.734
866.569
861.952
865.233
851.648
854.083
845.765
848.597
845.765
838.517
839.928
838.517
838.517
837.248
838.349
838.685
836.920
834.767
835.929
833.457
830.806
840.269
830.383
847.174
826.168
823.236
822.728
822.697
824.272
824.084
820.850
820.770
819.686
818.862
842.447
823.044
819.876
817.595
821.109
817.595
822.349
817.611
817.550
858.860
816.358
819.592
816.360
803.621
802.761
802.531
804.752
794.406
793.515
794.031
789.851
782.733
782.398
782.247
782.089
778.354
778.563
778.560
779.683
786.550
785.629
778.313
776.947
776.162
777.760
772.844
773.119
769.274
769.487
770.344
777.452
768.893
769.595
766.799
766.799
767.453
766.038
765.487
765.246
765.981
757.498
758.847
758.784
757.129
756.859
757.069
757.630
757.328
754.520
751.108
748.478
746.535
739.465
738.063
713.013
712.968
713.016
708.505
699.170
699.406
703.578
699.594
712.656
699.254
699.233
696.275
696.327
700.122
688.032
682.620
690.827
691.191
686.828
680.602
686.934
677.358
677.915
677.142
677.090
672.089
672.360
672.850
673.975
672.599
669.109
666.778
666.778
666.931
666.122
669.641
665.073
664.846
665.556
670.667
667.867
674.313
663.082
663.082
668.376
655.235
653.936
653.690
664.926
653.985
654.328
656.671
654.328
645.061
646.367
638.915
646.410
640.599
635.587
637.618
643.556
636.665
631.114
633.239
633.708
632.829
630.722
629.860
626.314
626.336
626.230
631.779
629.346
626.520
618.720
617.611
617.518
619.075
618.131
615.550
615.487
616.049
619.835
615.256
613.696
620.778
613.950
609.517
615.918
608.511
608.953
609.935
607.691
611.498
609.810
607.511
607.691
612.798
607.803
605.401
610.141
606.113
608.311
604.444
610.492
606.111
606.820
602.597
605.474
607.563
601.723
603.394
602.871
599.695
605.145
603.208
599.879
599.407
600.715
600.631
601.805
599.500
605.340
599.538
602.345
600.265
599.538
596.100
598.765
596.322
599.057
596.943
596.433
598.853
594.737
593.630
593.516
597.168
591.319
591.319
588.007
587.423
583.796
574.287
574.207
577.424
582.157
574.056
574.309
574.969
571.615
570.945
569.875
570.183
570.744
567.417
568.520
572.832
569.309
566.209
566.031
566.271
569.184
566.696
566.031
565.711
566.021
576.285
561.143
566.367
561.395
560.964
560.632
570.042
570.943
560.554
560.626
560.721
554.958
556.516
555.015
555.764
554.958
558.598
553.714
553.740
553.646
554.136
569.883
552.382
555.594
549.470
548.761
548.562
548.234
547.302
549.596
550.107
556.177
550.729
547.320
547.432
551.005
549.463
555.694
547.005
547.050
549.247
547.344
545.158
546.501
545.220
542.867
543.097
543.600
543.786
538.305
538.065
545.189
538.042
538.597
539.148
535.218
535.061
534.576
534.579
534.177
534.697
534.697
534.023
534.792
542.347
533.881
534.526
534.115
538.244
522.839
522.857
522.287
521.832
521.832
520.357
520.440
523.419
519.416
522.544
519.434
516.400
516.400
509.177
506.954
507.386
507.291
507.654
514.033
507.419
506.938
506.753
508.004
506.749
506.695
508.617
511.798
506.392
504.593
505.850
504.622
500.598
504.568
500.257
500.257
495.705
488.121
487.772
489.814
496.448
486.755
488.974
487.266
491.239
486.825
487.048
486.702
486.724
487.199
487.004
486.057
486.594
488.941
484.305
482.914
482.710
488.973
482.380
482.305
483.098
478.090
478.132
477.151
476.930
476.543
476.543
474.248
478.154
476.543
476.396
476.692
477.789
476.381
475.960
474.652
480.532
474.847
474.274
474.749
475.334
474.652
474.776
473.223
473.384
473.375
473.731
472.982
471.740
469.244
468.636
467.626
467.706
468.383

Error results for SA6
---------------------------
815.023
800.853
803.980
803.876
804.190
810.636
802.803
829.430
830.123
830.149
829.740
828.770
824.882
824.882
825.488
823.644
823.596
823.674
854.465
818.035
825.371
819.203
849.293
821.708
817.709
819.433
825.284
824.483
815.792
834.086
813.361
813.356
818.668
823.560
817.248
805.054
812.520
793.567
793.762
795.873
793.440
798.663
781.069
778.501
772.982
770.104
769.115
769.381
757.529
761.552
757.550
756.745
756.902
762.679
773.801
756.331
757.084
758.104
763.758
755.650
765.800
759.948
755.376
752.551
750.867
751.173
741.983
741.813
774.528
737.197
738.481
750.647
737.424
735.996
734.069
730.055
732.328
730.055
729.074
730.292
729.471
758.298
729.449
729.650
729.840
729.598
698.708
698.211
699.297
698.122
697.365
692.241
691.613
697.983
689.864
687.137
685.587
685.522
684.007
694.911
684.242
685.394
684.561
685.857
683.837
682.027
681.856
682.472
681.282
682.379
675.274
679.612
675.284
680.859
674.986
677.380
677.772
681.107
673.128
674.106
673.090
671.107
676.715
663.926
664.012
663.568
665.978
662.989
662.989
662.961
662.989
662.989
665.049
662.121
661.419
662.820
661.276
660.109
659.721
663.054
659.721
657.833
670.133
652.795
650.675
637.263
637.647
637.811
637.472
638.510
637.964
637.273
642.568
633.633
634.762
632.401
632.076
623.246
625.096
629.652
625.826
626.945
625.397
624.793
625.784
623.246
622.651
622.215
616.562
616.562
616.686
616.204
613.772
629.038
600.434
600.308
645.855
600.510
600.308
600.644
601.688
600.406
597.877
598.982
598.869
594.789
598.151
594.642
592.342
587.392
586.138
595.728
586.138
601.166
585.939
584.449
585.037
584.136
585.434
581.723
581.160
586.501
581.147
580.673
585.449
580.252
585.204
580.252
578.941
578.202
570.505
572.226
575.888
573.670
591.389
570.481
569.054
579.244
568.684
568.600
561.661
567.663
561.699
563.632
569.008
560.735
560.735
560.485
575.651
559.631
559.465
559.977
562.057
560.226
559.994
559.594
559.695
559.017
556.727
556.576
551.196
548.070
547.398
547.461
547.420
547.420
547.590
547.376
546.600
551.215
546.791
545.723
545.923
551.889
547.080
545.612
549.473
540.440
539.144
550.057
538.857
542.557
541.563
541.440
537.666
553.543
537.711
537.484
539.632
538.183
537.934
540.102
537.648
538.426
535.943
536.564
536.725
534.636
534.636
534.569
534.153
534.804
535.575
541.102
533.774
533.282
533.328
517.304
517.899
517.303
519.334
520.427
517.287
517.304
518.880
515.686
515.355
517.677
515.992
512.807
515.864
512.713
511.141
512.475
522.127
509.421
509.054
506.325
506.491
506.321
504.665
503.618
518.848
491.199
490.184
490.546
491.066
490.215
490.066
490.002
491.594
486.140
489.657
486.185
484.941
492.009
484.941
481.159
485.133
480.732
483.193
481.109
479.500
477.955
477.955
477.955
477.955
478.881
477.938
492.964
477.984
479.059
478.436
477.354
480.769
476.552
475.153
469.365
471.980
476.800
468.663
470.788
468.663
468.361
467.341
467.341
477.483
466.618
472.161
467.678
465.163
464.871
448.556
445.650
445.838
445.064
444.570
446.613
443.170
432.811
435.291
432.817
434.831
431.076
434.402
432.676
431.770
430.915
433.778
431.173
430.100
431.267
430.100
430.196
430.100
436.678
425.750
422.775
422.750
424.830
425.526
421.910
422.281
424.748
421.013
421.086
434.684
419.522
417.855
417.710
416.354
417.123
415.620
414.121
413.719
414.085
417.683
414.121
413.914
413.937
413.694
411.551
411.728
411.530
411.346
411.132
413.881
411.574
416.058
413.705
411.906
425.145
410.050
421.888
411.679
410.902
410.790
409.925
410.176
409.923
404.105
404.131
405.980
408.125
404.496
403.985
404.024
403.170
403.351
401.865
395.799
396.220
396.022
395.799
401.436
394.633
394.560
402.231
395.693
394.700
394.024
396.793
395.496
389.755
388.177
387.892
387.848
386.109
386.327
394.688
390.953
387.408
385.022
385.829
386.727
385.160
383.436
383.235
383.484
380.572
380.812
384.732
384.347
381.475
379.041
378.731
378.686
378.700
378.432
379.183
378.462
379.549
378.432
383.073
380.292
378.466
378.485
380.235
381.266
385.967
379.603
377.310
377.448
379.293
381.236
377.299
374.030
373.583
374.271
374.588

Error results for SA7
---------------------------
1027.962
1039.068
1039.131
1050.438
1050.855
1050.207
1050.207
1051.254
1051.485
1050.333
1050.935
1051.202
1051.086
1052.518
1050.333
1050.904
1052.525
1035.778
1031.833
1032.132
1031.769
1037.464
1032.027
1034.168
1031.077
1040.549
1031.008
1031.345
1033.168
1028.404
1031.004
1045.959
1028.089
1030.735
1029.113
1026.732
1036.730
1028.432
1023.185
1023.226
1018.764
1018.573
1017.687
1013.781
1023.157
1013.781
1014.652
1016.138
1011.791
1011.791
1000.431
1001.618
1002.747
1000.431
1003.352
1001.629
1000.697
1000.431
1001.155
995.822
995.803
997.824
985.336
987.226
986.004
982.506
984.384
982.719
995.523
983.433
983.679
980.007
979.792
979.229
983.544
979.273
978.087
982.024
975.636
977.625
975.259
980.093
977.325
974.662
984.716
964.838
967.170
962.992
962.428
969.577
963.912
961.055
962.200
960.881
960.177
962.731
959.850
966.319
960.207
937.044
935.123
935.771
934.320
934.841
936.777
934.740
938.799
929.142
928.568
928.538
927.484
925.729
920.859
928.821
918.857
918.314
918.314
932.124
915.391
914.786
915.174
893.716
891.676
884.412
884.412
883.791
883.828
887.509
884.347
885.182
887.493
884.347
883.730
890.151
884.067
883.878
884.228
884.210
884.231
878.732
879.432
878.732
878.732
878.480
879.462
878.478
878.236
880.777
878.734
877.265
879.217
877.704
879.952
876.800
862.023
859.854
859.457
858.992
858.992
859.002
859.601
858.926
860.456
859.392
860.639
859.873
858.757
847.238
846.691
843.975
844.678
841.393
840.181
842.748
840.942
840.406
837.393
837.031
837.211
835.334
834.478
837.140
834.656
834.478
834.478
834.866
832.875
833.925
837.815
832.534
833.545
832.773
832.320
831.906
831.152
833.460
830.564
830.391
838.007
830.421
834.024
826.110
825.821
825.188
818.994
822.011
820.636
818.965
819.214
819.329
818.090
812.799
815.358
814.431
812.324
812.915
813.350
815.526
814.457
816.371
812.423
812.593
813.475
812.673
813.848
808.338
810.650
809.001
805.182
804.463
805.991
803.327
812.874
800.317
800.279
814.094
801.752
802.058
800.299
798.731
798.731
799.211
799.463
802.593
798.355
799.832
797.692
800.345
797.647
803.567
797.888
798.425
797.256
802.917
795.069
795.786
786.370
787.246
785.823
784.619
783.277
785.889
779.997
782.795
781.896
784.417
777.631
777.610
776.341
776.339
775.863
776.948
776.018
779.084
775.155
778.094
771.414
769.246
768.083
768.084
764.377
760.127
759.411
759.383
759.780
762.987
757.661
756.386
755.836
757.248
762.630
755.836
756.031
756.376
755.836
753.261
758.567
760.644
751.343
751.305
752.021
750.559
750.513
752.393
748.890
750.710
764.401
750.559
749.077
747.250
748.768
747.132
739.439
747.097
739.501
739.696
737.464
747.863
737.673
737.451
737.451
737.547
737.807
738.846
737.634
737.588
736.216
736.900
737.207
736.216
737.818
738.604
733.399
733.504
733.223
733.829
731.165
729.969
731.822
729.969
730.128
732.024
726.713
726.823
726.754
726.726
728.797
726.711
726.711
727.671
726.245
726.925
725.694
725.691
725.178
725.178
725.810
723.119
741.239
723.096
719.553
719.221
719.588
718.587
718.381
719.004
721.870
718.849
720.262
719.689
722.619
718.479
719.399
718.017
717.875
721.089
718.167
717.632
720.478
717.655
713.990
713.990
713.565
713.508
715.256
713.358
713.551
713.144
714.658
721.036
712.395
711.937
711.902
711.915
714.126
712.211
715.387
714.084
710.497
710.289
718.141
710.744
710.169
709.615
709.113
709.865
709.052
709.675
709.178
710.626
710.638
709.571
709.030
708.462
709.131
710.360
709.160
705.247
704.600
704.393
704.318
693.147
693.281
692.556
693.909
693.110
692.279
701.547
695.982
692.766
693.367
692.064
692.064
695.084
692.064
692.311
692.389
697.167
692.311
692.619
692.516
690.706
690.706
688.832
688.549
688.007
688.450
693.209
693.914
687.022
678.662
675.375
675.211
674.677
673.490
674.391
673.746
672.486
673.231
671.747
674.254
676.291
674.406
671.477
671.509
672.046
671.713
680.269
671.232
671.709
679.877
671.232
673.236
671.768
672.501
670.416
669.733
671.244
673.308
671.694
671.287
670.592
670.402
674.592
672.291
669.987
669.838
673.538
668.591
668.830
667.119
667.631
665.651
665.651
666.547
666.077
664.213
664.865
664.218
664.534

Error results for SA8
---------------------------
998.076
994.078
997.500
996.108
1004.383
998.150
1005.347
1007.310
1007.310
1007.340
1007.340
1014.784
1004.710
985.199
996.408
986.857
954.450
951.791
954.493
937.761
937.305
938.310
890.785
891.500
890.785
892.630
887.275
886.452
887.182
882.171
882.440
882.124
882.440
883.207
882.714
885.072
881.242
875.844
879.869
875.664
874.877
876.003
872.610
871.525
871.598
869.293
919.929
868.388
868.387
903.934
874.061
867.200
866.411
866.445
856.965
855.557
855.479
857.735
856.285
855.479
855.479
855.719
854.865
855.367
854.849
854.808
867.108
855.252
861.528
854.961
855.041
853.014
842.242
841.800
844.998
842.215
838.789
835.912
842.399
831.508
833.280
831.508
832.070
833.088
833.560
828.432
830.097
828.639
829.632
828.749
828.502
831.499
831.008
825.553
828.017
825.270
843.827
849.151
825.270
825.270
824.675
824.217
830.728
818.194
819.522
815.847
815.922
816.015
815.417
813.639
812.548
813.248
814.824
817.425
812.696
811.365
814.925
812.153
811.365
810.357
811.730
812.004
803.328
803.800
812.544
807.102
798.893
799.594
801.778
800.593
797.379
796.592
802.447
793.412
792.104
792.167
797.230
801.677
791.096
793.632
793.786
790.097
790.244
790.048
789.064
785.517
785.023
788.176
776.938
780.271
781.352
775.539
759.721
760.183
759.479
759.396
762.966
726.208
727.711
759.682
734.717
725.982
723.480
723.446
728.780
723.863
722.412
722.246
722.246
723.415
762.324
722.612
715.844
722.249
711.810
712.869
706.665
710.829
714.922
706.217
705.276
710.085
705.127
706.234
705.120
698.053
698.900
698.242
707.043
696.254
694.917
694.917
695.656
694.214
695.560
677.878
677.837
678.711
677.771
677.504
677.504
677.504
675.478
674.476
675.119
663.281
661.115
661.947
660.846
660.068
659.879
659.531
658.943
658.945
654.657
648.555
650.296
648.326
647.085
649.443
646.958
646.762
651.144
646.928
659.733
647.470
646.941
705.665
646.195
646.195
636.437
637.005
637.420
636.456
637.263
636.511
637.051
637.182
636.437
637.967
631.703
631.557
630.681
627.393
633.251
627.393
627.361
631.611
622.934
618.379
617.752
622.304
629.010
618.076
612.858
612.980
618.436
612.395
612.347
612.345
597.865
598.119
597.199
600.497
596.166
594.871
594.153
596.897
595.695
597.610
593.211
593.958
594.906
592.130
593.318
594.357
593.484
596.889
594.683
594.923
593.102
592.531
591.906
591.739
591.741
593.292
591.232
589.411
589.643
591.017
593.432
588.416
591.771
588.420
587.893
588.300
586.509
586.509
586.510
582.291
580.473
580.390
576.452
575.125
575.323
575.054
573.685
575.536
574.504
574.505
572.470
569.195
571.818
570.280
568.733
568.363
577.725
566.869
567.202
557.991
558.746
557.991
559.316
547.189
545.574
544.116
545.500
537.243
537.440
531.176
531.176
531.405
532.198
531.176
539.511
530.626
530.481
531.082
530.427
532.320
530.554
530.344
530.344
535.150
531.184
531.594
525.600
526.440
525.600
524.648
530.084
524.860
524.234
525.808
525.146
522.865
524.152
524.444
521.488
521.767
517.144
515.555
515.311
515.527
513.835
516.328
513.815
514.362
514.513
513.945
513.815
515.205
515.477
513.252
513.252
514.001
513.022
513.022
515.689
514.519
512.855
512.253
506.892
507.801
497.777
496.968
511.611
502.307
497.125
497.814
498.845
538.746
493.924
493.790
494.407
494.871
504.039
493.786
492.593
492.592
492.701
493.277
485.629
485.157
489.944
484.923
482.187
481.730
481.815
483.837
479.284
477.568
480.810
478.465
477.953
488.414
478.218
486.797
477.980
479.481
478.813
479.121
482.373
476.681
480.509
476.761
475.812
475.080
475.593
476.934
475.109
478.654
475.437
475.240
475.052
472.578
471.977
470.397
470.397
472.253
470.344
475.566
472.664
469.988
470.006
469.418
469.103
484.621
469.168
470.139
468.135
467.926
466.460
466.735
470.725
465.895
465.895
465.993
465.716
473.988
465.691
465.916
467.845
473.298
464.213
464.601
464.308
459.669
460.603
457.800
458.181
466.468
458.052
459.646
456.121
456.415
454.662
454.508
455.966
454.731
454.389
454.389
455.217
451.709
452.545
457.101
450.330
450.855
457.982
452.110
454.720
450.577
454.905
449.404
448.701
453.942
448.984
448.679
448.469
448.542

Error results for SA9
---------------------------
987.849
987.415
986.150
984.451
983.775
985.183
985.183
980.287
984.534
978.486
978.239
976.516
976.594
970.537
970.729
971.180
969.868
938.489
938.576
924.781
925.003
923.213
920.388
903.088
904.250
903.549
902.981
907.587
903.044
902.589
902.715
910.389
893.998
894.171
897.326
895.163
896.814
892.214
891.421
892.238
887.062
887.561
887.053
887.053
882.095
879.816
878.611
878.032
879.191
874.325
879.911
863.994
866.017
863.994
864.342
863.994
864.084
863.832
858.013
839.758
829.705
830.312
829.705
828.925
824.757
826.078
815.057
813.976
813.415
816.565
813.415
810.287
814.853
808.645
814.474
795.428
794.397
789.941
790.219
789.734
792.975
793.032
794.188
781.937
777.127
778.115
774.243
768.138
759.743
760.354
759.813
760.875
760.827
764.670
773.044
760.414
756.799
768.598
756.895
756.799
756.158
755.980
753.551
756.299
754.003
754.107
754.004
753.289
756.179
759.862
753.497
772.366
753.333
752.610
752.289
750.393
750.337
755.963
754.240
757.511
755.149
753.208
754.241
750.853
783.753
751.553
749.303
749.635
746.438
744.021
748.911
743.631
744.039
743.631
745.814
746.736
743.065
741.549
738.019
734.145
733.910
733.164
732.821
732.647
732.520
731.060
732.041
731.241
732.792
730.781
731.492
734.340
730.929
730.365
731.801
730.301
728.357
728.073
729.312
728.275
729.501
728.582
728.810
724.049
724.460
723.439
723.685
722.269
718.199
717.647
719.007
711.912
711.912
713.227
726.333
711.857
711.857
711.298
712.226
711.298
711.787
711.120
722.266
709.888
707.854
707.096
706.739
710.095
707.034
706.652
706.698
705.326
703.759
709.355
698.744
699.072
698.884
700.268
699.372
694.151
691.816
693.480
691.872
692.723
691.816
689.347
689.435
691.230
690.395
687.626
688.999
687.035
672.484
672.484
672.581
672.484
678.208
672.111
672.019
669.117
669.023
669.071
672.534
664.571
668.700
656.180
652.976
649.054
655.152
648.939
648.615
654.321
648.615
651.301
640.636
640.986
641.199
641.564
640.006
640.006
643.132
640.421
641.285
639.467
639.671
640.580
644.318
637.220
637.862
637.259
634.339
634.361
633.250
632.454
631.284
635.038
631.516
631.328
628.570
627.922
627.523
626.504
628.035
626.644
626.644
626.042
628.230
631.604
625.709
625.680
626.965
626.067
631.585
626.391
625.649
625.997
626.072
625.727
616.981
619.549
617.333
616.835
616.834
616.781
616.361
599.390
600.703
627.673
599.450
597.936
597.994
597.795
595.294
594.580
594.580
593.563
598.048
589.696
592.277
584.726
598.499
585.701
587.948
584.779
584.779
591.901
585.962
584.997
584.779
584.779
585.618
583.922
592.212
593.684
583.922
584.424
584.639
567.619
564.648
563.859
565.736
564.372
563.927
562.895
563.001
564.301
562.878
562.699
561.692
561.876
563.857
561.508
563.960
563.289
561.945
562.139
562.232
561.930
566.304
561.806
561.891
560.570
561.330
561.401
552.897
546.051
547.154
546.066
546.051
546.527
545.466
560.512
547.881
544.339
544.226
544.073
544.188
544.792
541.145
541.285
546.080
543.895
543.482
540.277
540.517
541.097
539.779
537.016
536.697
536.490
536.302
536.566
537.840
536.638
536.566
535.950
536.057
536.407
537.261
536.014
536.377
536.200
537.326
535.245
550.193
531.680
531.190
531.132
531.562
566.553
531.405
531.734
531.359
527.633
527.633
526.824
527.620
528.205
528.498
533.180
527.262
527.323
526.824
524.861
538.618
524.571
518.589
519.210
517.627
519.187
519.152
519.366
520.760
518.592
518.699
518.206
518.504
518.131
517.632
518.775
517.632
520.862
518.301
516.824
516.872
512.783
513.203
513.467
513.339
512.711
513.375
512.711
513.104
512.320
512.038
505.592
505.172
505.211
505.012
505.058
505.002
500.971
501.713
502.819
500.971
501.010
507.470
500.435
499.510
499.510
500.481
503.573
499.035
503.503
499.877
503.383
499.837
496.629
507.599
496.362
496.362
495.873
499.030
499.054
496.362
497.633
496.051
495.808
495.896
490.209
484.638
485.204
484.735
484.787
486.808
486.282
484.507
484.215
482.858
482.632
503.494
482.957
485.097
483.018
480.080
480.080
480.129
480.900
480.148
479.339
479.045
479.045
479.045
479.045
520.379
479.516
477.536
485.439
477.293
477.399

Error results for SA10
---------------------------
1247.389
1250.423
1258.225
1261.656
1232.471
1231.535
1231.279
1229.997
1229.521
1231.205
1267.731
1233.130
1193.748
1200.193
1178.257
1184.132
1188.176
1182.875
1177.763
1166.287
1260.304
1166.906
1169.434
1165.903
1163.386
1168.338
1158.126
1153.966
1135.063
1135.063
1131.890
1129.387
1131.811
1115.240
1116.637
1105.663
1105.526
1106.229
1107.038
1106.063
1104.775
1115.752
1102.804
1079.308
1052.630
1052.504
1058.369
1052.500
1033.243
1037.458
1032.610
1029.445
1019.417
1057.640
1023.049
1016.319
1043.530
1020.380
1017.444
1005.969
1005.770
1006.209
1019.213
1005.770
1005.770
1005.350
1005.376
1004.940
1006.168
980.242
991.487
980.242
985.453
970.610
971.771
970.610
958.100
958.618
948.648
948.973
947.958
948.359
945.052
952.001
945.156
957.962
949.575
948.324
940.168
959.665
940.056
920.430
920.430
919.691
920.868
919.691
921.571
912.211
918.240
915.875
897.567
893.172
891.602
890.377
879.802
878.169
880.440
878.169
878.858
886.517
885.780
907.319
878.169
878.487
892.602
886.579
876.738
885.783
880.110
874.048
875.067
879.278
873.539
879.427
881.741
874.542
877.722
896.356
866.950
879.730
868.551
866.344
865.378
863.424
864.131
864.739
863.424
864.143
864.262
877.450
864.922
863.630
863.820
865.036
868.001
866.504
865.766
839.189
838.395
833.447
831.651
864.134
832.498
830.237
830.318
828.936
831.716
834.844
821.666
821.660
823.488
823.675
821.679
821.702
822.412
820.128
820.128
807.518
810.673
823.901
805.495
807.037
821.027
823.093
803.669
799.197
801.274
799.205
796.754
798.350
796.791
813.552
791.635
791.635
791.795
794.541
793.239
790.699
782.019
781.446
781.397
781.265
764.075
767.962
764.407
764.708
763.704
760.263
759.337
754.834
754.955
754.665
754.749
753.974
753.586
742.039
738.126
736.854
739.011
740.212
732.970
732.970
732.287
732.287
732.202
730.469
730.469
730.003
730.971
729.875
722.969
721.744
722.296
725.002
721.409
721.530
721.495
721.768
722.855
721.605
721.660
729.972
721.219
721.380
720.652
721.198
720.775
720.697
719.472
715.329
715.329
715.171
695.051
695.766
695.756
696.444
695.756
695.658
695.955
695.756
696.633
695.897
695.639
696.344
696.281
699.486
696.282
696.326
699.269
696.652
695.285
695.237
695.288
695.243
695.069
693.437
693.711
693.212
709.037
737.316
692.808
696.781
692.982
692.046
692.681
691.972
689.405
691.811
682.158
682.120
681.778
688.709
681.975
688.204
680.595
680.595
666.491
673.789
665.554
663.902
666.299
663.902
663.278
662.279
663.437
663.162
662.077
662.799
662.077
661.908
663.262
655.739
657.735
655.299
655.231
655.878
665.434
656.641
657.013
655.979
655.676
655.575
654.722
655.213
654.211
653.632
656.065
653.430
653.367
653.716
653.932
653.115
653.278
651.269
653.667
651.259
653.674
651.883
651.259
652.357
654.955
650.293
650.293
657.937
651.700
650.293
650.237
650.237
648.136
648.268
649.653
649.841
648.990
649.086
647.839
648.396
647.320
651.670
644.309
649.891
640.598
638.111
639.192
638.077
643.330
626.579
627.022
626.318
602.287
612.192
602.716
602.576
585.170
586.398
582.891
582.233
581.635
585.285
582.180
581.635
581.663
581.914
581.091
579.410
578.522
578.837
581.105
578.544
576.153
575.156
575.518
582.733
575.234
571.226
570.864
571.074
568.032
570.890
574.317
566.432
565.969
567.417
565.969
563.602
562.739
580.490
563.989
571.067
562.753
562.201
561.643
561.565
562.114
562.994
562.404
561.714
562.672
561.909
560.707
560.523
560.523
553.785
553.695
551.781
552.149
554.567
552.879
551.863
560.270
584.231
552.485
551.380
550.709
550.422
550.422
550.422
551.143
549.535
549.784
550.798
551.775
549.759
549.535
549.411
551.046
560.922
556.323
550.513
550.640
549.543
548.361
548.128
547.929
561.283
548.052
548.254
549.431
551.137
549.063
547.867
547.882
547.882
547.565
548.276
547.770
545.007
545.042
545.456
546.993
555.264
544.940
544.995
544.933
545.097
544.944
546.949
549.835
544.429
544.351
552.291
544.287
544.782
543.443
543.626
536.871
536.871
537.342
535.851
537.082
535.852
535.867
538.320
535.870
535.908
535.879
535.852
537.712
534.279
530.810
530.075
530.772
529.994
529.701
530.276
534.048
543.235
529.860
530.232
529.579
528.180

--------------------------------------------
Results for SA1: 
--------------------------------------------
Correctly classified (TEST) 2771.0 instances.
Incorrectly classified (TEST) 546.0 instances.
Percent correctly classified (TEST): 83.539%

Correctly classified (TRAIN)6451.0 instances.
Incorrectly classified (TRAIN) 1287.0 instances.
Percent correctly classified (TRAIN): 83.368%

Training time: 28.601 seconds
Testing time: 0.252 seconds

--------------------------------------------
Results for SA2: 
--------------------------------------------
Correctly classified (TEST) 2750.0 instances.
Incorrectly classified (TEST) 567.0 instances.
Percent correctly classified (TEST): 82.906%

Correctly classified (TRAIN)6531.0 instances.
Incorrectly classified (TRAIN) 1207.0 instances.
Percent correctly classified (TRAIN): 84.402%

Training time: 26.652 seconds
Testing time: 0.077 seconds

--------------------------------------------
Results for SA3: 
--------------------------------------------
Correctly classified (TEST) 2826.0 instances.
Incorrectly classified (TEST) 491.0 instances.
Percent correctly classified (TEST): 85.197%

Correctly classified (TRAIN)6629.0 instances.
Incorrectly classified (TRAIN) 1109.0 instances.
Percent correctly classified (TRAIN): 85.668%

Training time: 24.901 seconds
Testing time: 0.071 seconds

--------------------------------------------
Results for SA4: 
--------------------------------------------
Correctly classified (TEST) 2760.0 instances.
Incorrectly classified (TEST) 557.0 instances.
Percent correctly classified (TEST): 83.208%

Correctly classified (TRAIN)6426.0 instances.
Incorrectly classified (TRAIN) 1312.0 instances.
Percent correctly classified (TRAIN): 83.045%

Training time: 26.054 seconds
Testing time: 0.098 seconds

--------------------------------------------
Results for SA5: 
--------------------------------------------
Correctly classified (TEST) 2757.0 instances.
Incorrectly classified (TEST) 560.0 instances.
Percent correctly classified (TEST): 83.117%

Correctly classified (TRAIN)6444.0 instances.
Incorrectly classified (TRAIN) 1294.0 instances.
Percent correctly classified (TRAIN): 83.277%

Training time: 26.933 seconds
Testing time: 0.063 seconds

--------------------------------------------
Results for SA6: 
--------------------------------------------
Correctly classified (TEST) 2930.0 instances.
Incorrectly classified (TEST) 387.0 instances.
Percent correctly classified (TEST): 88.333%

Correctly classified (TRAIN)6812.0 instances.
Incorrectly classified (TRAIN) 926.0 instances.
Percent correctly classified (TRAIN): 88.033%

Training time: 26.198 seconds
Testing time: 0.073 seconds

--------------------------------------------
Results for SA7: 
--------------------------------------------
Correctly classified (TEST) 2597.0 instances.
Incorrectly classified (TEST) 720.0 instances.
Percent correctly classified (TEST): 78.294%

Correctly classified (TRAIN)6024.0 instances.
Incorrectly classified (TRAIN) 1714.0 instances.
Percent correctly classified (TRAIN): 77.850%

Training time: 25.703 seconds
Testing time: 0.068 seconds

--------------------------------------------
Results for SA8: 
--------------------------------------------
Correctly classified (TEST) 2917.0 instances.
Incorrectly classified (TEST) 400.0 instances.
Percent correctly classified (TEST): 87.941%

Correctly classified (TRAIN)6796.0 instances.
Incorrectly classified (TRAIN) 942.0 instances.
Percent correctly classified (TRAIN): 87.826%

Training time: 26.050 seconds
Testing time: 0.061 seconds

--------------------------------------------
Results for SA9: 
--------------------------------------------
Correctly classified (TEST) 2818.0 instances.
Incorrectly classified (TEST) 499.0 instances.
Percent correctly classified (TEST): 84.956%

Correctly classified (TRAIN)6626.0 instances.
Incorrectly classified (TRAIN) 1112.0 instances.
Percent correctly classified (TRAIN): 85.629%

Training time: 26.743 seconds
Testing time: 0.065 seconds

--------------------------------------------
Results for SA10: 
--------------------------------------------
Correctly classified (TEST) 2796.0 instances.
Incorrectly classified (TEST) 521.0 instances.
Percent correctly classified (TEST): 84.293%

Correctly classified (TRAIN)6459.0 instances.
Incorrectly classified (TRAIN) 1279.0 instances.
Percent correctly classified (TRAIN): 83.471%

Training time: 24.513 seconds
Testing time: 0.072 seconds