Error results for SA1
---------------------------
1040.981
1037.811
1038.541
1038.751
1038.664
1037.272
1042.951
1037.254
1037.398
1036.271
1036.271
1032.562
1001.389
1002.109
1003.120
1001.896
1001.389
1003.646
1001.555
994.842
996.141
968.001
969.912
968.001
968.552
967.601
967.359
967.971
967.359
967.823
967.293
967.882
964.406
966.256
964.362
963.003
958.050
958.156
959.366
959.807
958.074
959.631
946.455
956.283
947.463
952.356
946.468
945.286
942.211
941.300
943.917
934.573
928.910
928.898
928.406
930.631
928.926
928.718
928.433
928.887
925.401
925.823
924.350
940.319
922.206
926.209
921.893
921.364
919.837
915.953
913.871
913.759
914.881
908.452
904.637
900.870
887.672
887.346
887.297
887.459
883.900
883.233
884.650
883.129
893.251
883.905
884.729
883.129
883.097
883.023
882.587
882.587
881.374
883.366
880.467
880.331
890.179
880.331
880.420
877.190
872.611
872.611
875.660
872.554
872.979
875.519
872.283
871.958
871.239
871.239
845.919
846.116
846.000
845.611
849.175
845.092
844.301
844.746
857.356
845.588
844.021
843.528
843.528
848.035
843.528
847.725
844.096
839.139
840.955
837.937
835.720
835.720
838.011
835.420
835.223
842.284
834.773
835.433
832.973
869.199
833.005
833.939
829.144
828.797
835.126
831.328
831.644
828.984
827.402
820.146
822.009
825.273
817.755
817.273
817.145
821.977
817.497
817.448
817.029
816.898
816.875
818.645
817.316
815.160
815.706
811.900
812.877
817.255
811.908
811.368
818.140
814.281
811.158
811.491
810.195
805.398
806.251
804.179
810.799
815.759
802.630
802.571
803.266
802.550
802.159
802.482
801.159
801.839
801.176
798.274
805.901
806.592
798.846
798.212
801.746
798.141
798.108
800.305
828.395
800.142
796.267
796.720
796.505
786.470
785.088
783.241
783.431
778.507
778.439
776.927
787.467
781.338
778.135
776.927
773.135
780.139
773.100
772.897
772.744
772.379
770.058
770.058
770.364
770.058
770.887
777.189
770.907
770.058
762.136
758.418
765.215
757.207
758.431
758.335
760.503
758.304
758.396
759.890
755.125
754.930
755.748
754.618
757.718
756.027
754.734
758.014
748.508
746.989
746.763
748.549
743.617
743.320
743.845
743.005
743.362
743.536
741.276
741.921
746.693
739.193
742.972
739.502
739.193
765.099
745.287
737.320
739.556
740.365
737.761
739.055
745.754
732.324
732.878
734.164
732.261
731.750
734.614
731.750
729.572
729.544
727.902
728.097
731.777
727.935
727.655
729.361
727.612
728.099
737.659
727.612
727.093
726.853
727.192
726.820
726.955
727.081
725.665
724.988
725.376
738.879
724.250
720.964
720.964
720.964
718.812
718.232
718.629
718.973
718.232
718.059
712.132
715.186
712.487
712.316
705.825
707.410
705.263
709.367
704.556
703.677
707.502
704.952
705.324
703.697
704.564
705.449
703.808
703.276
703.687
743.951
701.696
713.265
703.839
719.524
703.478
700.166
702.493
699.702
698.582
698.647
702.527
698.925
704.147
690.660
690.967
690.625
692.788
690.711
689.602
689.608
691.051
689.444
690.797
689.495
691.406
699.194
689.444
686.108
686.217
687.020
686.217
690.747
685.938
685.937
710.378
686.677
688.024
682.691
683.089
681.521
659.960
661.256
661.393
659.981
659.906
657.867
654.272
654.272
654.475
653.090
653.464
657.246
653.090
653.152
652.044
651.408
651.074
651.090
651.244
653.329
651.044
660.367
658.366
650.124
649.497
649.497
651.865
649.497
651.036
650.202
645.360
645.426
645.335
645.141
645.141
643.948
644.571
643.097
643.626
640.978
641.734
640.483
640.627
646.395
639.551
634.658
632.676
636.436
631.948
631.948
632.656
631.938
632.185
633.407
634.222
631.973
631.342
631.861
631.425
631.342
635.101
631.618
632.323
629.009
629.172
629.006
628.138
626.437
627.383
627.592
626.505
624.312
624.292
625.008
624.508
631.098
624.518
623.863
624.131
625.279
626.651
623.807
623.902
628.942
624.292
623.354
623.676
623.308
623.563
621.200
621.210
620.893
620.453
598.638
598.444
597.012
596.396
598.172
596.168
597.116
590.180
590.084
590.084
590.231
590.173
587.270
587.803
589.123
587.137
587.127
587.066
580.043
580.225
580.648
580.296
581.749
580.102
581.375
584.168
579.467
579.339
580.092
596.722
579.539
580.577
574.921
575.394
574.497
572.949
573.411

Error results for SA2
---------------------------
989.273
997.656
997.731
1003.870
1004.053
996.236
996.017
996.232
996.017
999.415
996.097
996.608
994.610
995.243
995.254
995.133
996.293
997.434
992.457
992.565
992.457
991.953
993.184
991.939
994.245
993.776
989.758
990.928
992.809
989.525
991.796
989.304
995.111
989.304
991.147
1002.875
986.523
991.672
985.231
983.964
993.839
982.375
982.444
977.378
975.761
968.529
965.090
972.352
965.256
959.039
959.317
966.969
960.245
955.429
954.425
955.791
954.790
955.449
953.734
953.404
939.373
937.972
944.896
938.248
937.890
939.205
937.591
937.676
937.481
937.433
935.724
935.762
936.100
935.724
935.647
935.535
936.622
935.427
935.915
935.170
935.170
937.029
933.024
924.046
924.046
922.477
922.501
924.211
924.124
923.236
922.810
924.708
939.231
924.680
923.075
922.885
923.119
919.541
919.415
919.541
919.520
919.467
920.860
909.744
912.557
909.744
909.329
909.284
910.679
909.617
911.918
905.992
905.767
901.592
901.756
902.036
901.877
901.315
900.484
899.849
899.835
898.640
897.381
898.019
897.551
897.787
900.242
902.668
898.228
901.370
897.952
902.929
900.564
897.379
897.379
897.604
894.395
891.741
891.861
859.765
862.025
860.690
859.703
869.403
859.383
859.383
858.621
859.097
859.907
858.621
858.778
858.626
857.136
856.971
850.468
850.023
849.997
849.849
849.767
847.336
846.768
846.097
818.376
816.927
817.405
816.891
816.686
816.891
816.948
816.018
815.594
805.284
806.891
804.051
804.699
804.198
805.254
816.068
803.713
802.925
802.093
803.978
802.093
802.099
801.916
799.234
798.483
790.444
787.974
788.244
791.266
792.815
790.015
789.039
789.606
787.974
788.464
791.692
788.105
801.287
787.707
788.743
784.804
785.224
784.804
785.271
784.604
786.265
785.842
786.821
784.957
784.546
791.965
786.142
784.921
784.466
783.248
783.234
783.230
783.323
783.474
783.970
789.571
782.273
782.455
785.782
782.156
781.958
781.679
783.793
781.335
781.284
781.241
781.810
781.157
779.962
780.065
789.672
780.771
779.690
781.487
779.968
779.989
778.708
781.463
777.389
783.854
776.736
777.172
780.774
778.416
776.863
776.694
776.500
776.698
775.270
775.381
774.539
774.555
774.539
775.315
774.594
780.484
773.831
773.417
773.989
773.417
773.582
773.337
772.848
771.002
770.528
771.997
768.755
771.273
764.930
766.054
751.603
751.711
752.105
750.977
751.313
750.946
753.077
751.139
750.412
749.583
749.609
749.321
749.227
749.227
748.619
748.619
748.597
749.219
747.531
747.531
759.531
753.413
750.159
754.834
747.536
752.126
747.195
749.051
746.931
746.520
746.574
740.783
745.513
740.312
739.743
738.820
739.103
738.976
739.371
748.637
676.762
676.909
676.212
676.816
686.929
677.360
677.360
677.618
681.905
678.462
678.268
676.814
675.633
675.640
702.106
675.633
675.868
669.456
669.786
680.580
669.384
669.694
670.330
668.155
660.968
660.315
660.315
660.069
660.643
661.076
660.668
660.069
660.204
660.596
660.103
660.556
660.183
655.739
655.393
655.739
655.354
650.776
650.847
650.829
652.655
650.938
651.041
634.146
634.196
638.770
634.564
634.116
633.926
634.318
632.722
630.500
630.796
632.107
629.748
630.287
630.016
630.413
630.621
629.980
630.576
629.990
628.066
628.817
628.066
628.244
625.109
630.809
628.450
625.733
625.506
624.802
624.792
625.992
624.795
623.874
624.271
624.553
623.783
623.551
623.430
623.908
624.179
624.529
633.427
626.630
624.311
623.565
617.876
617.966
618.423
615.715
615.715
616.634
615.748
610.993
611.030
610.631
610.631
615.697
611.595
611.694
610.631
610.631
610.897
610.720
611.680
611.350
609.341
609.598
609.357
612.603
602.282
603.665
603.342
606.663
603.045
600.916
601.672
602.745
626.427
600.603
601.443
600.592
600.277
603.618
600.291
598.169
595.517
594.655
594.997
594.945
595.388
605.854
604.327
595.929
598.505
595.803
594.910
594.982
581.555
585.174
581.267
586.206
590.592
575.862
575.474
575.467
577.398
574.261
574.951
573.942
578.439
574.064
574.375
578.272
561.320
560.736
557.007
556.321
556.812
556.112
555.829
560.027
555.829
558.670
555.877
555.990
555.040
553.446
553.446
553.450
553.767
553.287
553.337
556.871
560.642
551.388
556.293

Error results for SA3
---------------------------
1011.761
1015.192
1016.004
1012.123
1011.460
1012.849
1031.525
1008.696
994.306
994.306
1000.369
992.169
995.085
988.945
987.263
991.385
985.123
986.232
962.980
964.974
963.075
969.108
962.980
953.771
943.494
943.217
944.611
940.466
940.298
941.859
943.221
940.312
931.268
933.651
932.517
932.464
945.625
934.601
936.798
926.511
926.869
932.329
940.630
925.957
923.584
926.563
923.710
923.380
923.380
929.286
923.315
923.808
919.068
915.043
914.225
949.379
914.230
908.102
907.947
908.483
915.990
907.769
907.858
910.822
906.339
906.358
895.463
896.276
889.444
888.394
887.662
888.519
908.093
886.840
886.320
886.224
885.973
871.808
870.684
881.807
870.413
884.326
871.383
872.107
871.743
859.416
859.140
855.524
859.454
867.944
857.250
849.491
849.391
851.040
852.877
844.434
846.134
847.391
850.141
844.604
852.771
846.455
845.919
844.463
840.768
837.713
836.538
837.149
837.555
837.100
835.147
835.964
821.881
820.452
820.452
822.171
820.584
820.451
819.643
818.088
823.086
821.423
818.842
822.206
818.208
837.267
818.208
813.832
813.835
818.773
812.305
824.087
812.704
812.322
823.280
812.322
812.322
812.175
812.120
803.900
803.900
785.062
779.773
779.588
779.557
767.454
771.959
767.426
766.928
766.427
759.845
758.895
758.895
758.061
760.825
757.793
758.297
756.329
755.801
756.518
744.906
744.404
742.776
742.465
742.728
739.617
739.617
738.193
735.543
734.369
736.344
742.836
734.922
733.730
727.513
727.513
723.719
715.768
716.117
715.424
725.916
715.394
711.640
711.990
726.737
693.492
690.648
689.349
687.872
688.945
688.641
687.356
687.356
687.452
687.307
687.066
690.491
695.571
694.374
688.842
686.869
681.551
687.472
691.203
682.275
682.309
681.127
686.606
681.250
681.451
680.266
680.280
682.794
678.219
677.539
678.219
684.147
677.515
681.647
679.668
679.791
679.526
677.801
677.399
676.378
676.100
666.541
663.238
663.467
658.934
658.361
657.384
655.287
655.906
656.132
655.528
656.764
655.395
648.184
647.190
646.867
647.312
646.862
646.574
647.095
646.952
647.135
649.050
646.103
647.316
662.872
645.932
645.372
645.845
641.975
639.308
639.308
639.231
638.970
638.148
638.591
637.492
637.198
636.651
651.740
636.782
635.281
635.232
639.080
635.252
634.783
637.210
634.783
632.060
637.441
631.957
631.359
631.359
635.780
633.837
631.098
631.095
631.107
631.092
631.353
630.942
631.059
636.933
627.097
625.731
625.749
625.353
629.237
632.005
625.353
624.219
622.917
622.917
621.611
622.452
623.502
621.616
621.217
628.067
621.408
620.832
623.388
618.902
623.809
617.577
616.133
612.632
614.205
610.126
608.697
608.423
605.143
605.009
605.095
605.507
605.212
607.305
606.289
605.990
610.928
605.327
598.436
598.436
598.079
596.976
596.696
599.053
596.473
601.628
595.769
595.963
594.820
611.709
602.294
595.414
594.025
620.638
593.720
593.143
591.774
592.044
593.484
591.972
591.730
591.730
592.893
593.684
592.054
592.420
571.732
571.239
570.964
571.544
571.166
571.686
571.662
570.828
572.042
571.480
571.157
570.750
576.948
566.542
566.542
567.516
566.542
562.527
563.706
580.058
563.508
562.388
563.285
566.490
563.519
565.366
563.519
562.901
566.723
562.665
574.629
561.689
535.206
532.519
536.060
535.186
534.562
535.772
548.531
534.582
534.500
534.573
534.507
542.241
534.258
535.604
535.519
536.581
542.696
534.258
534.198
538.855
534.198
531.068
530.978
537.365
529.580
530.785
529.580
532.280
529.645
529.438
528.628
528.326
527.809
527.955
528.238
527.815
525.979
529.367
526.607
526.167
533.493
522.734
525.978
524.483
522.546
522.475
519.140
519.256
519.638
530.699
522.547
519.313
520.238
517.846
517.967
523.106
519.689
516.693
516.693
516.693
516.693
517.039
518.586
517.034
517.013
517.964
520.136
517.013
517.030
519.602
510.832
511.292
510.363
502.939
502.100
501.686
501.148
500.878
498.262
498.126
498.207
498.214
498.054
519.714
499.266
498.009
498.099
497.799
492.238
491.878
491.868
491.630
492.192
491.091
492.046
494.347
483.950
486.209
481.061
479.619
479.620
480.255
498.918
482.296
480.153
478.223
476.147
476.147
476.377
477.477
474.982
474.873
475.303
475.005

Error results for SA4
---------------------------
1112.205
1112.168
1112.000
1105.309
1105.653
1088.155
1089.116
1081.668
1082.629
1085.260
1088.635
1081.668
1082.433
1081.510
1081.510
1078.000
1067.859
1067.996
1070.887
1070.566
1064.432
1064.824
1053.659
1053.664
1051.871
1053.038
1051.871
1045.018
1043.407
1032.544
1032.544
1032.284
1032.284
1048.519
1032.284
1019.645
1022.983
1019.770
1013.290
1008.531
1008.276
1007.446
1001.064
1001.427
1001.640
1004.771
1004.474
1009.902
995.070
995.070
994.768
996.850
998.127
984.681
984.938
984.471
987.597
984.051
984.432
985.254
984.051
987.546
984.051
979.887
978.886
975.119
975.663
979.612
981.678
1004.997
968.547
970.384
967.861
965.330
952.307
963.936
951.854
953.625
955.481
935.211
949.583
939.082
934.981
934.693
901.382
899.855
900.137
900.164
901.612
899.855
906.741
899.961
905.711
887.020
886.281
887.791
874.373
881.046
870.437
870.165
865.609
865.609
862.040
871.539
862.040
862.040
863.631
854.200
854.935
853.328
852.562
856.096
850.668
851.910
859.902
852.365
852.798
869.873
851.121
850.653
846.917
851.660
847.681
850.881
846.121
846.439
847.900
847.184
843.837
843.513
842.282
841.996
842.125
843.060
865.635
836.220
835.024
835.749
833.719
838.738
833.806
842.738
819.604
819.450
820.442
819.997
814.036
814.292
824.441
809.336
791.465
791.384
790.797
788.426
800.453
788.625
788.401
788.214
787.828
781.286
780.921
780.866
789.095
781.869
780.621
784.240
779.398
779.354
779.299
781.779
781.215
776.586
775.395
775.485
776.308
775.571
775.281
774.953
774.163
773.618
802.477
771.134
771.794
785.872
770.023
767.766
767.760
768.494
765.931
765.935
766.410
765.848
765.352
766.030
765.134
765.499
765.143
764.704
764.844
765.604
765.980
766.961
775.655
764.816
767.217
774.824
768.315
756.440
759.466
756.660
756.542
757.474
758.098
759.309
750.782
751.109
747.467
739.215
739.053
735.828
735.828
734.621
752.603
736.521
737.288
734.615
745.476
745.615
733.307
733.307
732.483
734.629
733.676
742.585
732.315
728.571
728.989
729.007
727.736
739.584
728.868
730.274
723.470
723.305
723.194
723.765
723.644
723.225
721.309
721.635
721.841
721.309
725.261
719.888
719.515
719.515
719.579
719.454
722.757
821.343
720.018
720.871
727.945
719.354
719.736
721.324
717.703
717.653
724.598
712.563
712.650
712.367
712.283
713.340
713.318
712.924
712.734
713.169
711.778
711.778
712.957
711.789
712.762
711.778
711.767
711.802
711.636
710.982
710.445
710.371
710.662
741.310
709.883
710.155
710.250
709.371
708.790
710.362
708.151
710.377
691.832
691.780
693.586
695.922
690.041
690.892
689.718
682.253
693.831
677.862
678.019
677.229
677.739
677.900
675.560
683.291
675.667
674.383
674.383
674.198
675.867
666.154
669.107
663.741
664.543
663.105
662.855
662.855
663.183
662.855
656.664
655.650
654.568
654.701
658.408
655.173
665.670
652.406
651.541
650.441
650.899
650.794
648.282
646.918
647.900
647.266
644.302
650.842
646.921
643.070
643.187
643.070
644.051
642.945
646.774
643.975
643.070
643.917
646.097
621.149
621.533
617.369
618.639
616.461
618.418
616.623
616.740
616.214
618.363
616.649
616.447
613.957
615.524
626.853
613.486
613.301
616.540
622.426
612.131
611.824
612.770
611.816
613.349
611.816
611.744
613.754
611.877
613.596
612.013
609.640
611.880
608.329
608.408
614.902
609.546
608.589
608.320
612.414
607.798
608.801
607.896
607.729
622.054
607.449
604.361
605.126
601.587
599.187
600.667
597.052
600.401
597.401
598.326
596.054
598.149
596.608
596.054
595.490
600.704
595.500
595.755
595.184
595.081
594.965
592.732
602.536
592.804
593.303
592.718
591.907
590.720
590.720
591.215
579.607
580.247
581.410
585.274
581.217
582.258
575.157
575.289
573.946
570.097
572.822
570.633
573.938
572.136
582.966
574.319
577.923
567.235
566.825
566.807
565.496
565.865
567.123
565.397
551.922
551.901
555.113
554.332
551.866
551.599
536.360
536.569
536.415
536.519
535.060
535.060
536.492
536.135
543.880
535.149
539.240
535.059
535.203
533.150
534.831
533.272
533.725
540.237
533.179
532.520
532.347
535.564
532.143
558.264
531.488
531.944
531.810
530.786
531.715
531.614
531.056
530.923
530.556
531.079
531.044
529.582
538.136

Error results for SA5
---------------------------
1205.746
1203.700
1207.470
1206.622
1204.941
1207.250
1221.269
1208.280
1207.112
1207.419
1207.396
1208.590
1204.041
1203.868
1206.724
1204.765
1215.404
1215.010
1207.767
1203.868
1205.507
1200.314
1200.537
1197.900
1200.245
1198.004
1198.106
1194.097
1195.216
1184.888
1180.848
1181.862
1181.821
1180.848
1184.031
1190.145
1171.988
1171.544
1172.629
1172.550
1168.108
1162.287
1161.931
1149.836
1144.684
1204.381
1144.286
1138.297
1154.795
1138.505
1137.533
1122.842
1122.243
1126.448
1122.735
1124.578
1121.485
1123.269
1125.707
1119.681
1133.076
1116.456
1116.748
1113.596
1111.382
1111.948
1109.905
1110.458
1109.905
1109.893
1112.177
1110.184
1105.956
1102.593
1100.623
1107.491
1100.486
1109.644
1101.365
1096.793
1080.270
1074.490
1076.376
1074.428
1078.910
1074.618
1075.068
1073.762
1074.198
1077.557
1069.791
1059.663
1060.720
1071.266
1069.820
1059.663
1057.848
1057.447
1058.853
1057.487
1058.099
1057.389
1057.590
1060.364
1054.008
1051.149
1053.994
1052.199
1050.175
1065.138
1026.498
1027.310
1027.188
1024.650
1025.625
1027.502
1038.551
1024.915
1023.194
1021.992
1018.553
1018.243
1018.956
1018.243
1016.946
1016.692
1023.281
1017.571
1016.936
1007.267
1013.351
1006.878
1019.071
1007.111
1007.217
1009.069
1009.451
1006.878
1011.845
1006.257
1006.257
1010.713
1011.826
1009.079
1011.256
1006.241
1005.051
1008.393
1004.153
1022.677
1003.932
1004.736
1004.675
1003.816
1007.891
996.691
985.049
986.900
987.673
985.951
984.004
978.188
978.193
979.859
985.243
978.062
976.974
977.216
976.974
977.744
975.582
977.980
975.293
974.996
972.564
971.407
971.606
980.752
971.080
981.292
967.933
966.902
981.073
965.973
964.702
944.096
946.855
935.514
934.072
934.072
948.538
933.405
933.132
929.597
930.905
923.778
923.576
924.936
923.901
917.431
917.462
919.747
916.679
916.876
916.393
913.125
911.155
903.235
898.195
901.670
900.513
894.320
897.063
894.320
895.762
894.185
892.903
891.941
895.824
894.028
892.776
886.862
883.686
884.790
885.464
885.899
885.835
883.872
883.978
883.686
883.928
882.645
884.263
880.520
879.907
879.906
876.802
876.167
873.491
872.822
875.890
872.616
869.702
869.836
868.057
866.036
865.678
908.912
865.540
859.064
859.064
857.092
857.140
857.751
854.744
854.367
854.868
864.507
854.256
854.047
854.304
858.389
860.310
862.788
852.353
852.859
852.361
851.071
853.642
852.277
848.675
849.319
848.675
851.384
848.716
846.043
842.416
841.890
845.729
837.633
837.893
832.565
833.002
833.887
832.815
832.815
834.265
832.815
832.985
835.853
842.043
820.011
817.018
821.252
819.212
814.545
815.070
814.545
814.549
819.786
816.377
823.504
809.998
809.998
808.756
806.134
809.188
809.432
807.776
801.174
815.914
799.395
799.447
815.686
800.035
798.676
798.981
792.390
799.615
792.292
799.018
786.094
787.761
784.942
784.149
783.406
782.250
782.092
780.618
784.182
798.229
776.985
776.399
778.125
774.346
773.880
772.628
773.206
770.716
763.725
764.410
763.910
764.831
763.701
759.768
764.950
762.034
760.017
757.276
755.627
754.750
754.078
752.192
760.547
750.377
750.377
750.661
750.298
750.377
760.614
746.266
744.828
746.388
746.430
743.978
743.971
745.791
747.599
744.157
743.971
743.414
743.076
748.790
743.767
740.633
737.903
736.664
738.664
736.551
736.842
745.492
736.966
736.240
736.397
741.575
745.353
734.032
735.288
734.582
736.426
734.599
734.049
732.469
733.995
732.205
731.951
732.174
732.169
732.648
732.427
731.119
734.214
729.673
730.822
728.866
727.635
730.704
728.082
728.712
730.584
728.273
728.082
727.663
728.817
729.000
727.663
728.365
718.910
712.726
716.213
715.509
711.946
712.724
712.785
714.692
712.305
713.650
712.665
712.497
697.130
691.869
692.917
692.950
690.733
691.031
691.325
690.512
687.571
691.200
688.773
688.016
688.020
687.571
688.088
688.205
685.865
685.723
690.586
698.427
686.142
686.662
684.502
684.436
683.609
683.702
688.039
683.135
686.441
690.686
684.275
694.675
683.080
683.604
682.603
676.689
680.291
676.725
677.104
686.664
677.159
676.689
676.853
669.910
669.010
667.102
670.891
669.449
665.252
665.631
664.384
663.412
665.400
663.796
660.493
660.257
660.359
660.257
669.055
665.216
660.321
663.187
665.529
658.440
658.330
658.743
657.261
661.434
659.455
658.719
657.832

Error results for SA6
---------------------------
1032.316
1032.470
1031.255
1030.269
1015.706
1016.297
1016.297
1043.652
1017.545
1016.170
1021.162
1037.642
978.984
983.867
969.325
970.456
962.686
965.237
960.491
964.577
958.236
958.236
954.451
957.064
938.967
938.705
936.074
935.476
941.408
931.548
932.409
930.823
933.557
1007.602
930.541
924.983
925.029
928.780
922.310
917.251
916.913
919.816
911.921
912.624
905.695
884.856
884.292
884.729
897.281
884.262
882.600
882.725
860.054
876.216
867.590
877.062
861.565
860.054
853.458
849.613
853.736
850.334
874.599
835.554
836.407
848.237
828.828
837.742
828.800
826.601
828.940
838.401
826.759
830.621
872.490
831.590
832.650
828.276
826.768
896.342
826.436
827.788
826.392
831.192
824.125
832.612
826.985
824.262
848.199
779.287
777.100
768.028
763.177
767.161
763.177
761.246
736.203
738.151
735.312
739.972
738.400
735.279
735.313
741.633
737.707
732.845
740.486
737.015
729.703
729.413
728.388
728.388
729.788
728.388
764.423
728.390
729.737
733.699
728.283
723.788
723.147
723.147
723.147
722.744
713.032
713.040
712.546
713.371
712.427
708.856
711.626
708.702
703.323
650.432
647.570
647.009
643.371
642.419
666.270
642.472
645.403
644.531
642.457
648.512
642.437
644.797
644.396
645.768
643.960
643.421
639.598
639.550
641.787
638.962
644.378
625.599
616.105
604.758
618.580
605.380
606.852
607.755
606.509
604.823
605.280
599.384
600.194
598.927
598.927
598.054
598.014
600.432
598.066
598.262
602.647
594.179
593.285
592.341
595.726
593.237
592.660
602.503
593.724
595.039
595.476
589.380
594.592
599.937
589.690
589.380
589.712
592.968
586.522
586.911
586.574
586.628
586.561
586.561
569.809
584.363
567.317
569.633
568.431
563.996
566.385
569.833
564.608
561.915
563.807
562.257
564.764
565.894
548.912
548.912
549.925
549.956
546.862
544.729
545.193
547.327
551.240
545.354
547.857
538.620
554.023
540.624
536.525
536.716
534.468
536.832
534.468
530.167
530.143
537.535
532.075
528.875
526.628
526.096
527.310
526.096
535.738
526.580
526.137
525.344
526.821
542.923
524.436
524.535
524.171
524.818
523.206
523.352
523.055
522.605
523.043
524.634
523.145
523.001
523.135
527.094
523.135
523.842
523.235
523.921
526.580
532.852
522.486
520.356
520.171
519.808
519.963
519.754
519.534
521.017
519.231
526.967
519.546
518.985
519.354
515.697
515.238
517.284
515.530
514.378
512.107
506.669
503.821
503.339
509.322
503.339
501.407
497.949
498.086
503.284
498.285
495.136
494.898
494.196
498.401
493.752
493.751
493.836
505.983
493.679
493.263
493.736
493.793
492.723
504.557
496.469
495.385
492.505
493.122
491.500
493.035
492.304
490.997
491.116
490.844
490.694
492.500
501.145
489.577
491.466
491.254
489.165
489.008
489.570
491.794
492.653
489.062
478.568
478.929
478.883
478.477
478.766
477.023
477.023
477.023
475.570
475.276
473.039
475.584
479.401
478.793
475.959
477.784
475.041
475.041
474.914
474.852
475.625
475.029
474.885
477.031
474.114
466.740
470.884
466.504
466.740
465.173
490.158
468.403
465.727
463.942
468.896
463.652
463.628
465.176
469.302
465.987
466.830
463.554
462.114
467.955
462.156
437.167
436.915
439.262
437.215
437.937
443.701
436.844
436.862
436.832
437.235
440.518
433.546
433.557
432.921
433.619
425.597
427.179
423.564
436.965
423.597
433.650
426.252
423.265
427.925
422.454
423.101
422.810
422.349
422.188
422.764
422.760
424.533
431.190
422.188
422.246
426.793
422.188
426.105
422.188
422.303
423.806
429.354
422.016
430.278
429.468
425.485
417.551
417.648
416.801
415.069
416.861
413.393
413.987
412.485
413.635
419.039
412.549
412.549
412.291
413.676
412.218
412.282
412.001
412.047
412.856
412.177
413.097
412.234
408.805
409.933
408.805
408.796
408.805
408.117
409.362
408.161
408.161
408.175
411.095
408.161
408.198
413.564
405.419
405.466
405.610
405.663
401.766
405.082
401.147
401.039
403.784
398.722
398.699
399.028
398.684
401.085
396.630
396.745
397.298
396.444
396.002
396.547
395.838
395.876
395.299
396.593
395.830
396.404
396.129
394.753
395.761
399.670
394.544
395.590
394.544
394.570
394.876
394.544
394.134
394.374
394.172
394.140
393.629
393.629

Error results for SA7
---------------------------
1198.652
1195.406
1197.053
1224.448
1223.755
1218.196
1218.676
1218.065
1227.118
1220.195
1210.470
1224.934
1210.597
1213.462
1222.196
1215.206
1209.587
1209.609
1209.587
1149.159
1149.159
1149.159
1149.179
1150.003
1149.185
1148.061
1147.322
1152.014
1148.812
1135.788
1137.577
1135.886
1132.006
1131.764
1134.393
1134.656
1128.944
1130.493
1122.790
1119.559
1116.917
1116.615
1138.357
1110.253
1108.083
1140.771
1108.595
1129.277
1107.263
1111.497
1103.548
1095.436
1091.713
1091.991
1092.525
1016.166
1017.522
1016.166
1020.193
1020.212
1014.671
1020.039
1014.524
1014.447
1031.836
1013.984
1015.831
1013.951
1070.527
1010.851
1053.432
1006.939
1009.216
1011.769
1004.599
1003.554
1000.959
1013.871
995.202
994.516
999.235
988.351
989.499
987.437
987.630
987.505
981.642
993.611
986.993
979.128
976.624
977.774
982.629
976.083
973.717
972.502
972.547
977.382
981.278
971.529
975.812
968.077
968.077
982.057
965.441
965.441
973.104
970.367
962.607
962.990
975.632
962.528
976.886
959.757
959.529
958.661
959.303
959.135
958.784
961.303
958.143
962.712
958.103
956.844
959.451
956.804
957.205
949.772
951.264
952.181
960.111
949.720
950.528
949.720
945.207
947.834
946.576
944.333
947.747
944.333
944.680
949.642
949.572
949.033
947.232
941.749
941.749
941.413
940.011
939.604
941.294
939.604
940.148
939.604
941.078
934.367
923.264
923.379
922.035
923.285
935.722
923.245
922.291
921.490
921.818
930.891
919.029
917.903
916.537
915.648
918.228
915.842
916.061
915.648
917.355
920.037
902.065
897.943
899.785
897.753
897.881
901.774
898.144
899.113
894.708
896.540
893.760
893.314
894.187
895.966
869.679
864.818
866.284
863.516
867.420
862.936
862.441
861.159
854.102
848.324
847.044
847.053
847.954
849.703
853.973
847.287
841.337
841.371
842.330
840.240
836.469
843.804
836.476
841.449
836.469
836.523
835.477
836.089
867.848
835.330
836.529
836.875
831.436
835.013
825.563
825.574
825.325
821.105
821.976
832.767
822.908
818.846
861.968
818.828
822.142
818.264
823.000
820.270
817.961
817.034
826.398
819.729
817.051
812.580
812.580
812.853
810.375
810.502
810.385
804.224
798.649
788.905
788.905
788.042
788.217
788.492
789.096
790.753
791.710
785.555
785.349
754.175
754.576
755.995
754.383
754.175
758.863
753.435
750.720
750.591
750.444
750.252
738.921
740.139
734.763
734.763
731.779
731.938
731.608
732.393
726.073
724.102
722.205
721.880
721.880
718.882
718.146
716.661
712.207
711.688
710.074
710.852
713.237
709.482
708.105
706.867
707.019
705.139
705.298
716.889
701.325
701.218
701.218
701.676
708.810
702.628
704.554
702.441
710.588
698.737
699.148
699.859
697.417
735.771
705.031
698.284
695.087
697.203
695.801
697.398
698.249
694.333
694.333
694.241
696.976
692.940
697.500
692.607
692.494
692.893
691.677
691.569
699.125
692.782
691.569
691.587
691.450
695.921
693.149
690.923
690.970
690.264
687.618
688.988
704.695
683.656
683.656
684.254
685.073
685.948
684.303
679.367
678.298
678.005
679.161
678.475
672.573
672.573
671.282
679.196
668.185
678.686
668.879
668.214
672.087
668.185
667.939
664.639
662.491
662.858
662.661
662.331
662.605
662.819
662.414
662.293
662.256
662.256
656.562
656.468
659.000
658.142
656.394
656.805
656.767
655.669
654.102
655.941
654.808
654.414
651.620
652.559
651.311
649.120
650.108
648.112
648.235
645.883
645.883
647.258
646.165
648.124
645.774
645.774
640.621
641.132
641.410
639.248
636.820
637.196
640.891
637.658
636.890
636.548
634.053
636.205
635.917
634.816
634.776
634.987
635.948
635.071
634.824
635.219
635.035
638.452
634.717
634.552
635.270
635.484
639.066
634.771
634.754
634.971
632.376
633.356
629.834
629.834
629.627
630.488
629.501
632.177
632.491
629.623
627.944
628.631
627.807
627.944
627.219
627.941
627.799
627.180
630.064
624.983
624.824
624.615
624.641
625.108
625.325
624.280
623.566
623.935
625.781
619.663
621.174
617.813
617.399
615.293
617.575
613.218
622.663
613.105
613.477
612.818
613.242
612.818
618.065
614.089
612.024
611.292
611.324
613.970
611.249
618.771
611.249
618.268
611.422
612.469
613.623
611.765
613.575
616.133
611.908
613.236
611.585
611.227
609.294
609.007
609.427
606.635

Error results for SA8
---------------------------
1060.589
1041.793
1042.546
1050.021
1051.577
1047.194
1047.201
1042.476
1045.164
1044.043
1042.216
1050.910
1043.069
1037.234
1037.234
1038.370
1034.435
1041.371
1034.054
1011.466
1002.894
1018.927
1017.920
1005.334
1002.856
1002.114
1001.747
1006.335
999.229
999.018
999.031
999.869
999.018
1003.443
998.407
998.496
998.677
998.411
1005.526
998.481
998.168
998.996
999.173
998.169
999.431
998.535
998.015
1002.360
1011.237
1001.529
1001.996
999.867
998.942
997.758
997.218
988.786
993.018
988.786
991.426
987.711
987.585
985.495
987.515
986.085
985.116
985.338
986.804
986.716
982.843
979.078
979.754
978.990
978.956
982.058
981.317
978.956
979.867
983.447
978.367
975.681
985.240
973.404
964.497
964.465
956.404
956.054
956.147
956.054
956.380
955.344
949.844
949.659
949.603
951.241
949.603
948.779
946.306
944.553
961.149
944.787
986.098
940.854
942.783
936.655
933.398
931.768
933.684
931.787
931.909
941.665
928.641
928.628
927.318
921.972
918.638
914.313
915.676
915.683
914.712
914.105
913.703
921.094
913.703
914.477
918.882
913.686
914.481
908.610
901.402
902.035
903.123
900.970
905.662
898.785
898.226
896.881
898.871
901.004
890.653
890.653
890.110
889.900
889.521
891.215
885.248
885.321
873.367
877.185
872.175
860.498
860.861
860.532
858.769
858.254
854.805
855.044
851.701
892.882
855.184
852.062
850.837
842.514
873.164
839.749
838.947
831.459
831.547
848.360
822.673
821.379
822.674
828.363
822.542
823.438
822.063
823.711
821.889
826.914
825.863
825.211
817.730
817.805
817.729
818.170
817.681
816.197
819.183
815.643
817.337
816.164
814.596
820.068
814.596
815.034
814.618
808.795
821.597
808.795
804.094
841.319
802.073
799.114
802.681
801.873
805.453
804.783
799.114
794.335
795.277
794.335
795.436
794.337
796.405
794.191
780.068
781.550
780.840
779.284
780.505
779.284
779.284
780.851
779.585
780.195
779.284
779.207
779.798
790.187
778.468
780.837
778.468
778.858
774.710
777.152
790.665
772.299
772.311
771.133
772.315
779.876
768.649
776.019
768.188
761.236
761.508
763.890
761.519
762.522
762.454
761.569
758.781
758.481
760.081
773.699
761.250
758.843
758.481
756.181
755.802
754.740
793.579
751.103
752.020
747.304
744.830
742.310
744.190
742.390
763.022
744.193
742.420
742.487
744.417
742.161
748.292
741.187
743.488
750.051
742.581
739.831
724.885
723.879
724.943
721.570
718.613
718.842
718.316
722.900
725.105
726.074
715.109
717.353
720.575
714.538
714.153
713.392
712.479
705.810
705.344
704.795
704.721
707.077
704.677
705.060
700.780
700.781
700.594
690.408
690.367
698.375
693.929
690.367
689.744
689.744
689.560
687.808
688.143
686.311
684.796
684.833
684.565
706.939
684.303
684.637
687.654
690.971
685.090
683.270
684.795
682.169
684.467
683.301
689.138
684.772
679.807
680.867
679.340
679.319
680.923
679.319
679.229
679.582
681.388
681.013
679.646
679.043
675.486
680.752
675.456
674.461
674.461
673.658
673.471
673.411
670.312
672.580
673.860
670.643
669.079
670.595
665.511
681.326
665.998
669.386
665.120
667.068
667.570
661.352
661.185
657.640
657.772
656.813
656.822
657.995
687.352
655.151
657.292
655.151
655.256
661.852
654.233
656.075
654.145
654.190
619.010
618.968
619.010
619.010
639.251
618.241
620.034
616.797
616.816
616.816
616.855
601.396
612.838
628.885
602.924
609.825
601.311
600.176
600.134
599.862
599.404
601.726
601.703
600.056
600.190
598.988
598.152
602.333
590.373
586.130
589.944
585.951
587.048
585.982
582.948
583.990
582.822
580.756
603.640
575.957
576.040
575.285
575.881
575.540
575.377
569.286
572.064
569.540
569.517
566.212
565.994
571.925
567.519
566.342
572.712
566.173
565.994
564.892
563.048
560.037
559.018
558.941
558.941
559.125
556.148
556.685
556.000
556.740
554.885
555.028
555.508
554.799
559.727
555.508
556.080
554.800
556.619
555.291
555.279
554.891
559.098
561.789
554.931
553.631
555.554
555.778
553.631
554.402
554.320
554.651
550.257
550.589
550.466
553.924
550.274
550.855
550.261
560.966
551.870
550.257
549.295
550.852
551.049
549.487
549.295
548.831
547.618
538.896
538.534
540.390
540.283
538.895
538.895
541.599
539.885
540.059

Error results for SA9
---------------------------
1096.998
1096.211
1096.569
1096.022
1095.770
1089.593
1089.176
1103.020
1100.721
1091.986
1090.193
1089.882
1095.156
1079.810
1098.185
1079.810
1080.197
1077.628
1078.870
1078.055
1076.665
1085.291
1091.688
1076.808
1076.665
1074.666
1086.440
1078.390
1075.067
1076.511
1073.808
1074.520
1074.846
1076.693
1090.715
1075.293
1070.722
1072.008
1070.722
1069.438
1066.619
1066.072
1081.769
1065.695
1068.481
1057.305
1057.243
1060.565
1054.644
1071.623
1054.504
1059.663
1056.479
1054.098
1058.239
1050.987
1050.767
1046.292
1045.621
1045.621
1021.632
1019.723
1036.143
1019.797
1017.369
1021.934
1018.681
1015.912
1015.927
1001.575
1001.382
998.045
1001.039
998.034
1002.150
1008.445
998.161
997.950
996.931
996.432
996.432
995.156
994.494
994.440
993.861
1013.273
993.922
993.415
992.840
991.262
970.208
969.988
971.666
972.240
969.988
980.431
971.519
964.742
964.876
964.731
963.734
961.555
961.546
960.700
960.700
962.319
956.914
956.975
946.751
946.236
948.393
946.861
946.442
946.206
946.983
946.176
946.430
943.908
944.428
943.908
947.683
945.246
945.384
944.346
940.363
940.333
935.156
933.990
935.360
933.917
933.555
941.599
933.708
937.588
931.602
932.782
931.912
931.697
939.428
927.208
931.444
924.401
924.779
921.638
919.987
918.992
919.208
919.294
919.543
918.126
916.823
917.646
916.226
916.216
915.991
916.021
915.794
915.581
915.031
914.835
914.803
913.491
913.116
907.863
907.863
907.907
908.469
908.051
904.254
903.728
925.224
906.837
905.328
903.807
903.457
903.713
891.545
891.067
891.795
891.501
894.414
891.534
886.794
886.837
886.395
885.675
885.739
887.163
886.912
885.470
883.812
882.881
881.313
881.572
886.717
881.537
881.471
887.777
881.318
881.313
881.734
883.632
880.054
885.120
880.467
879.310
878.994
879.140
878.768
880.659
876.869
881.498
875.845
874.127
872.742
899.188
872.323
872.323
889.282
873.069
893.358
872.359
872.559
872.549
872.323
872.454
872.555
872.567
868.797
866.019
878.000
869.552
867.772
866.569
864.864
864.273
862.202
857.615
857.615
859.529
860.586
874.330
857.278
856.129
856.877
856.338
858.028
856.287
877.159
856.087
859.576
856.493
847.661
854.402
846.508
846.527
844.725
857.486
844.302
842.631
843.403
844.753
843.915
841.682
849.844
841.894
841.682
841.935
841.682
841.728
841.878
845.131
841.700
841.700
870.778
843.132
841.890
841.047
841.683
841.788
849.137
840.880
840.008
837.620
824.599
831.045
824.470
830.677
829.960
822.684
822.285
822.714
821.966
822.212
822.202
819.402
821.718
819.127
823.218
819.127
818.524
818.551
820.339
818.152
817.297
817.297
820.641
816.942
816.942
819.882
816.430
816.369
816.338
817.063
815.816
826.428
819.334
815.799
816.686
820.412
815.566
815.664
816.266
814.040
815.756
813.240
814.872
813.710
814.885
813.101
813.239
809.200
809.902
809.241
809.192
810.009
809.215
821.453
801.199
806.252
803.317
799.742
799.117
799.572
801.520
799.105
801.000
799.802
799.602
799.261
799.088
800.371
798.967
799.758
796.590
796.305
796.305
797.380
795.724
794.031
794.165
794.089
793.507
794.321
794.069
793.966
793.635
809.780
793.968
800.299
793.507
793.845
794.120
786.112
786.260
789.046
787.290
786.259
792.355
785.839
783.727
783.708
785.039
785.263
783.708
779.381
779.381
779.259
764.343
764.491
761.784
762.065
762.361
762.063
763.503
760.806
762.091
761.382
761.357
760.411
766.339
760.516
761.559
760.736
767.178
763.022
760.524
760.516
760.398
763.344
760.668
760.412
770.152
760.842
759.568
759.524
764.337
759.790
764.367
759.796
761.804
761.567
761.950
759.790
766.133
759.842
765.852
759.690
759.807
764.662
759.920
763.743
759.690
759.689
759.580
759.856
758.515
759.180
757.616
758.515
758.532
759.246
758.581
754.561
754.830
753.273
754.206
754.333
755.595
776.851
752.911
750.553
750.792
750.430
749.556
749.905
746.275
745.744
751.784
746.156
747.064
743.499
744.708
739.109
743.128
739.241
739.247
739.848
739.057
739.444
738.482
736.874
734.879
745.300
734.879
734.933
719.239
718.977
719.422
719.011
719.304
718.977
723.934
718.860
719.373
719.918
727.618
719.752
718.982
727.788
721.669
719.307
719.122
718.659
715.533
713.125
713.004
713.961
713.056
713.044

Error results for SA10
---------------------------
1290.785
1313.192
1313.388
1309.750
1311.779
1311.779
1309.659
1306.407
1306.407
1300.626
1300.553
1301.851
1306.994
1333.989
1300.553
1306.587
1317.578
1294.927
1292.373
1294.963
1292.146
1294.682
1281.578
1282.793
1284.565
1288.566
1274.335
1280.089
1274.280
1270.414
1250.831
1250.851
1251.985
1265.496
1226.764
1226.764
1230.617
1226.631
1224.359
1240.049
1224.879
1237.262
1221.669
1222.030
1220.507
1227.367
1220.019
1220.019
1218.384
1218.143
1197.105
1198.244
1216.506
1209.800
1197.061
1201.566
1189.296
1189.257
1198.246
1168.983
1172.136
1170.998
1168.048
1178.515
1169.108
1203.916
1172.535
1164.178
1166.966
1164.593
1159.652
1137.118
1138.086
1118.636
1094.106
1095.405
1110.369
1094.027
1093.484
1086.504
1079.164
1065.875
1065.411
1052.418
1049.243
1051.097
1046.834
1043.292
1044.032
1043.292
1025.706
1025.571
1030.891
1025.439
1025.280
1021.144
1053.619
1023.098
1025.325
1025.680
1009.085
1008.692
1008.018
1011.219
1007.725
1010.232
1007.745
1018.090
1004.966
1004.284
1007.355
982.648
981.747
982.075
982.077
988.853
972.661
972.453
966.755
949.318
949.539
945.411
938.639
938.673
944.870
940.530
936.502
932.834
930.831
929.415
904.336
896.088
889.949
889.984
901.809
889.949
889.145
880.689
878.430
879.112
878.469
879.214
868.255
866.539
866.567
846.567
847.043
846.156
846.148
849.737
844.700
853.552
844.027
844.027
844.027
849.533
844.152
834.852
829.194
828.410
828.410
828.410
831.487
825.711
825.041
819.306
819.532
813.967
821.775
813.967
814.062
817.203
813.944
821.594
814.213
818.320
813.944
819.070
822.516
820.029
810.712
813.787
810.767
809.167
818.149
809.067
810.159
813.450
812.639
808.202
814.882
808.202
808.202
802.089
808.350
802.168
802.175
791.134
778.956
771.957
770.058
770.062
769.978
768.513
761.933
761.933
761.815
762.218
761.871
762.086
762.163
762.849
765.164
762.101
763.421
761.484
762.003
767.461
764.201
762.418
761.982
761.981
760.837
759.489
758.995
771.123
748.193
749.062
750.262
747.967
746.411
744.796
744.742
753.796
745.946
742.305
742.877
742.181
745.787
738.807
731.242
734.103
730.563
732.600
717.646
708.475
704.139
704.139
703.977
704.185
702.755
700.633
699.509
701.837
694.598
694.363
685.963
682.950
682.928
682.928
691.350
682.898
683.021
683.049
682.898
682.832
697.302
688.552
682.705
682.900
678.173
675.967
675.535
675.599
680.201
685.575
676.539
640.973
640.883
641.635
639.975
639.789
639.722
639.722
635.111
631.992
631.914
631.979
631.756
632.187
632.412
631.160
629.571
626.814
626.006
628.080
633.125
622.950
616.079
616.327
617.290
617.465
616.256
624.547
616.327
644.639
616.327
620.364
616.353
619.149
609.362
611.913
607.422
604.097
604.086
607.325
596.752
594.795
593.959
599.370
596.858
593.766
591.928
590.742
590.546
591.782
593.435
585.873
584.066
593.821
571.691
571.040
570.760
568.457
568.417
564.765
565.232
561.739
564.160
563.717
561.404
561.404
562.850
563.597
560.974
566.516
557.933
556.113
559.648
557.061
558.029
590.577
572.502
555.813
564.045
556.555
555.461
567.192
551.381
552.491
552.041
549.934
551.040
551.367
551.294
549.929
550.961
552.401
551.390
551.059
550.961
550.655
550.444
549.193
549.118
552.928
552.279
548.465
553.840
556.870
548.478
551.628
553.818
548.451
548.424
548.451
550.457
548.393
548.393
548.393
547.509
549.543
545.587
548.443
546.438
545.587
545.587
545.544
545.557
545.544
549.966
545.351
546.797
545.935
546.419
569.455
544.958
549.229
544.903
550.963
548.107
545.869
545.163
548.154
544.164
543.436
544.551
540.944
556.711
544.319
539.691
539.691
538.846
538.020
538.774
538.770
539.355
537.289
537.233
537.247
537.306
532.609
529.897
522.522
522.731
521.042
520.578
521.064
519.542
519.003
520.799
517.271
517.381
519.406
515.480
521.693
517.570
515.535
518.419
512.656
512.613
513.074
512.192
512.554
512.226
512.192
512.128
511.297
511.512
510.482
510.482
501.058
493.174
496.209
494.310
493.358
496.072
492.768
492.768
497.054
493.846
491.635
496.531
491.885
491.885
496.009
491.476
491.190
482.043
483.454
481.690
481.616
481.667
481.366
490.415
487.526
482.020
482.517
482.104
481.600
485.525
480.264
479.889
476.194
477.988
479.604
476.194
476.107
476.833
475.999

--------------------------------------------
Results for SA1: 
--------------------------------------------
Correctly classified (TEST) 2749.0 instances.
Incorrectly classified (TEST) 568.0 instances.
Percent correctly classified (TEST): 82.876%

Correctly classified (TRAIN)6385.0 instances.
Incorrectly classified (TRAIN) 1353.0 instances.
Percent correctly classified (TRAIN): 82.515%

Training time: 28.630 seconds
Testing time: 0.166 seconds

--------------------------------------------
Results for SA2: 
--------------------------------------------
Correctly classified (TEST) 2811.0 instances.
Incorrectly classified (TEST) 506.0 instances.
Percent correctly classified (TEST): 84.745%

Correctly classified (TRAIN)6486.0 instances.
Incorrectly classified (TRAIN) 1252.0 instances.
Percent correctly classified (TRAIN): 83.820%

Training time: 33.745 seconds
Testing time: 0.063 seconds

--------------------------------------------
Results for SA3: 
--------------------------------------------
Correctly classified (TEST) 2838.0 instances.
Incorrectly classified (TEST) 479.0 instances.
Percent correctly classified (TEST): 85.559%

Correctly classified (TRAIN)6587.0 instances.
Incorrectly classified (TRAIN) 1151.0 instances.
Percent correctly classified (TRAIN): 85.125%

Training time: 32.342 seconds
Testing time: 0.089 seconds

--------------------------------------------
Results for SA4: 
--------------------------------------------
Correctly classified (TEST) 2817.0 instances.
Incorrectly classified (TEST) 500.0 instances.
Percent correctly classified (TEST): 84.926%

Correctly classified (TRAIN)6618.0 instances.
Incorrectly classified (TRAIN) 1120.0 instances.
Percent correctly classified (TRAIN): 85.526%

Training time: 29.378 seconds
Testing time: 0.071 seconds

--------------------------------------------
Results for SA5: 
--------------------------------------------
Correctly classified (TEST) 2612.0 instances.
Incorrectly classified (TEST) 705.0 instances.
Percent correctly classified (TEST): 78.746%

Correctly classified (TRAIN)6162.0 instances.
Incorrectly classified (TRAIN) 1576.0 instances.
Percent correctly classified (TRAIN): 79.633%

Training time: 25.353 seconds
Testing time: 0.068 seconds

--------------------------------------------
Results for SA6: 
--------------------------------------------
Correctly classified (TEST) 2910.0 instances.
Incorrectly classified (TEST) 407.0 instances.
Percent correctly classified (TEST): 87.730%

Correctly classified (TRAIN)6693.0 instances.
Incorrectly classified (TRAIN) 1045.0 instances.
Percent correctly classified (TRAIN): 86.495%

Training time: 32.261 seconds
Testing time: 0.071 seconds

--------------------------------------------
Results for SA7: 
--------------------------------------------
Correctly classified (TEST) 2722.0 instances.
Incorrectly classified (TEST) 595.0 instances.
Percent correctly classified (TEST): 82.062%

Correctly classified (TRAIN)6337.0 instances.
Incorrectly classified (TRAIN) 1401.0 instances.
Percent correctly classified (TRAIN): 81.895%

Training time: 31.549 seconds
Testing time: 0.072 seconds

--------------------------------------------
Results for SA8: 
--------------------------------------------
Correctly classified (TEST) 2724.0 instances.
Incorrectly classified (TEST) 593.0 instances.
Percent correctly classified (TEST): 82.122%

Correctly classified (TRAIN)6456.0 instances.
Incorrectly classified (TRAIN) 1282.0 instances.
Percent correctly classified (TRAIN): 83.432%

Training time: 37.151 seconds
Testing time: 0.087 seconds

--------------------------------------------
Results for SA9: 
--------------------------------------------
Correctly classified (TEST) 2460.0 instances.
Incorrectly classified (TEST) 857.0 instances.
Percent correctly classified (TEST): 74.163%

Correctly classified (TRAIN)5629.0 instances.
Incorrectly classified (TRAIN) 2109.0 instances.
Percent correctly classified (TRAIN): 72.745%

Training time: 25.365 seconds
Testing time: 0.065 seconds

--------------------------------------------
Results for SA10: 
--------------------------------------------
Correctly classified (TEST) 2796.0 instances.
Incorrectly classified (TEST) 521.0 instances.
Percent correctly classified (TEST): 84.293%

Correctly classified (TRAIN)6547.0 instances.
Incorrectly classified (TRAIN) 1191.0 instances.
Percent correctly classified (TRAIN): 84.608%

Training time: 24.280 seconds
Testing time: 0.068 seconds