Error results for SA1
---------------------------
1048.994
1048.427
1049.223
1047.570
1046.647
1044.424
1044.495
1042.210
1044.766
1044.971
1040.201
1039.745
1038.420
1038.753
1043.231
1019.043
1022.995
1033.596
1033.596
1033.693
1020.190
1018.018
1038.601
1018.935
1006.538
1006.860
1004.605
1004.540
1004.111
1005.544
1001.353
1000.158
1010.781
995.493
993.131
992.915
993.216
1001.995
991.728
991.159
991.847
991.165
999.041
979.039
978.872
978.559
979.739
978.811
969.721
968.377
968.150
968.485
971.569
968.285
968.150
968.403
968.294
968.194
962.552
964.997
963.367
963.408
958.375
958.007
960.160
970.038
952.492
954.602
954.445
951.274
951.274
951.220
953.531
951.220
954.432
951.103
951.801
947.263
945.877
946.404
951.167
949.611
945.280
954.933
928.456
933.229
927.372
927.437
926.865
925.966
903.916
904.556
901.428
901.423
901.225
903.595
903.314
901.248
900.852
901.429
893.126
908.994
891.611
892.083
892.977
901.703
887.165
897.786
890.854
886.852
887.033
886.983
881.246
885.642
876.353
879.192
875.196
863.817
863.817
863.280
863.119
864.040
863.792
863.300
865.594
863.252
862.373
862.376
841.675
841.026
846.764
836.879
838.300
840.629
838.059
829.110
840.418
821.207
819.714
819.591
832.763
820.394
820.318
820.038
819.317
818.805
818.608
824.086
829.977
817.997
808.960
811.574
800.700
800.700
800.128
813.151
806.699
799.510
809.168
797.533
797.332
802.136
798.173
797.374
795.852
795.312
793.888
797.813
793.933
794.176
793.892
799.471
791.351
791.078
790.788
791.836
790.788
786.979
858.880
797.101
786.128
789.728
787.391
780.011
771.472
762.604
753.566
751.166
754.794
750.244
750.156
757.725
747.310
749.168
747.650
748.756
747.073
746.593
730.423
729.937
729.854
728.014
734.002
729.632
724.970
727.581
724.924
725.228
724.924
726.947
722.913
716.223
716.223
715.089
713.797
714.096
713.797
713.814
713.046
708.087
707.953
704.191
704.935
705.643
704.293
706.021
698.716
706.177
699.143
707.266
698.685
707.235
698.592
699.361
707.348
698.412
698.164
696.070
685.793
683.511
683.511
686.622
674.722
674.656
676.867
678.567
673.314
670.421
669.874
669.874
672.496
677.543
677.121
671.414
669.897
670.204
671.200
668.785
670.690
668.888
670.525
670.707
668.717
668.936
669.161
669.032
669.151
667.108
670.961
672.496
694.988
665.666
666.280
665.571
664.877
665.185
664.673
665.997
664.377
661.977
661.306
661.740
661.342
666.220
661.458
658.821
658.821
659.539
658.692
658.674
658.703
658.670
657.039
657.030
658.079
657.047
655.042
655.039
658.908
658.200
655.775
653.015
660.223
643.733
632.755
631.404
631.760
632.767
637.210
629.452
623.627
620.968
620.930
620.625
622.568
620.253
617.919
620.995
630.556
617.912
618.346
615.613
615.530
619.686
615.436
615.854
620.798
615.418
614.296
608.187
608.335
606.203
606.203
606.232
606.383
608.010
611.181
608.202
608.781
605.459
604.792
604.234
640.579
591.201
591.207
602.117
594.182
596.995
591.220
589.556
586.574
588.048
586.687
587.283
586.511
584.769
583.791
584.682
585.618
583.483
583.878
583.236
583.251
585.816
589.989
581.385
581.402
582.587
579.650
584.308
577.793
578.020
577.405
590.725
578.009
576.701
576.056
576.056
579.651
575.487
578.469
578.567
574.203
573.782
574.719
573.735
574.048
575.234
573.732
573.536
570.775
581.178
573.660
570.211
569.870
570.426
570.061
570.333
572.865
570.064
570.434
577.560
569.640
570.174
569.280
569.163
564.112
568.443
563.424
557.621
560.386
563.064
558.642
557.787
562.865
557.664
557.585
554.331
554.436
553.452
553.382
551.903
550.119
551.208
549.902
550.008
554.853
551.922
550.004
553.742
549.673
549.685
549.764
550.028
549.664
549.730
551.822
553.243
551.072
550.684
548.950
549.759
548.663
543.554
540.691
543.031
540.668
540.668
520.623
520.212
517.678
514.708
515.410
514.818
519.244
514.959
514.805
515.235
516.964
514.712
512.689
512.731
512.107
512.104
512.109
512.118
515.517
512.756
511.831
512.385
511.666
510.343
510.011
511.407
513.028
525.445
510.019
510.255
510.079
510.065
510.011
510.536
510.011
510.011
510.615
510.011
510.059
510.899
510.185
509.974
507.042
506.475
506.835
506.483
507.333
507.443
504.431
503.868
502.315
502.235

Error results for SA2
---------------------------
1119.618
1123.928
1121.432
1108.709
1108.843
1109.827
1114.299
1114.292
1161.443
1157.905
1158.315
1159.106
1159.861
1159.861
1165.649
1169.421
1176.267
1149.852
1144.742
1155.654
1175.274
1147.607
1147.520
1149.672
1137.153
1139.420
1141.486
1134.121
1146.778
1138.245
1134.967
1135.044
1150.334
1133.003
1132.380
1125.829
1127.566
1119.873
1119.873
1115.435
1127.387
1117.776
1116.820
1126.694
1122.728
1128.483
1114.563
1114.563
1116.961
1117.042
1114.932
1110.762
1106.887
1112.773
1112.911
1123.833
1106.887
1111.210
1132.099
1106.460
1106.460
1100.798
1099.729
1103.024
1094.433
1098.488
1093.785
1100.776
1100.688
1100.620
1095.428
1091.485
1095.052
1091.485
1099.394
1103.522
1096.704
1091.485
1090.054
1094.421
1122.009
1090.054
1094.568
1109.307
1102.268
1089.449
1056.406
1036.258
1044.536
1042.664
1039.815
1027.742
1032.159
1028.217
1020.393
1025.521
1021.163
984.040
993.650
989.272
986.771
983.965
983.796
989.881
993.720
984.338
981.560
973.106
973.252
973.130
972.947
966.702
963.596
961.584
961.584
961.988
969.709
918.978
908.603
907.163
887.936
888.199
889.605
887.958
896.584
896.478
887.120
896.219
887.056
892.109
888.141
879.127
879.829
876.282
878.111
879.141
871.987
871.920
870.226
861.287
861.281
875.248
856.823
856.823
835.278
850.583
833.747
833.747
831.599
831.737
834.587
831.212
831.212
834.560
831.212
823.194
823.085
822.211
816.020
832.445
819.489
814.854
815.056
818.092
815.056
814.763
814.763
823.288
818.894
814.763
815.150
806.284
815.124
804.819
816.688
812.515
811.310
816.512
804.607
805.489
813.720
805.038
834.510
804.636
805.372
801.370
800.908
799.047
800.846
791.780
791.525
790.523
787.703
789.085
787.350
787.778
790.791
787.645
788.443
786.880
781.817
784.452
787.778
781.817
782.600
781.142
780.238
778.332
780.252
778.070
783.066
776.636
775.197
777.041
774.139
773.236
780.501
774.139
774.330
775.136
778.451
775.136
776.726
772.436
770.273
776.603
770.283
768.059
772.613
768.059
765.827
758.733
758.712
758.412
757.834
752.745
752.119
748.394
747.995
744.927
746.686
744.946
748.518
745.200
743.830
743.830
741.468
738.108
739.269
733.403
733.130
733.060
737.738
739.696
729.880
729.880
729.712
729.834
730.911
725.024
721.683
723.878
717.948
716.656
702.241
697.318
708.878
697.336
706.483
698.051
697.979
697.318
697.318
697.318
697.828
705.166
697.571
698.212
697.882
697.318
699.746
697.491
698.222
696.731
696.974
696.862
713.349
696.915
685.724
691.787
687.145
685.724
686.520
699.331
686.663
683.664
683.523
683.575
683.820
669.371
666.834
667.040
664.000
663.738
662.581
664.169
661.009
655.781
665.719
655.272
660.424
656.134
655.790
654.732
659.710
655.367
655.056
656.171
661.200
653.560
654.883
655.364
653.691
651.927
651.927
650.826
651.440
651.460
651.042
655.718
650.827
652.236
650.826
650.666
650.072
649.994
649.517
644.196
646.182
650.501
643.295
646.513
639.874
635.270
640.714
636.360
635.262
635.270
636.510
634.955
634.957
633.056
635.290
643.319
631.166
632.259
631.484
630.094
631.624
631.327
630.094
632.719
629.981
626.644
626.791
626.062
630.017
626.139
623.324
619.912
620.720
620.355
620.094
619.959
620.293
622.232
615.216
614.846
614.796
617.358
609.730
607.216
601.174
601.154
596.526
596.025
596.260
595.037
595.997
594.511
593.987
596.848
604.436
594.487
589.816
589.492
589.272
589.339
590.662
590.070
590.663
589.334
589.300
589.265
589.463
589.502
599.102
590.162
589.265
591.089
589.209
590.043
587.785
582.899
582.084
580.201
573.368
573.515
573.366
573.010
573.010
574.687
573.417
574.695
572.538
568.906
571.015
568.809
565.708
566.257
565.412
566.136
571.134
565.444
566.124
565.438
565.465
569.410
578.127
566.291
565.011
562.972
562.780
562.728
562.968
562.759
562.901
562.627
562.716
563.682
561.864
562.802
561.673
561.673
589.179
561.173
562.950
561.369
562.669
561.173
596.603
562.724
563.434
560.869
568.862
561.266
561.003
562.168
560.601
562.045
560.615
560.697
562.141
560.472
561.102
561.501
560.505
556.296
556.296
552.676
551.914
560.856
575.497
554.950
550.968
550.294
551.387
550.292
608.024
528.591
527.346
529.621
523.856
525.226
530.248
523.856
523.856
520.442
520.568
520.911

Error results for SA3
---------------------------
1257.625
1259.260
1260.479
1259.525
1262.038
1260.437
1261.396
1255.071
1262.726
1261.443
1267.702
1273.374
1274.475
1274.475
1274.620
1299.897
1315.093
1286.965
1289.675
1296.340
1292.589
1298.025
1298.478
1293.656
1291.500
1292.036
1292.136
1292.385
1283.037
1298.702
1285.902
1296.826
1285.140
1283.755
1284.937
1310.581
1281.311
1290.333
1288.072
1282.587
1280.717
1284.693
1271.773
1272.629
1272.515
1263.461
1252.324
1252.324
1251.129
1232.970
1256.850
1239.420
1227.251
1230.096
1222.432
1221.778
1221.368
1220.592
1222.295
1223.896
1220.622
1216.748
1216.278
1217.320
1216.190
1216.298
1185.568
1186.531
1185.568
1186.374
1181.082
1180.879
1180.879
1179.381
1181.767
1171.047
1179.029
1167.068
1179.001
1166.931
1185.694
1200.960
1166.931
1188.198
1173.320
1174.412
1166.809
1164.933
1173.450
1179.496
1159.657
1159.640
1168.381
1157.653
1156.506
1155.845
1125.838
1128.632
1128.808
1114.065
1094.048
1085.933
1084.818
1084.818
1091.115
1084.959
1080.577
1095.468
1069.023
1069.946
1067.929
1067.277
1067.584
1067.534
1060.882
1048.837
1043.960
1043.960
1035.971
1035.025
1035.025
1042.579
1041.886
1031.456
1031.714
1033.641
1034.460
1061.386
1034.778
1027.489
1027.489
1027.344
1048.360
1024.785
1014.534
1014.980
1011.108
1015.443
1011.028
1012.205
1011.575
1011.003
1011.003
1012.775
1011.124
1012.222
1018.278
1009.124
1019.974
1008.211
1008.648
1005.824
1022.002
1005.825
1005.704
1004.902
1004.617
1008.476
1005.181
994.080
999.015
1006.076
995.061
994.147
989.369
989.090
984.519
983.243
983.662
994.686
982.309
982.325
984.724
982.936
989.218
982.345
982.836
983.476
974.300
974.447
972.560
980.232
961.548
963.952
961.919
962.867
959.461
954.625
952.576
954.247
965.138
963.444
952.805
958.689
955.195
955.136
949.827
949.703
946.731
946.687
947.197
947.449
943.191
943.214
944.170
943.531
936.809
936.199
941.586
936.176
941.029
932.918
930.658
917.541
916.835
917.268
924.656
917.006
915.539
915.473
915.281
913.147
912.641
905.707
905.428
915.270
920.344
905.427
907.150
905.934
916.051
909.120
894.400
901.587
890.875
877.000
882.210
871.770
869.912
875.894
869.983
869.744
870.747
870.711
871.523
871.591
871.027
868.229
870.038
866.959
883.067
863.380
863.506
863.505
862.431
863.284
862.431
862.511
859.520
855.771
855.771
856.226
854.653
855.422
855.069
856.954
855.450
854.001
854.834
853.857
858.488
852.246
855.568
853.622
844.422
844.422
846.534
842.720
841.267
844.700
840.564
840.592
840.707
840.368
839.186
837.221
835.765
836.855
835.069
845.331
835.854
835.066
836.378
835.583
835.163
834.027
825.080
825.106
824.782
825.080
818.020
818.223
818.434
818.365
818.202
819.903
818.981
818.364
818.056
816.360
828.681
814.784
830.298
820.748
818.236
815.055
814.819
817.204
810.125
813.101
809.565
809.233
809.233
808.828
810.000
808.813
807.627
806.579
806.869
812.524
804.143
803.676
804.254
802.830
802.660
802.660
805.375
804.992
811.518
804.580
802.660
818.221
802.660
787.824
793.075
791.860
786.805
786.695
786.739
787.309
792.590
787.245
788.909
785.406
787.034
785.139
786.202
783.777
784.324
786.327
783.695
784.100
788.648
778.905
779.127
783.375
756.249
759.543
756.045
756.647
755.890
755.890
754.949
756.303
754.882
755.095
754.826
754.975
755.860
752.165
750.432
750.468
750.432
738.042
738.236
741.690
738.293
737.828
738.057
738.495
744.996
736.632
730.227
729.819
731.046
730.414
729.841
732.603
729.913
716.284
716.069
716.784
714.596
713.594
714.546
714.150
714.300
714.027
717.146
713.745
718.901
714.668
718.141
713.035
733.056
711.965
713.594
712.170
711.677
711.607
711.612
711.734
711.612
711.637
712.448
711.246
712.909
713.209
711.287
709.996
709.855
708.329
710.434
710.518
710.752
708.206
703.995
703.196
704.290
703.021
703.111
704.308
703.040
690.149
688.332
697.463
686.617
687.385
689.100
684.855
684.791
684.791
678.742
678.742
677.559
675.936
675.750
674.327
673.802
677.458
676.244
674.704
671.351
673.277
670.304
670.242
670.689
671.443
670.607
670.482
670.240
679.525
672.940
668.847
673.803
668.957
673.381
664.729
664.735
662.293
662.282
660.945
660.945
660.982
661.932
662.756
662.252
661.218
660.943
660.943
657.858
668.624
659.031
658.877
658.545
658.704
658.679
658.716
658.541
657.914

Error results for SA4
---------------------------
1347.774
1346.739
1345.770
1346.859
1346.913
1344.725
1344.902
1347.638
1347.948
1313.331
1307.298
1381.988
1388.503
1385.049
1380.336
1396.896
1397.294
1366.319
1370.961
1376.039
1376.039
1376.707
1390.245
1375.136
1366.712
1373.112
1367.055
1366.413
1361.132
1366.195
1363.392
1349.432
1350.186
1342.411
1340.704
1343.831
1326.933
1327.333
1326.933
1331.714
1333.864
1328.164
1330.293
1326.859
1324.458
1323.040
1326.928
1316.673
1323.773
1313.891
1301.548
1301.695
1299.308
1297.378
1315.522
1309.716
1297.478
1337.958
1295.197
1313.261
1295.417
1305.435
1294.798
1296.244
1286.561
1274.779
1274.302
1279.283
1272.763
1273.457
1273.590
1278.627
1275.414
1272.902
1283.770
1272.987
1263.721
1262.058
1277.489
1181.602
1195.244
1177.353
1135.999
1137.311
1146.482
1136.377
1137.557
1142.465
1143.784
1135.999
1149.406
1144.571
1124.366
1152.474
1105.528
1089.693
1105.201
1103.057
1089.051
1072.562
1077.600
1076.354
1063.844
1052.421
1052.421
1054.723
1062.939
1052.024
1058.914
1049.574
1028.931
1039.145
1036.829
1027.289
1027.289
1031.424
1025.624
1009.097
1052.138
1009.097
1005.787
1005.196
1012.759
1019.299
1013.151
997.154
992.328
986.912
986.328
983.012
980.651
978.244
979.230
997.681
980.556
989.423
978.244
964.779
968.043
965.076
987.279
952.656
952.799
954.639
948.547
948.516
947.656
943.212
943.212
942.083
942.083
941.813
961.167
947.770
937.001
937.282
936.253
953.680
936.660
934.454
950.014
932.448
932.458
932.448
932.246
923.665
926.071
924.089
915.232
910.022
910.022
910.022
909.576
909.525
894.016
893.382
904.381
891.691
898.706
887.798
902.034
887.798
888.787
890.829
890.495
890.265
885.934
885.991
871.566
871.134
878.143
869.231
870.438
860.941
859.124
860.040
858.973
857.706
857.812
855.960
858.524
854.566
854.566
852.360
851.690
851.690
851.711
851.703
851.645
867.120
846.740
856.949
822.122
822.201
828.440
815.164
815.076
817.486
816.322
814.190
792.075
792.075
790.573
800.742
792.350
790.573
790.902
790.210
788.104
789.803
793.976
792.935
788.774
785.814
785.495
792.932
783.195
792.341
784.470
790.282
783.515
783.559
784.200
783.195
791.508
784.798
782.523
782.092
772.805
772.839
767.939
794.834
770.657
773.113
768.326
767.418
774.334
775.668
764.489
771.697
735.851
749.654
734.659
732.806
737.202
732.765
731.373
734.936
724.593
720.904
721.000
715.568
715.706
718.118
714.285
714.313
715.348
715.387
715.906
715.872
714.545
737.616
713.093
712.760
714.637
721.012
713.224
705.320
706.797
709.165
708.698
705.785
715.226
719.148
706.980
704.715
704.715
704.983
708.552
704.715
704.715
704.955
706.094
704.337
705.464
702.974
704.026
705.476
706.041
732.494
701.938
728.540
694.567
696.641
692.331
692.331
691.188
697.974
700.907
696.520
692.640
695.822
691.189
703.307
684.600
705.553
683.793
682.875
687.601
680.292
680.688
676.150
680.455
676.625
677.367
675.513
681.351
677.320
676.605
675.474
674.285
678.869
675.864
670.281
670.786
671.451
668.789
653.753
654.285
655.002
654.240
658.497
655.150
654.211
654.504
657.932
651.793
654.304
652.447
651.940
664.858
669.733
651.584
652.212
653.090
647.788
647.823
649.794
651.029
643.617
643.870
643.700
643.164
643.084
639.884
640.030
638.720
642.525
636.719
652.307
635.242
636.182
634.336
634.336
633.732
633.785
635.599
648.696
634.002
633.732
633.962
634.366
633.732
632.964
632.919
628.992
627.222
628.570
627.018
628.390
625.753
625.427
626.055
626.541
625.020
627.353
624.940
625.004
625.976
626.607
619.417
619.553
614.115
633.150
614.373
613.873
612.351
612.351
612.351
610.776
610.776
610.776
614.574
617.801
619.338
606.588
606.588
606.607
610.717
589.434
590.015
590.356
589.543
588.669
588.486
584.547
585.836
585.290
597.425
585.019
582.293
582.293
582.141
582.368
582.234
582.795
580.612
584.739
581.427
581.118
580.629
581.545
579.299
581.390
593.782
579.216
579.935
580.603
577.833
577.833
593.294
577.828
577.639
593.375
578.664
578.423
577.718
577.504
578.895
575.623
571.265
571.730
572.611
565.179
567.763
566.551
565.198
561.006
560.803
561.781
563.887
573.350
562.233
565.853
560.699
560.699
559.931
560.571
559.559
565.914
561.005
559.665
561.586
560.803
552.132
547.788
549.354
547.788
547.811
563.175

Error results for SA5
---------------------------
1097.525
1098.437
1105.297
1101.134
1102.418
1101.663
1087.497
1088.560
1080.396
1080.885
1080.318
1079.229
1077.711
1079.192
1071.255
1071.183
1070.500
1071.049
1072.351
1034.389
1034.642
1036.232
1036.421
1036.498
1036.485
1036.501
1036.501
1039.940
1036.120
1037.582
1026.074
1024.931
1023.772
1024.817
1023.967
1030.510
1023.777
1053.734
1025.869
1075.963
1023.948
1023.262
1027.172
1023.293
1023.262
1020.955
1020.160
1020.113
1020.738
1019.589
1020.200
1016.948
1014.222
1037.981
1010.195
1012.379
1010.193
1012.337
1006.548
1008.590
1003.540
1004.966
1005.189
1004.504
1003.501
1003.481
1003.780
1004.050
1002.159
1007.846
990.810
990.383
990.322
988.424
988.548
989.044
991.610
985.301
984.724
984.724
985.868
987.366
982.213
979.964
981.264
980.754
983.488
979.680
980.215
958.014
954.677
954.894
954.963
955.667
954.513
955.090
953.148
955.392
950.767
952.130
950.767
949.730
949.565
949.183
949.602
948.132
949.059
947.159
949.102
944.047
944.939
944.374
943.990
945.615
947.699
943.825
940.259
940.279
940.095
940.363
939.816
938.753
939.162
941.691
950.599
940.671
937.759
937.702
937.661
938.215
937.310
937.128
935.146
935.177
939.221
935.080
935.913
935.176
938.660
934.974
936.170
935.148
935.080
933.561
934.394
933.551
928.074
925.682
925.978
924.334
924.087
921.479
921.542
920.237
920.595
920.791
920.007
918.203
918.382
914.803
915.096
915.066
918.076
914.987
913.182
913.181
917.896
912.788
912.795
912.916
912.787
912.973
923.705
912.820
913.629
927.147
912.550
919.005
909.688
910.681
913.770
909.555
907.665
912.884
913.531
906.969
907.335
907.112
898.952
904.389
874.564
875.717
874.888
874.487
875.344
873.769
874.607
872.870
873.714
872.455
872.287
869.426
869.141
869.967
871.712
869.474
869.008
869.675
869.070
866.316
862.648
865.021
862.574
860.223
859.279
860.862
857.865
857.829
858.612
857.829
857.932
857.822
858.485
837.142
837.006
838.172
837.302
837.829
836.590
838.287
836.676
835.692
836.883
835.611
832.919
832.797
832.808
833.420
833.910
838.126
834.285
834.523
837.270
841.540
832.437
832.558
833.040
832.062
832.185
830.059
829.738
829.548
831.004
829.359
829.226
830.250
831.234
829.728
817.594
819.096
816.729
822.877
817.367
807.099
807.049
812.217
806.876
803.850
803.680
801.460
801.423
805.622
800.377
799.162
806.688
799.009
801.848
796.015
795.948
792.570
792.570
794.776
791.812
791.551
790.550
791.637
790.469
791.503
788.109
788.362
787.880
787.277
787.984
790.488
788.009
788.048
787.235
785.219
789.631
785.066
783.619
784.015
784.321
785.609
785.151
783.678
787.969
783.155
783.077
783.646
785.290
786.270
783.476
791.439
783.606
784.308
783.339
783.169
784.868
783.229
782.677
782.568
782.972
780.543
781.468
781.294
780.123
780.622
780.296
779.612
779.924
780.353
777.808
777.212
778.071
777.133
774.237
776.456
774.237
783.762
778.678
773.988
774.853
773.988
774.413
776.016
776.066
774.049
773.946
771.879
771.826
771.677
767.147
767.088
765.329
764.307
767.623
770.943
763.571
769.465
763.253
761.882
765.728
761.926
788.755
758.717
748.845
745.509
745.022
745.398
744.914
743.347
748.669
743.679
751.406
742.620
742.605
742.002
742.002
741.865
742.852
741.418
741.898
741.563
740.430
731.292
730.894
731.344
733.876
730.791
730.648
736.434
731.563
727.352
728.120
726.640
725.870
726.665
718.803
718.756
717.580
718.000
717.972
714.706
714.338
714.256
714.247
713.951
715.167
713.749
718.547
714.007
715.252
713.332
691.196
695.024
691.514
689.983
695.501
673.325
689.138
672.692
662.023
663.179
660.993
661.009
661.028
664.556
660.685
660.668
660.668
660.121
660.056
662.056
660.457
659.215
659.221
659.215
656.837
655.817
654.496
655.352
653.874
652.122
649.962
649.584
649.607
649.411
651.385
646.235
648.901
645.690
646.256
644.276
644.344
643.972
644.036
643.838
643.680
643.866
641.025
640.335
640.335
640.401
640.757
640.196
651.030
639.561
642.346
640.524
639.809
641.231
639.809
634.589
631.302
633.999
633.890
629.721
629.741
575.248
575.825
575.214
576.635
575.079
575.167
575.160
574.340
570.268
571.859
569.823
576.761
569.744
568.125
568.470
567.940
567.653
567.316
567.309
567.315
570.158

Error results for SA6
---------------------------
1115.658
1122.717
1118.570
1118.570
1105.086
1098.517
1098.517
1099.425
1107.508
1107.508
1101.931
1136.718
1136.201
1137.559
1143.715
1143.748
1122.165
1126.476
1109.552
1109.400
1104.864
1079.153
1072.563
1072.825
1074.066
1041.038
1056.157
1029.746
1034.831
1032.650
1029.746
1027.927
1026.279
1024.391
1025.943
1024.167
1018.678
1018.678
1013.710
1015.195
1013.710
1021.424
1012.961
1083.807
1017.682
1015.344
1012.524
1010.997
1011.512
1006.505
1005.655
1005.655
1006.489
1005.655
1003.643
1003.219
1003.541
1002.159
1002.853
1002.586
1003.178
1003.911
1000.724
985.017
983.318
980.223
981.449
984.905
985.337
985.794
979.773
980.086
958.636
947.553
938.782
938.780
930.349
880.139
879.799
879.748
878.506
878.506
885.153
877.610
877.745
879.235
889.205
889.915
868.880
868.935
863.770
864.101
862.990
851.243
851.253
851.243
868.830
848.703
848.599
851.824
839.065
830.674
833.380
830.674
830.699
842.200
831.331
830.650
813.070
818.150
815.729
792.389
791.850
799.058
792.991
788.373
788.000
785.959
785.179
775.372
789.626
775.181
775.703
779.650
778.249
789.725
774.110
775.059
776.994
772.920
773.124
766.420
768.032
768.302
764.618
763.591
763.704
761.808
768.468
778.632
760.526
762.243
766.697
760.830
760.121
760.526
762.907
760.526
760.526
793.781
761.818
760.681
758.911
760.342
758.831
754.959
754.959
756.978
761.667
754.583
757.063
752.164
760.822
751.388
751.773
751.086
750.374
749.763
750.368
746.157
730.857
732.658
730.518
730.327
735.450
730.144
729.635
729.926
732.939
731.529
727.034
725.527
720.240
720.240
712.419
718.524
715.697
708.859
705.425
706.312
711.255
702.786
698.091
699.441
689.896
689.884
694.247
691.423
693.255
691.355
683.903
669.348
672.466
669.074
680.476
668.089
668.410
668.685
667.570
670.929
667.632
680.608
666.854
667.376
665.240
665.589
665.764
667.838
665.917
662.792
660.388
658.488
661.605
655.394
656.807
654.426
652.492
652.494
652.300
650.223
650.160
649.881
649.786
650.417
647.392
646.477
646.477
660.822
646.672
646.807
645.579
647.250
639.029
639.303
640.760
638.629
637.317
639.438
636.613
636.358
638.300
636.254
643.240
636.254
635.836
636.873
633.902
632.669
625.583
625.583
625.969
625.759
625.170
627.663
625.605
625.609
625.804
624.848
620.013
620.680
618.654
618.418
618.677
618.075
615.748
615.696
619.742
615.756
615.828
623.562
617.045
615.689
615.689
617.806
617.042
661.996
615.689
615.723
613.630
613.630
617.631
613.107
614.080
613.044
613.283
613.815
613.604
615.037
614.816
606.636
611.586
606.397
606.388
606.403
607.319
611.301
606.922
605.951
605.977
605.853
612.427
608.223
605.911
607.040
613.460
606.225
605.017
621.563
605.048
604.877
602.331
608.162
602.433
613.257
603.695
602.405
603.364
606.908
601.652
602.566
602.331
601.608
601.859
601.444
601.381
602.970
602.885
601.273
598.988
598.541
600.394
597.407
597.407
598.471
597.223
600.118
601.606
594.202
595.868
594.123
594.307
594.152
591.868
589.545
589.567
590.121
590.771
595.693
590.294
591.724
589.156
593.363
589.227
589.736
589.156
590.322
589.126
588.866
589.753
591.466
589.458
588.186
584.344
584.344
584.022
584.526
588.334
585.072
595.526
585.150
575.754
575.711
576.013
609.929
578.506
576.725
574.675
574.382
574.286
571.817
567.123
573.278
572.044
562.007
569.302
559.921
566.230
559.921
559.540
558.314
559.802
554.785
554.630
554.970
559.759
554.630
554.861
555.287
554.556
558.717
554.297
553.489
554.067
554.465
553.700
551.287
551.683
548.739
544.579
542.086
542.343
538.311
538.685
538.733
538.631
538.432
538.470
541.810
539.538
537.656
538.541
537.316
537.311
538.608
535.354
534.996
535.215
534.304
534.319
534.056
533.984
534.431
532.375
531.840
531.840
532.156
531.839
532.420
535.908
538.574
531.679
531.638
535.891
532.425
536.041
533.933
531.568
531.658
533.996
531.533
531.533
533.394
533.535
534.338
535.648
543.693
526.862
526.659
525.888
525.830
526.118
525.995
527.278
530.306
527.806
552.947
525.964
527.371
525.406
525.406
525.379
525.234
525.997
525.264
523.935
522.734
520.908
521.152
523.354
525.208
532.354
553.886
521.821
520.492
519.053
519.053
517.848
517.672
519.225
516.627

Error results for SA7
---------------------------
1041.092
1046.510
1046.004
1028.394
1027.340
1021.789
1022.229
1026.698
1031.963
1026.919
982.196
969.486
956.776
962.609
955.660
957.955
959.393
959.271
961.894
961.030
961.489
956.621
957.346
953.558
945.246
947.302
946.445
947.091
944.980
947.135
948.627
944.980
944.540
946.557
946.175
950.789
942.571
938.085
939.126
938.709
938.218
938.687
930.660
930.748
925.701
923.973
919.657
919.347
927.042
921.517
935.109
911.301
895.278
895.213
895.842
894.335
893.718
894.393
899.439
892.148
886.811
890.882
886.811
886.419
893.067
889.053
927.577
892.675
876.662
874.467
874.592
882.428
877.016
877.940
875.191
873.913
877.974
872.192
867.650
850.498
848.335
834.560
834.715
839.075
834.974
836.163
834.573
834.743
834.414
834.873
834.564
826.672
823.817
827.580
823.819
827.612
822.334
823.038
819.899
822.508
821.092
819.458
819.312
820.496
819.173
819.173
817.284
825.585
817.019
814.712
813.075
800.872
800.406
799.947
790.094
790.268
791.211
792.785
795.077
789.819
788.640
789.232
790.023
783.437
786.894
786.975
783.672
789.555
784.033
783.743
783.536
785.483
782.379
781.511
784.964
781.313
778.392
785.786
784.890
773.521
772.878
772.872
775.845
773.596
774.204
762.348
762.348
756.029
756.636
771.961
756.029
751.359
745.232
743.942
749.954
725.291
725.786
725.365
724.821
721.498
729.295
721.199
721.582
721.138
721.138
750.365
710.906
715.906
705.220
705.139
711.683
705.325
703.062
703.143
702.751
703.519
701.125
700.744
699.724
699.697
700.770
699.680
698.952
698.436
698.436
698.308
697.908
697.880
698.850
702.500
697.844
691.380
689.413
690.311
689.288
694.019
686.576
686.432
686.502
686.576
689.947
684.642
683.981
682.091
678.831
680.056
678.763
679.363
678.768
683.536
678.763
677.026
677.819
681.233
677.716
694.469
677.053
691.088
677.199
676.969
677.309
677.091
673.910
673.910
674.300
673.822
673.785
671.837
678.435
672.117
671.931
672.078
671.982
671.443
670.346
673.999
679.699
678.315
670.595
672.832
670.199
669.768
669.932
670.067
669.694
670.474
672.748
670.204
661.046
661.078
661.044
659.716
659.716
659.642
659.594
674.986
657.516
657.572
649.002
649.373
649.993
648.139
648.142
648.639
643.168
649.529
641.832
645.640
653.611
641.694
640.479
657.862
640.226
645.661
639.294
639.218
640.682
639.252
638.015
639.391
637.101
636.179
635.768
636.510
636.182
636.464
689.498
646.433
636.650
636.182
642.910
629.303
629.266
629.528
629.795
630.247
630.104
637.338
630.886
628.442
628.750
624.507
626.360
624.507
623.478
624.481
623.478
623.678
621.895
624.582
619.111
624.743
618.702
622.923
641.452
618.702
618.385
616.389
616.322
616.911
616.633
619.083
617.661
616.377
617.071
617.535
616.769
618.452
615.639
620.535
602.856
603.342
602.856
602.856
603.526
602.032
601.338
600.316
600.541
595.868
611.606
595.868
595.885
596.059
595.858
595.739
595.739
595.889
595.987
598.926
595.463
595.146
594.558
598.388
593.957
594.032
593.908
596.720
596.002
593.587
598.041
594.064
593.540
592.040
591.298
591.467
598.204
590.115
589.343
589.331
589.283
592.060
589.343
591.373
588.791
588.796
591.663
572.700
574.822
574.450
573.287
573.547
574.519
572.271
572.150
571.616
572.055
571.707
571.901
571.841
571.508
571.657
572.237
570.416
579.414
571.785
570.384
569.926
569.870
571.418
569.917
569.853
573.683
570.849
569.916
570.059
565.300
565.300
565.536
564.826
564.531
565.289
565.363
564.836
564.429
564.518
564.675
564.387
564.667
564.387
564.665
564.851
553.244
552.263
554.715
552.320
551.865
554.672
548.211
549.930
552.855
544.983
535.234
535.761
533.869
532.786
531.928
535.602
535.515
533.223
524.949
523.684
520.983
520.998
540.498
522.137
542.016
520.791
520.795
520.931
520.503
520.480
521.705
518.426
518.131
518.117
523.310
518.018
518.288
527.158
518.419
506.994
506.617
506.584
505.466
514.648
505.436
506.599
505.624
504.745
505.637
505.749
503.178
503.025
503.336
498.707
496.723
496.230
496.064
496.088
496.576
496.037
496.213
496.122
497.790
495.373
495.902
494.560
494.687
484.442
474.294
477.237
474.294
474.594
471.874
472.252
471.874
472.541
471.899
498.632

Error results for SA8
---------------------------
864.856
862.496
862.236
864.870
866.062
857.786
861.919
861.919
857.615
857.557
860.869
864.210
902.731
900.582
901.366
901.806
901.607
902.620
905.137
905.137
905.137
915.879
912.941
905.115
898.666
899.078
898.674
877.892
877.919
877.919
886.653
882.165
877.446
876.615
878.911
865.551
857.877
860.175
855.015
855.803
853.892
861.821
853.463
853.874
827.275
822.890
810.054
805.425
806.125
806.412
807.326
805.181
806.012
805.060
801.351
801.780
802.716
799.709
805.277
797.881
800.055
796.016
795.474
792.736
791.495
791.187
791.161
783.495
784.351
783.670
783.619
783.420
778.014
782.380
776.774
787.669
778.613
778.196
780.986
782.640
780.554
777.593
770.790
774.577
770.406
775.680
779.036
770.104
771.714
774.898
770.267
769.253
769.253
769.115
769.907
769.399
770.290
770.587
770.802
771.929
769.227
769.491
769.227
769.287
768.778
767.979
768.323
773.561
766.963
766.200
766.292
766.206
768.577
766.901
766.352
772.664
766.187
769.519
767.740
766.200
762.068
762.068
760.779
765.052
762.895
780.481
768.642
765.364
762.769
763.553
761.000
760.235
758.741
759.015
757.752
757.536
756.082
754.181
752.941
752.941
753.830
750.616
750.570
748.372
746.779
747.058
741.213
736.482
736.617
738.049
735.761
733.032
733.909
733.032
732.070
731.425
731.492
760.629
731.173
732.884
731.255
730.580
732.744
734.075
730.312
730.394
726.932
727.230
741.693
726.505
713.595
712.431
712.431
712.431
712.584
711.120
713.353
711.120
715.673
711.031
715.444
713.986
710.138
704.665
704.319
703.523
703.571
703.224
698.756
698.050
699.664
702.597
698.050
698.074
698.846
694.713
694.867
693.457
693.457
691.883
690.987
690.987
690.651
691.230
682.151
682.017
690.673
683.730
680.572
680.572
680.589
680.572
689.038
680.572
678.390
678.911
678.080
678.008
676.496
672.484
669.893
659.502
661.125
659.764
657.887
655.505
655.011
653.856
653.856
654.060
653.521
654.191
662.652
650.692
650.739
650.744
651.471
649.433
650.001
649.433
649.537
649.896
651.602
647.940
647.905
646.152
646.152
645.925
646.950
644.382
644.491
639.320
639.733
639.972
638.056
645.464
648.670
637.098
665.077
639.190
648.629
642.337
659.797
637.628
636.930
639.994
633.196
633.255
633.140
632.538
632.538
632.524
632.829
638.568
627.554
631.800
633.336
627.554
627.516
627.471
632.154
628.692
638.175
627.594
626.930
627.012
628.307
626.421
622.678
622.414
621.630
618.966
619.960
618.591
621.903
618.570
620.512
618.454
630.617
619.900
618.453
618.441
617.210
655.284
617.114
616.187
616.208
617.924
629.697
616.399
610.650
610.766
609.316
609.620
606.315
608.725
600.613
600.728
600.497
601.567
611.720
598.534
601.663
598.758
597.065
601.552
597.068
596.995
602.016
598.484
597.283
599.586
597.102
597.219
596.776
595.812
598.930
596.008
595.812
600.209
597.447
596.067
599.743
596.646
595.463
595.812
596.266
596.199
595.812
595.301
603.928
591.576
591.576
589.936
589.638
594.368
589.172
593.208
590.638
589.766
588.377
573.732
573.889
573.697
573.811
572.839
570.089
570.089
570.017
573.853
569.521
577.081
579.998
568.456
569.916
569.197
569.061
568.800
568.450
569.066
565.956
567.677
566.568
565.596
565.331
565.630
565.546
566.234
566.494
567.257
565.576
565.731
565.546
565.988
565.813
568.731
571.807
565.018
566.548
568.707
565.024
565.164
562.958
566.634
563.773
562.958
565.311
564.992
562.958
562.271
567.984
562.501
562.408
578.487
561.942
562.817
564.887
563.385
561.942
565.915
560.606
552.517
550.296
550.289
550.341
541.027
541.027
543.115
540.646
538.520
538.419
538.176
532.660
532.660
534.508
532.755
534.132
529.136
529.061
529.670
529.136
529.136
529.136
529.200
525.361
527.818
525.922
525.129
534.424
528.707
525.129
524.936
526.716
525.229
525.698
525.435
525.622
527.048
527.516
524.926
524.936
527.510
535.062
526.565
528.995
527.289
524.710
526.573
524.904
525.038
524.710
523.300
528.529
523.278
523.168
523.086
523.086
530.138
522.863
518.810
516.867
517.102
516.039
515.916
515.847
518.452
514.362
512.249
512.703
513.415
511.373
512.249
508.836
521.938
508.304
508.063
508.000
508.000
507.347
507.136

Error results for SA9
---------------------------
1016.001
1014.186
1015.026
1017.269
1014.252
1021.400
1022.660
1022.170
1044.654
1047.417
1061.759
1065.884
1062.335
1062.049
1069.754
1069.345
1069.345
1070.642
1070.642
1079.182
1065.557
1065.210
1063.764
1060.337
1059.669
1072.515
1059.669
1047.641
1046.795
1048.563
1046.199
1045.915
1029.371
1036.567
1029.828
1038.816
1035.313
1023.295
1030.868
1023.149
1022.993
1046.706
1022.467
1023.832
1022.792
1023.334
1020.992
1041.607
1015.145
1015.283
1014.205
1014.171
1009.864
1010.189
1010.401
1011.359
1022.918
1009.007
1008.463
1007.406
998.014
988.523
988.647
988.171
989.018
1020.147
988.171
988.171
987.794
986.616
978.207
976.062
975.900
975.900
968.224
968.453
968.288
969.424
968.280
965.343
969.186
965.578
968.274
1033.618
965.343
967.184
962.363
961.308
964.406
961.147
961.128
960.890
960.851
972.329
954.883
958.237
954.700
954.865
949.945
947.337
945.628
945.628
953.851
948.833
944.353
947.760
943.837
942.983
942.143
948.735
942.341
942.360
939.750
939.750
939.798
947.395
939.796
939.750
938.301
937.025
918.797
917.044
912.108
913.656
910.954
910.685
912.510
911.270
910.685
903.452
899.169
896.167
895.319
893.613
893.457
893.457
891.552
891.539
883.678
882.923
882.923
880.489
880.476
879.632
882.231
882.350
880.770
862.528
869.033
863.401
862.609
863.728
863.145
867.518
865.386
862.639
868.043
861.272
860.192
860.863
865.487
857.571
855.249
855.372
854.555
854.555
858.439
866.231
851.699
863.147
851.699
853.479
854.311
849.096
846.894
847.368
795.668
800.442
795.428
795.428
794.530
793.459
793.734
793.485
792.526
799.243
791.487
791.868
791.487
795.466
791.500
790.912
788.340
788.310
810.534
790.737
785.978
785.204
785.355
785.204
787.176
786.649
787.202
785.636
792.974
784.441
784.744
786.469
752.927
752.927
752.927
751.897
743.938
752.180
744.591
746.464
743.938
742.212
747.858
746.925
745.765
743.653
742.864
745.461
740.971
740.971
730.867
730.867
725.570
725.410
725.410
725.821
736.095
725.727
725.531
723.805
723.805
728.508
723.805
725.801
715.347
716.422
716.577
715.169
714.706
714.173
714.215
712.121
713.284
716.092
712.530
711.925
713.261
712.148
713.326
712.440
715.293
709.234
709.234
713.281
720.940
707.895
709.206
706.950
706.950
704.979
709.246
705.522
703.215
704.935
702.232
699.798
698.314
704.422
698.314
678.429
677.880
682.129
681.430
677.888
678.236
697.058
678.313
677.671
677.354
687.273
676.954
679.656
675.471
675.471
675.731
675.307
680.824
677.299
687.212
675.328
673.885
671.723
679.860
672.184
670.866
670.725
680.306
675.601
668.061
667.210
670.197
696.368
668.746
667.210
666.239
668.582
643.039
646.229
641.728
641.276
638.144
628.696
629.265
628.696
629.320
629.498
627.629
627.629
632.995
627.423
627.099
627.077
627.972
626.959
627.077
627.680
625.791
625.605
624.826
613.574
612.007
611.639
611.712
611.819
612.811
611.533
612.590
611.533
611.642
611.993
612.384
618.248
611.533
613.301
611.466
616.165
611.323
611.230
611.702
612.833
612.007
610.866
616.124
611.704
610.967
610.967
611.010
613.910
610.449
610.459
609.805
606.917
606.669
606.626
609.569
605.677
664.775
610.493
606.716
605.561
611.258
605.579
604.341
601.227
596.286
597.514
597.069
597.069
595.587
595.896
600.588
595.267
596.074
597.813
595.408
594.827
598.439
595.164
599.068
596.785
593.995
593.988
593.435
597.746
591.827
593.557
592.400
591.133
592.715
592.586
590.433
592.366
589.194
592.779
589.194
589.194
589.169
588.856
586.050
585.919
585.932
589.385
585.919
584.633
583.679
586.470
584.750
582.065
581.917
583.016
572.556
573.849
572.417
569.776
569.845
568.831
571.993
569.601
568.831
568.518
610.467
573.630
569.139
582.412
568.831
569.344
568.831
571.485
571.167
571.733
564.033
557.896
558.025
559.154
557.310
557.904
557.264
564.366
558.922
558.643
565.498
562.092
557.081
557.204
564.515
559.109
557.322
556.031
556.445
558.831
555.633
555.967
559.269
555.816
555.457
554.735
552.043
552.101
553.704
550.980
524.979
532.021
524.979
534.950
524.962
524.507
525.658
525.018
525.513
525.018
525.018
523.960
523.442
523.303
522.723
522.597
522.610
522.078
521.897
523.233
523.153
522.801
527.780
523.808

Error results for SA10
---------------------------
1019.989
1030.031
1025.320
996.464
994.074
991.789
995.091
995.152
989.162
989.162
986.204
988.135
979.740
978.079
978.434
978.644
963.698
959.129
957.770
956.840
956.790
970.566
970.588
970.182
968.557
959.342
998.386
949.437
951.584
949.411
949.485
950.212
949.891
949.860
947.511
942.236
937.534
924.147
923.841
923.841
931.538
923.785
923.918
923.841
923.841
924.281
923.841
927.453
926.566
923.797
923.797
931.460
923.562
928.976
929.744
929.349
922.202
933.993
922.202
923.486
924.125
923.443
922.714
921.861
922.161
917.157
915.406
916.977
915.406
911.971
909.306
909.382
909.498
908.511
910.898
906.658
906.574
905.425
908.349
905.203
893.556
893.045
880.487
874.744
878.489
875.211
879.040
854.307
852.845
861.753
857.930
844.261
844.086
844.107
844.196
843.716
844.253
852.415
849.403
843.724
838.223
846.341
838.208
837.989
840.521
837.205
828.599
828.866
828.886
829.341
831.358
826.434
825.158
831.307
825.437
821.472
838.366
829.814
824.732
829.826
820.874
821.535
818.483
817.085
815.175
815.197
817.551
831.536
813.464
815.149
806.302
802.501
801.337
808.808
801.006
801.156
797.993
789.526
789.025
784.472
784.268
774.910
773.769
774.037
770.992
770.371
770.973
771.515
764.187
762.014
761.959
761.423
761.231
763.659
682.731
681.444
681.413
678.232
678.671
685.188
678.009
677.450
677.900
668.667
675.668
668.667
677.671
670.569
669.602
671.009
668.915
668.574
670.163
682.778
663.258
685.927
662.289
659.372
657.472
658.661
657.472
657.482
660.116
657.074
654.467
655.115
657.535
654.717
653.645
651.708
651.730
654.039
652.215
649.796
652.464
649.742
668.734
649.888
648.210
647.863
648.092
638.739
638.596
643.116
640.808
639.520
640.753
638.737
642.826
632.956
633.249
636.665
633.249
633.691
632.756
633.804
632.454
632.613
632.155
634.372
633.134
634.444
637.087
632.491
632.273
631.652
633.844
631.329
637.477
633.371
639.702
635.805
632.685
636.594
631.340
634.474
630.468
630.721
622.506
623.681
622.455
622.455
622.455
624.594
622.662
616.935
621.418
617.478
626.600
620.340
619.093
613.284
612.790
610.441
609.730
610.074
609.730
626.514
619.659
609.484
608.717
614.721
605.711
609.877
605.844
605.928
605.209
607.565
605.090
607.237
601.565
600.441
603.543
600.853
600.794
600.794
602.367
574.677
575.128
575.027
573.206
570.956
569.127
558.415
562.152
562.697
555.711
557.024
560.274
568.275
555.193
554.434
554.349
552.935
557.377
553.093
553.738
553.878
537.907
537.909
542.383
541.234
546.724
538.643
537.907
538.233
541.137
540.530
540.298
537.422
537.604
539.921
541.844
538.934
540.572
544.104
541.168
537.660
537.362
536.499
522.853
525.791
524.763
524.201
520.346
523.605
520.346
521.009
520.339
522.953
519.110
519.248
518.714
508.039
508.039
508.034
510.492
506.424
506.453
513.191
505.903
505.695
508.647
509.511
504.250
504.250
494.262
493.772
493.633
494.285
489.843
489.928
489.997
489.985
488.993
493.879
488.820
497.253
495.524
488.989
489.828
488.830
483.441
483.502
483.519
483.225
490.222
480.978
479.199
479.118
481.182
479.022
479.190
479.022
478.139
478.528
478.751
478.528
483.318
478.572
478.522
481.717
478.327
487.872
490.626
477.312
477.869
478.862
477.792
478.602
477.312
481.564
495.686
480.250
477.260
476.991
478.230
479.101
476.611
475.442
475.442
482.283
476.739
475.442
474.271
474.394
474.344
473.274
475.015
473.009
473.593
473.463
473.620
472.921
471.811
475.335
471.811
471.569
473.084
471.650
471.136
473.164
471.825
471.136
471.145
471.144
470.727
471.166
471.736
468.910
470.216
468.643
496.769
466.822
458.926
460.039
458.889
457.480
457.462
458.160
459.903
457.562
457.567
459.236
455.201
455.201
459.053
454.996
455.397
454.178
454.179
455.386
453.713
454.654
454.496
453.651
453.350
456.078
452.466
459.580
452.466
453.341
455.040
452.334
452.201
452.183
450.619
451.309
451.276
450.032
457.225
449.349
448.035
445.643
453.513
444.932
445.014
444.611
445.615
432.280
435.733
432.283
431.229
434.887
431.804
437.447
432.667
432.276
433.032
432.339
432.276
436.416
431.405
431.943
430.040
430.074
430.350
429.915
429.804
429.639

--------------------------------------------
Results for SA1: 
--------------------------------------------
Correctly classified (TEST) 2862.0 instances.
Incorrectly classified (TEST) 455.0 instances.
Percent correctly classified (TEST): 86.283%

Correctly classified (TRAIN)6640.0 instances.
Incorrectly classified (TRAIN) 1098.0 instances.
Percent correctly classified (TRAIN): 85.810%

Training time: 37.087 seconds
Testing time: 0.260 seconds

--------------------------------------------
Results for SA2: 
--------------------------------------------
Correctly classified (TEST) 2736.0 instances.
Incorrectly classified (TEST) 581.0 instances.
Percent correctly classified (TEST): 82.484%

Correctly classified (TRAIN)6378.0 instances.
Incorrectly classified (TRAIN) 1360.0 instances.
Percent correctly classified (TRAIN): 82.424%

Training time: 36.435 seconds
Testing time: 0.121 seconds

--------------------------------------------
Results for SA3: 
--------------------------------------------
Correctly classified (TEST) 2631.0 instances.
Incorrectly classified (TEST) 686.0 instances.
Percent correctly classified (TEST): 79.319%

Correctly classified (TRAIN)6121.0 instances.
Incorrectly classified (TRAIN) 1617.0 instances.
Percent correctly classified (TRAIN): 79.103%

Training time: 34.187 seconds
Testing time: 0.094 seconds

--------------------------------------------
Results for SA4: 
--------------------------------------------
Correctly classified (TEST) 2795.0 instances.
Incorrectly classified (TEST) 522.0 instances.
Percent correctly classified (TEST): 84.263%

Correctly classified (TRAIN)6520.0 instances.
Incorrectly classified (TRAIN) 1218.0 instances.
Percent correctly classified (TRAIN): 84.259%

Training time: 35.116 seconds
Testing time: 0.094 seconds

--------------------------------------------
Results for SA5: 
--------------------------------------------
Correctly classified (TEST) 2778.0 instances.
Incorrectly classified (TEST) 539.0 instances.
Percent correctly classified (TEST): 83.750%

Correctly classified (TRAIN)6450.0 instances.
Incorrectly classified (TRAIN) 1288.0 instances.
Percent correctly classified (TRAIN): 83.355%

Training time: 33.075 seconds
Testing time: 0.093 seconds

--------------------------------------------
Results for SA6: 
--------------------------------------------
Correctly classified (TEST) 2786.0 instances.
Incorrectly classified (TEST) 531.0 instances.
Percent correctly classified (TEST): 83.992%

Correctly classified (TRAIN)6468.0 instances.
Incorrectly classified (TRAIN) 1270.0 instances.
Percent correctly classified (TRAIN): 83.587%

Training time: 32.652 seconds
Testing time: 0.100 seconds

--------------------------------------------
Results for SA7: 
--------------------------------------------
Correctly classified (TEST) 2773.0 instances.
Incorrectly classified (TEST) 544.0 instances.
Percent correctly classified (TEST): 83.600%

Correctly classified (TRAIN)6457.0 instances.
Incorrectly classified (TRAIN) 1281.0 instances.
Percent correctly classified (TRAIN): 83.445%

Training time: 33.681 seconds
Testing time: 0.087 seconds

--------------------------------------------
Results for SA8: 
--------------------------------------------
Correctly classified (TEST) 2763.0 instances.
Incorrectly classified (TEST) 554.0 instances.
Percent correctly classified (TEST): 83.298%

Correctly classified (TRAIN)6448.0 instances.
Incorrectly classified (TRAIN) 1290.0 instances.
Percent correctly classified (TRAIN): 83.329%

Training time: 32.212 seconds
Testing time: 0.077 seconds

--------------------------------------------
Results for SA9: 
--------------------------------------------
Correctly classified (TEST) 2741.0 instances.
Incorrectly classified (TEST) 576.0 instances.
Percent correctly classified (TEST): 82.635%

Correctly classified (TRAIN)6376.0 instances.
Incorrectly classified (TRAIN) 1362.0 instances.
Percent correctly classified (TRAIN): 82.399%

Training time: 27.013 seconds
Testing time: 0.064 seconds

--------------------------------------------
Results for SA10: 
--------------------------------------------
Correctly classified (TEST) 2893.0 instances.
Incorrectly classified (TEST) 424.0 instances.
Percent correctly classified (TEST): 87.217%

Correctly classified (TRAIN)6806.0 instances.
Incorrectly classified (TRAIN) 932.0 instances.
Percent correctly classified (TRAIN): 87.956%

Training time: 26.318 seconds
Testing time: 0.132 seconds