Error results for SA1
---------------------------
1078.996
1079.438
1086.647
1090.569
1103.330
1100.156
1108.760
1110.415
1110.761
1110.892
1113.711
1115.313
1115.401
1115.791
1113.240
1125.101
1124.973
1124.965
1119.687
1129.300
1143.314
1148.164
1148.164
1150.686
1164.693
1165.029
1169.434
1181.320
1180.872
1151.995
1148.870
1148.832
1147.908
1148.443
1149.453
1141.344
1150.364
1144.763
1144.546
1151.915
1151.251
1142.586
1137.216
1138.768
1138.768
1140.320
1138.964
1139.616
1138.463
1139.687
1134.710
1134.590
1134.667
1140.994
1134.624
1157.367
1157.367
1157.367
1159.836
1160.043
1165.191
1158.590
1159.954
1159.954
1162.645
1153.345
1143.873
1143.873
1141.011
1147.663
1134.038
1137.044
1134.290
1133.419
1134.232
1136.002
1138.908
1144.116
1117.912
1116.564
1118.070
1116.564
1116.564
1124.773
1105.493
1138.207
1100.288
1101.321
1100.615
1100.404
1101.387
1106.095
1083.083
1086.424
1093.341
1080.596
1094.355
1080.795
1081.032
1081.572
1080.596
1079.760
1080.021
1078.773
1076.541
1073.815
1074.221
1085.484
1073.648
1072.779
1070.766
1070.786
1060.248
1058.652
1058.669
1058.652
1068.704
1059.086
1058.026
1049.341
1103.573
1047.390
1049.411
1047.142
1039.500
1038.276
1040.409
1038.043
1039.067
1038.269
1038.550
1038.043
1046.588
1033.090
1033.090
1033.119
1032.762
1027.818
1027.547
1027.197
1018.866
1016.722
1021.667
1019.907
1017.595
1012.180
1009.198
1009.621
1004.622
1005.460
1010.630
1005.102
1005.576
1008.561
1005.727
1008.113
998.568
999.230
1004.083
988.305
987.297
986.113
986.053
984.887
988.951
984.958
984.925
985.705
983.218
983.045
984.234
997.830
979.415
979.337
978.091
978.405
976.101
975.283
978.911
975.080
973.343
973.343
971.175
979.566
974.725
968.532
971.316
968.394
968.197
967.529
974.374
966.964
967.795
967.097
965.846
961.889
965.490
965.339
960.828
964.594
965.644
959.462
941.833
942.687
918.819
930.016
917.457
916.426
916.426
915.574
915.097
907.947
909.961
907.947
906.692
905.244
904.912
894.880
905.115
893.063
893.063
892.404
898.226
892.295
887.434
874.435
873.340
877.333
892.436
873.813
866.039
851.198
850.296
844.978
847.860
845.171
844.267
843.255
843.145
859.019
842.473
845.893
842.470
844.996
837.802
838.412
838.205
830.272
829.787
854.421
824.258
824.258
823.756
835.495
821.623
824.680
821.174
821.086
826.408
820.761
820.516
820.634
822.464
814.710
822.708
814.760
815.832
813.828
813.926
815.448
772.269
773.091
780.284
769.560
769.787
773.836
761.990
762.721
760.469
762.888
758.697
760.244
758.848
759.123
759.462
758.764
761.705
759.161
762.895
757.124
781.260
756.975
777.246
752.402
746.493
747.841
740.828
739.055
733.239
724.007
726.146
732.853
724.007
726.309
724.897
724.257
723.114
723.826
723.102
721.960
716.188
715.020
714.528
709.083
709.011
708.910
701.864
702.500
699.869
706.968
688.694
688.241
687.700
693.346
685.789
692.416
691.554
688.854
685.789
687.200
660.691
660.691
660.223
655.453
637.152
636.932
636.499
636.356
632.324
632.392
632.392
632.437
630.795
630.138
628.334
628.334
628.410
628.334
629.601
629.311
627.271
634.407
627.221
629.822
627.022
631.227
627.091
621.916
622.766
621.884
628.732
634.783
627.418
621.884
621.600
630.788
620.948
617.586
618.129
615.890
613.517
613.561
613.307
613.170
652.899
613.174
609.728
609.757
609.756
610.614
609.701
609.710
609.766
610.603
609.870
609.991
612.653
610.093
608.208
608.316
611.569
605.658
601.359
599.720
603.958
601.133
599.848
599.742
599.885
600.124
621.982
602.121
602.036
597.644
595.462
595.366
595.498
594.449
594.684
583.483
590.613
583.518
585.293
583.470
583.649
583.484
585.651
581.852
582.270
578.769
580.754
575.462
575.676
576.696
576.167
574.506
573.757
589.924
560.129
563.710
560.151
559.424
561.407
557.878
552.769
553.004
552.838
553.046
553.146
557.793
552.725
552.180
558.414
551.864
552.722
551.260
554.380
554.126
551.723
550.504
552.817
550.403
550.781
551.400
554.952
550.073
550.001
548.526
549.434
551.409
547.208
546.488
556.651
546.392
563.607
546.568
543.865
548.819
528.013
527.022
528.013
538.633
527.952
537.094
528.921
529.083
526.131
524.716
526.449
524.289
529.164
522.585
525.203
522.585
521.537
522.085
521.442
521.189
521.301
524.349
523.649
524.519
519.959
512.611
519.329
512.850
511.535
511.629
511.798
509.723

Error results for SA2
---------------------------
1144.595
1163.406
1167.764
1165.483
1165.144
1166.907
1166.907
1165.717
1168.330
1172.261
1166.752
1171.919
1172.274
1160.168
1154.020
1152.787
1175.287
1187.774
1187.727
1185.295
1313.367
1319.141
1319.092
1324.155
1319.382
1318.166
1316.813
1317.109
1324.266
1322.168
1319.216
1319.086
1280.678
1280.052
1256.844
1248.711
1250.343
1243.437
1243.437
1249.270
1199.125
1194.651
1192.563
1192.817
1194.458
1192.743
1196.838
1189.362
1189.362
1141.609
1142.254
1143.829
1143.899
1145.173
1147.434
1148.715
1148.715
1152.876
1152.781
1150.496
1150.915
1154.154
1149.388
1148.908
1146.535
1140.335
1136.594
1151.161
1112.210
1112.210
1111.554
1112.012
1094.761
1092.107
1103.725
1080.671
1075.967
1078.313
1074.693
1070.264
1068.354
1065.555
1065.558
1054.443
1054.521
1057.313
1060.602
1063.923
1050.132
1047.631
1050.198
1065.028
1047.800
1025.320
1025.339
1036.368
1026.436
1025.560
1025.222
1039.315
1025.748
1024.253
1024.253
1017.961
1017.765
1014.887
1014.090
1011.682
985.008
986.069
983.065
987.898
991.945
983.405
983.049
987.845
980.850
971.216
974.461
971.035
965.594
971.053
969.639
965.676
957.395
958.848
956.827
955.162
952.351
956.092
957.828
949.236
949.536
949.625
947.196
947.015
947.063
943.469
942.701
949.456
947.296
931.523
939.711
930.620
931.677
925.401
925.241
925.561
925.250
927.545
925.447
925.682
918.272
913.211
918.716
910.368
910.241
910.108
910.843
910.013
910.885
917.044
904.952
903.713
884.237
880.472
881.613
878.145
850.886
880.042
851.126
847.451
847.399
845.043
845.787
841.687
841.801
840.160
839.703
840.365
842.689
854.678
839.703
849.024
839.703
895.122
840.681
839.829
838.628
840.103
839.955
846.867
846.574
847.126
802.943
802.943
804.080
803.047
803.125
803.714
805.476
812.894
802.943
794.611
798.883
793.678
782.380
781.649
782.458
784.486
776.790
776.790
780.020
775.945
777.398
785.580
772.211
772.225
771.482
772.148
772.578
772.436
773.466
770.292
770.292
772.780
768.781
768.781
770.379
768.781
767.465
766.655
764.591
766.563
765.033
763.656
764.591
761.341
764.314
762.192
762.452
759.432
762.842
752.873
758.805
752.446
752.296
750.234
745.849
745.594
742.158
740.661
741.796
740.567
742.812
740.567
731.855
730.433
730.433
730.047
730.088
728.440
722.031
727.522
723.862
724.435
721.900
721.531
720.385
721.947
719.364
722.443
723.904
721.965
719.364
716.501
716.545
709.934
719.788
704.103
707.998
704.489
704.075
706.328
704.075
702.732
702.814
702.907
702.868
705.141
707.122
703.146
715.448
704.541
703.309
703.696
702.455
704.785
702.455
703.711
707.904
702.231
713.826
699.035
699.681
697.160
696.601
696.934
712.163
696.579
695.930
697.662
693.289
694.673
695.040
691.985
710.721
691.552
691.766
690.353
689.485
688.682
690.320
695.382
692.483
695.049
685.861
685.008
684.074
686.023
682.460
683.488
679.286
678.667
676.120
677.132
676.726
676.039
677.327
676.514
676.310
676.532
678.079
684.026
676.605
676.039
671.693
664.724
667.139
664.474
664.460
664.674
664.454
664.100
672.333
673.790
662.905
663.826
662.898
665.215
658.436
657.653
645.943
645.943
669.824
645.943
645.705
642.813
642.757
642.500
642.863
642.474
642.474
641.182
642.383
642.557
640.806
640.866
640.799
642.181
640.901
638.257
638.290
639.771
632.446
632.446
633.775
632.112
626.585
626.585
626.416
626.664
626.169
625.957
626.813
624.179
625.221
624.179
625.234
625.222
623.302
626.903
636.514
623.167
624.119
629.122
625.515
624.482
624.089
623.212
619.500
619.343
615.562
615.562
614.475
614.704
607.237
607.237
607.548
607.387
605.830
600.088
599.924
597.833
598.197
597.928
597.736
596.595
595.842
595.553
595.621
595.553
595.323
594.351
594.351
595.985
594.121
595.254
594.470
593.157
591.449
591.638
591.501
590.765
590.567
604.692
595.431
590.554
589.259
589.393
588.303
588.248
586.583
587.347
581.109
581.880
582.201
581.019
582.253
580.831
581.740
564.203
566.558
566.685
564.375
564.576
565.074
563.971
563.559
563.381
564.350
563.233
561.558
564.835
562.121
550.644
550.644
549.824
549.990
549.505
551.768
549.631
542.797
542.379
541.948
535.746
535.568
537.591
535.842
535.679
534.768
535.555
535.690
535.293
535.386
535.588
535.386
536.200
536.201
535.744

Error results for SA3
---------------------------
914.653
917.659
948.925
949.494
953.060
952.717
952.384
956.774
929.699
953.827
952.730
939.920
955.825
952.914
956.189
937.084
928.583
924.758
923.691
934.221
935.357
937.725
919.036
922.071
923.907
930.531
931.670
924.450
923.547
927.686
924.661
925.056
942.139
942.094
942.094
942.094
933.571
941.092
942.533
945.639
949.194
956.249
956.590
957.921
957.982
963.919
964.088
956.540
949.081
945.947
917.467
923.298
921.388
905.761
905.427
908.182
908.837
909.052
914.955
914.987
915.901
924.609
915.534
923.732
923.673
916.067
914.034
908.860
911.234
908.602
891.642
891.655
895.946
882.157
881.575
881.577
887.204
875.966
873.580
873.490
865.434
863.729
862.442
864.099
859.873
859.873
857.593
856.991
859.486
854.767
866.245
856.813
855.338
847.109
847.646
848.053
847.494
846.036
846.231
846.282
846.959
846.191
847.284
851.847
846.278
846.990
843.470
843.467
845.012
841.784
838.278
852.176
839.770
838.370
838.936
837.425
837.860
831.152
831.442
830.581
841.345
831.907
835.238
848.036
824.806
832.734
814.195
817.950
814.197
815.843
813.998
813.782
813.833
808.951
808.879
809.042
812.156
807.660
804.020
798.788
798.494
804.248
796.375
793.460
787.858
779.535
779.464
773.209
776.718
784.672
769.782
780.124
769.663
769.684
769.706
769.343
769.284
769.469
769.530
769.468
768.687
763.463
768.323
762.654
760.425
769.098
760.234
766.887
730.017
729.333
705.708
710.392
698.251
704.176
698.233
698.189
698.189
698.268
699.537
696.282
694.084
695.430
697.361
697.036
687.969
688.939
688.331
684.179
679.971
686.300
677.709
664.339
664.458
664.559
659.421
657.979
661.795
660.399
659.718
654.157
654.510
642.814
642.814
644.048
652.373
642.812
642.812
641.609
640.594
628.968
628.493
628.679
628.756
630.820
628.914
628.679
626.450
636.757
626.415
626.769
637.643
630.938
625.442
625.432
629.268
624.974
625.078
624.352
623.977
641.866
617.930
618.074
621.278
618.663
619.253
598.007
598.007
597.812
597.981
598.256
597.981
597.579
613.032
597.326
592.806
592.896
592.582
589.640
593.758
589.754
590.366
589.640
588.774
588.976
589.527
588.774
651.632
594.886
589.544
582.581
582.583
579.138
581.031
578.937
582.118
583.361
579.479
578.937
561.920
562.959
565.696
561.951
562.862
562.359
564.792
561.845
561.071
561.062
561.344
559.306
586.811
559.620
559.306
564.730
560.311
558.147
572.793
557.790
557.793
555.903
556.992
557.135
555.885
555.885
556.110
554.612
555.453
549.111
545.076
545.890
545.074
543.555
543.654
544.162
550.909
542.331
554.849
540.872
540.730
541.081
538.369
534.178
534.303
536.090
539.411
535.277
542.557
534.359
526.955
527.133
527.154
524.255
524.210
528.071
524.252
523.962
523.949
535.694
524.777
522.922
520.826
521.008
521.204
505.002
504.992
512.851
503.538
503.302
504.757
503.357
501.894
502.437
503.062
501.894
501.982
502.094
498.298
498.780
498.088
509.705
497.963
497.928
497.623
496.683
499.977
496.878
497.563
497.185
497.023
499.366
499.621
497.993
497.896
511.071
499.975
505.322
494.869
494.681
495.889
495.016
495.328
495.166
499.393
494.360
497.440
494.738
502.007
499.432
513.280
494.272
493.824
493.825
506.060
509.734
492.921
492.892
492.940
497.494
492.382
493.361
492.439
493.089
492.113
492.448
493.263
492.433
492.199
492.975
492.216
494.131
491.815
491.725
490.499
490.298
494.085
490.319
491.732
490.229
485.388
485.531
485.388
485.449
485.449
485.071
483.104
480.679
482.407
480.506
480.592
480.505
480.351
480.664
480.513
477.420
476.788
476.862
476.788
476.788
477.277
476.655
476.655
474.799
472.328
480.827
472.493
472.373
472.326
477.484
471.056
468.116
468.290
470.588
467.848
493.577
475.449
467.056
467.373
473.762
467.095
467.515
478.841
467.102
467.095
466.863
465.511
465.018
465.288
465.336
485.399
460.651
457.244
452.669
452.404
452.872
452.029
451.065
450.405
450.257
453.957
452.275
449.844
449.844
455.432
441.213
439.722
437.920
439.215
438.396
438.396
436.791
447.830
437.459
436.789
437.528
437.702
437.750
441.247
436.177
435.725
435.968
435.720
435.932
432.786
432.786
432.664
441.628
435.223
432.643
433.119
433.072

Error results for SA4
---------------------------
1008.664
1004.289
1014.977
1019.516
1040.191
1051.497
1051.497
1051.497
1050.453
1048.184
1048.184
1048.138
1045.183
1046.328
1041.111
1041.747
1049.166
1057.336
1065.834
1068.750
1062.886
1065.453
1067.177
1073.379
1072.475
1058.426
1030.469
1030.518
1032.469
1031.094
1031.682
1031.809
1041.705
1049.101
1052.294
1044.881
1043.532
1043.723
1044.154
1037.989
1040.429
1052.417
1051.412
1051.859
1038.390
1035.097
1035.145
1024.947
1033.367
1031.786
1053.206
1053.212
1047.776
1068.042
1065.680
1062.894
1063.173
1063.968
1065.669
1066.505
1065.564
1029.783
1024.537
1019.332
1028.272
1019.349
1012.161
1011.335
1011.335
1002.013
1001.861
1001.861
1003.801
999.455
1001.440
993.576
987.713
997.607
1007.638
987.969
982.957
976.846
980.196
979.198
974.089
961.441
948.100
948.808
950.028
941.484
946.737
941.484
940.425
939.185
934.917
924.521
928.650
928.594
925.787
924.498
924.498
934.483
924.498
925.669
926.827
923.951
924.538
919.284
941.943
900.753
895.303
890.683
889.705
889.705
884.541
886.160
884.550
882.805
887.254
881.945
880.228
877.399
877.433
876.186
876.192
875.594
879.454
870.805
872.761
870.560
869.752
871.017
869.817
865.224
866.656
859.778
853.174
852.719
847.023
847.200
855.482
847.673
843.083
844.161
840.942
887.706
840.456
840.406
845.210
839.736
813.184
812.114
811.241
811.021
813.783
810.305
804.175
818.623
805.497
803.788
803.788
812.063
814.591
803.302
802.017
796.060
796.789
789.432
787.900
787.707
788.203
790.204
790.889
782.421
780.541
780.377
782.575
780.581
775.797
777.270
765.898
786.646
764.333
765.847
764.447
764.691
764.333
768.128
764.106
764.046
763.835
769.037
763.323
764.695
763.631
763.624
770.337
763.730
763.779
763.453
766.708
766.327
762.690
763.810
748.905
747.340
745.855
746.026
746.231
747.132
753.304
744.839
745.995
745.535
743.405
743.631
742.240
751.136
740.064
740.551
736.351
739.828
740.460
736.044
736.461
731.110
734.029
731.110
730.511
736.425
730.397
723.558
723.735
722.936
727.596
723.234
721.229
721.324
717.783
720.138
722.311
716.788
716.389
716.346
716.490
715.690
721.857
712.975
714.027
712.351
709.925
708.274
709.038
706.595
710.387
707.511
706.965
706.638
721.368
707.141
709.304
704.259
701.534
701.399
697.893
699.484
702.999
692.232
692.769
691.363
691.216
694.015
691.259
682.798
686.771
685.397
682.686
699.856
677.651
677.040
677.072
675.295
683.432
675.828
674.648
674.648
674.916
666.886
668.645
666.820
667.993
666.292
665.771
665.771
666.439
665.641
664.736
667.118
664.738
664.812
672.899
664.036
664.036
662.395
661.392
658.323
659.883
658.263
658.576
658.780
658.323
658.339
647.565
647.527
650.851
655.637
641.117
643.870
642.475
642.325
640.751
639.075
638.031
638.923
641.040
637.975
638.931
637.316
610.281
604.360
604.485
605.953
604.340
603.654
606.593
603.654
605.412
604.004
599.845
600.620
600.421
599.902
600.488
600.696
600.618
600.040
599.930
602.784
600.076
600.037
600.638
596.096
596.142
597.562
601.305
595.703
595.255
594.964
596.880
617.692
594.714
594.492
594.906
617.737
595.178
593.245
595.723
591.604
598.887
591.409
594.127
595.816
593.552
591.470
594.410
591.295
591.508
591.205
590.973
590.973
592.806
590.783
591.333
590.830
590.935
594.907
596.083
592.366
595.136
590.701
593.180
589.256
589.262
588.864
588.864
588.272
588.519
588.247
588.238
591.354
589.124
597.748
595.117
587.481
586.314
586.861
584.435
584.495
582.737
586.364
584.199
582.525
583.650
583.721
583.999
583.316
582.460
581.422
581.422
584.788
581.109
604.232
571.711
571.325
576.492
572.641
571.553
571.261
573.376
571.261
573.654
569.978
570.008
571.131
569.545
569.003
569.207
568.868
569.588
568.549
571.043
562.873
562.442
562.333
562.333
564.552
562.400
562.004
562.303
562.342
562.001
560.651
560.651
561.874
567.593
558.577
558.674
558.670
556.140
556.326
555.582
554.044
554.263
553.761
553.800
552.553
552.435
552.903
553.379
550.328
549.913
548.796
548.906
548.867
543.771
543.771
543.403
542.187
541.848
545.033
535.422
534.599
535.568
542.727
535.945
535.120
534.316
535.155
534.251
534.435
534.285
534.251
534.472
536.122
532.174
532.366
532.795
532.711
532.866
536.168

Error results for SA5
---------------------------
1369.364
1372.471
1372.471
1372.457
1360.527
1362.701
1352.584
1353.178
1351.397
1345.612
1338.548
1336.837
1336.837
1340.495
1339.962
1335.765
1334.977
1332.508
1330.332
1324.851
1324.851
1324.851
1315.776
1319.489
1315.258
1321.827
1326.423
1324.486
1342.421
1342.315
1349.622
1349.622
1348.117
1346.250
1345.010
1345.010
1345.022
1341.432
1341.580
1340.990
1343.056
1337.576
1338.581
1327.047
1331.737
1346.178
1364.155
1358.985
1356.729
1354.136
1338.943
1331.659
1330.224
1334.501
1336.734
1334.516
1339.696
1340.993
1339.315
1341.963
1364.902
1343.199
1343.636
1346.728
1343.199
1342.657
1331.459
1333.294
1341.078
1334.104
1336.362
1331.459
1331.459
1331.459
1334.620
1331.782
1332.532
1330.426
1334.003
1332.885
1330.557
1341.045
1330.576
1334.004
1331.654
1330.459
1327.534
1331.797
1330.485
1336.315
1326.906
1336.627
1338.262
1325.829
1326.533
1336.614
1326.131
1322.516
1322.503
1322.500
1317.315
1315.899
1316.078
1315.867
1315.899
1313.403
1311.586
1314.333
1311.149
1311.360
1310.804
1310.000
1319.031
1312.286
1286.432
1286.334
1288.010
1290.242
1291.475
1183.015
1178.461
1179.197
1171.241
1171.603
1173.944
1166.945
1169.361
1161.308
1146.509
1143.581
1143.008
1142.204
1143.078
1142.204
1125.794
1128.884
1134.933
1139.207
1125.593
1127.099
1126.493
1125.685
1127.051
1123.264
1122.418
1115.875
1115.255
1121.292
1127.456
1115.255
1114.524
1114.274
1105.615
1108.668
1115.259
1109.073
1106.035
1105.347
1103.468
1102.033
1102.290
1102.573
1088.634
1088.634
1089.294
1091.637
1088.614
1087.016
1087.016
1090.621
1085.108
1080.629
1080.596
1069.118
1070.855
1072.569
1069.393
1069.639
1070.663
1068.792
1068.952
1084.234
1068.050
1080.946
1067.575
1068.896
1070.475
1065.280
1065.359
1065.967
1068.472
1049.954
1050.664
1045.763
1044.147
1044.759
1043.231
1044.273
1043.631
1043.631
1042.752
1043.041
1035.751
1036.647
1036.639
1033.148
1033.256
1031.223
1022.949
1021.199
1021.221
1015.561
1015.867
1015.578
1013.261
1013.795
1024.087
1013.053
1009.288
1009.641
1009.739
1009.294
1009.760
1012.242
1009.376
1009.718
1008.453
1007.535
1008.453
1011.592
1007.648
1007.784
1008.454
1008.701
1011.983
1007.651
1004.841
1005.392
1005.199
1004.619
1006.023
1008.181
1005.380
1003.449
1003.444
1003.444
1005.074
1001.811
1004.202
1002.085
998.820
1000.218
1003.403
998.974
998.612
1000.504
998.897
1006.828
997.260
998.797
1003.393
996.480
997.576
995.920
998.863
997.983
1004.928
997.029
991.795
1001.208
994.568
985.465
985.541
994.841
984.985
984.985
984.076
985.259
984.048
984.512
985.240
983.986
987.182
993.235
983.349
983.713
983.146
983.261
992.471
980.490
972.165
968.044
966.768
966.076
959.951
960.134
964.225
973.041
957.632
958.847
957.768
953.832
943.226
941.439
942.172
941.564
941.826
941.925
940.946
945.837
947.750
940.454
941.268
939.898
952.435
946.236
941.179
940.297
940.742
940.184
938.801
943.522
941.561
938.942
934.835
932.255
942.460
931.350
934.939
931.788
931.354
925.953
934.548
927.059
926.534
932.182
925.526
920.259
920.259
924.838
920.133
922.695
918.964
918.732
936.314
921.464
915.810
913.920
908.252
906.729
905.056
905.651
901.568
898.524
898.344
903.387
898.412
900.679
898.411
898.571
881.799
882.720
933.769
890.753
886.512
883.155
882.629
880.965
880.965
880.965
880.420
881.206
882.539
880.534
891.492
880.169
881.638
880.572
882.980
880.855
880.420
879.618
882.503
878.284
883.940
878.218
877.509
873.872
873.799
873.430
878.377
873.361
871.909
867.492
871.188
866.523
865.379
868.232
863.695
859.124
859.600
858.883
859.313
856.818
860.111
856.755
856.429
855.611
856.754
856.202
855.646
861.158
856.007
949.601
858.466
856.866
856.852
850.509
850.334
850.974
851.300
850.015
850.334
847.801
850.903
847.910
844.204
843.603
843.895
844.127
821.323
827.899
822.648
821.322
825.944
822.581
819.983
822.481
820.715
815.291
816.776
816.989
815.291
815.274
814.488
815.524
814.269
814.478
814.040
818.656
817.913
813.616
814.324
815.579
814.026
811.408
812.289
811.439
821.001
818.476
811.338
810.558
815.411
810.946
810.792
808.765
810.565
814.288
809.731
812.075
807.400
807.490
807.494
807.348
809.353
806.690
807.520
806.368
806.350
806.398
806.686
806.350
807.102
799.568
799.493
800.735
800.472
799.344
800.224
799.092
801.770
799.830
799.416
798.972
798.956
800.100
799.279
800.606
795.734
797.491

Error results for SA6
---------------------------
1211.787
1233.898
1234.155
1257.953
1248.213
1246.179
1245.691
1249.839
1244.551
1226.051
1225.866
1223.517
1224.509
1220.565
1220.052
1220.248
1220.005
1218.808
1217.077
1221.189
1200.959
1206.822
1208.293
1209.796
1208.835
1210.151
1215.040
1215.040
1187.054
1193.397
1192.634
1193.800
1181.208
1171.049
1169.836
1169.836
1169.684
1169.333
1169.445
1172.482
1171.532
1164.679
1165.782
1163.291
1169.742
1180.483
1173.609
1173.527
1180.431
1178.404
1181.283
1184.077
1181.594
1178.272
1173.198
1179.068
1174.212
1171.778
1202.646
1169.674
1241.603
1156.456
1156.122
1155.522
1179.940
1157.627
1155.920
1158.801
1164.496
1159.636
1155.522
1130.107
1124.765
1124.884
1124.765
1124.764
1125.453
1133.668
1122.724
1123.466
1126.239
1124.231
1120.658
1115.630
1121.855
1115.630
1109.168
1109.168
1104.338
1095.722
1092.923
1091.675
1090.576
1096.822
1100.886
1087.477
1086.981
1089.528
1082.474
1080.039
1080.760
1080.844
1082.085
1079.987
1073.970
1057.071
1058.780
1057.071
1057.351
1043.271
1041.105
1041.727
1040.118
1043.304
1040.933
1040.128
1043.297
1039.312
1038.803
1039.284
1033.621
1031.654
1039.122
1043.109
1031.439
1031.439
1030.900
1026.339
1023.482
1023.035
1024.311
1024.626
1024.882
1025.083
1025.140
1023.908
1025.180
1023.327
1023.176
1023.550
1026.896
1023.384
1022.124
1022.415
1021.586
1022.076
1021.428
1017.992
1017.887
1018.114
994.016
976.377
977.414
976.371
976.211
979.205
975.803
987.620
976.166
973.925
972.848
973.462
970.370
967.184
967.240
965.188
976.336
965.364
965.744
965.637
966.796
966.089
965.277
965.872
973.226
962.536
964.166
963.391
962.457
962.527
966.471
954.606
957.393
952.429
952.672
947.002
948.104
947.396
947.548
946.694
946.760
946.305
949.167
946.298
944.735
951.683
940.534
941.295
945.840
940.875
941.204
943.401
945.054
940.730
938.030
936.354
936.354
935.024
933.849
935.987
942.585
932.411
932.760
932.430
931.421
931.642
927.403
928.603
924.282
923.018
922.846
921.730
933.484
921.326
923.068
921.150
926.765
924.002
921.311
919.762
918.028
918.260
918.210
918.028
934.747
917.133
915.558
920.642
914.674
913.302
912.817
916.351
914.984
912.817
934.305
910.099
910.099
902.337
902.985
901.969
897.007
897.007
897.007
895.837
895.755
895.755
900.138
911.584
895.870
895.573
893.687
896.388
892.381
898.402
895.115
892.381
892.295
892.295
894.898
890.119
882.863
883.307
881.931
882.400
880.141
881.747
881.866
881.484
920.282
875.963
875.836
876.877
862.292
863.988
864.164
869.418
862.224
861.561
861.396
866.127
861.983
859.513
860.768
863.782
857.611
851.868
858.103
853.804
851.448
852.439
851.131
851.070
851.070
850.830
849.670
848.236
849.847
849.368
848.564
844.968
845.537
844.298
852.944
847.151
844.350
843.651
843.654
849.827
842.463
840.916
847.799
841.156
840.797
840.790
840.771
840.773
848.743
840.758
839.493
839.399
840.960
845.636
840.454
838.741
839.082
838.057
837.158
837.039
832.929
832.890
834.192
845.492
837.726
833.997
836.926
833.495
830.488
829.786
829.556
829.818
829.611
835.704
830.927
834.309
828.238
828.238
828.219
832.866
830.416
824.038
824.075
824.766
902.967
824.135
824.038
821.960
819.824
819.800
806.658
803.564
803.541
804.455
806.077
805.729
803.281
804.867
799.207
799.207
798.714
782.221
775.896
773.743
775.442
772.283
769.727
769.077
769.347
766.802
775.264
770.170
769.868
770.081
766.774
759.246
758.476
760.026
760.853
756.986
756.986
756.149
756.435
756.554
756.147
756.158
761.665
756.036
754.755
753.139
749.601
749.843
747.938
748.059
747.304
747.304
746.844
745.484
746.654
749.951
746.390
746.882
746.390
745.781
744.854
748.112
748.563
744.678
744.586
744.356
741.426
741.777
741.621
743.765
742.974
742.504
739.911
740.572
738.852
738.852
738.029
741.313
738.013
739.693
738.190
736.868
737.175
737.085
736.868
739.008
739.425
736.653
733.839
720.406
720.436
730.267
720.708
723.951
719.256
728.016
723.586
718.267
719.384
720.328
718.834
718.257
723.379
717.280
717.280
721.917
718.586
719.093
716.613
717.673
716.159
709.177
709.861
701.271
694.120
695.456
693.948
693.617
693.156
693.194
691.047
690.207
690.188
689.935
689.632
690.424
684.833
686.557
684.877
687.299
684.752
688.280
680.953
680.590
696.280
681.333
690.438
689.485

Error results for SA7
---------------------------
1085.821
1087.669
1099.176
1098.466
1089.949
1094.176
1094.574
1095.261
1085.514
1082.285
1082.287
1082.027
1082.027
1081.449
1081.452
1083.086
1087.412
1085.149
1085.354
1077.195
1077.213
1076.240
1060.514
1058.467
1057.802
1056.857
1050.931
1048.430
1038.479
1044.491
1043.625
1047.493
1048.236
1053.702
1059.152
1059.900
1062.439
1062.138
1062.120
1062.120
1065.650
1085.761
1085.884
1086.122
1082.337
1078.297
1076.790
1077.750
1007.385
1005.983
998.658
991.827
966.557
966.489
965.061
965.061
963.929
965.005
963.430
963.430
963.430
964.862
965.889
963.819
963.422
963.427
963.427
964.700
963.948
963.074
961.213
960.047
960.797
960.364
958.300
958.850
958.511
958.498
957.163
963.547
956.755
956.324
956.324
976.463
956.341
965.689
957.318
956.190
957.231
956.190
956.568
945.346
945.824
962.945
945.897
938.784
935.831
935.689
936.056
933.485
935.168
934.025
934.533
933.584
933.488
935.774
933.333
933.226
933.247
933.226
933.449
934.658
939.414
932.268
932.009
931.217
928.288
928.118
933.274
931.849
929.056
933.831
928.134
928.262
930.765
930.511
937.250
931.840
928.224
929.784
928.134
934.699
928.402
926.931
934.780
923.715
923.277
923.377
923.277
923.229
925.226
925.626
938.125
921.983
921.069
921.069
921.197
922.080
940.568
930.757
923.557
918.072
917.460
918.412
917.471
918.561
907.313
907.313
907.926
883.249
882.481
879.964
880.565
878.159
878.622
877.918
881.747
877.976
884.345
877.932
877.984
868.314
868.338
868.270
868.076
868.104
866.327
866.879
872.137
872.340
867.007
867.902
866.327
865.694
864.484
864.843
862.593
871.515
862.778
863.247
850.519
850.630
850.876
844.627
844.621
845.602
843.258
840.620
842.205
841.000
838.901
837.960
837.747
835.163
837.414
834.992
834.992
836.103
850.927
835.486
834.420
833.984
833.971
827.557
830.339
828.349
827.557
824.110
840.007
824.177
827.402
824.113
821.993
822.002
821.403
821.369
821.491
821.458
819.886
819.179
819.116
817.190
817.190
816.753
816.729
825.570
816.533
815.906
811.534
811.205
809.681
809.454
810.320
809.922
809.519
809.264
809.264
808.985
809.613
807.736
807.318
806.426
799.818
799.510
800.165
801.282
799.510
800.920
785.796
781.456
781.952
781.666
781.723
781.447
781.251
778.960
783.949
778.414
783.994
778.605
773.238
772.561
772.162
779.336
771.136
771.803
770.738
773.270
775.162
770.792
771.506
770.676
769.761
768.504
765.736
744.432
742.907
750.236
743.366
742.758
742.600
736.744
738.211
728.569
728.457
736.614
735.350
727.971
729.426
728.132
728.246
727.681
729.776
734.978
732.535
727.925
732.387
727.445
727.708
728.323
723.722
723.434
723.433
727.021
715.545
730.028
727.860
703.778
701.325
701.095
701.095
698.601
704.879
696.493
698.251
696.046
700.716
696.073
696.652
698.201
696.202
696.171
694.958
696.054
680.216
680.288
681.195
680.780
676.797
676.452
676.452
676.049
676.783
679.046
679.856
677.192
676.452
676.870
663.042
663.360
657.959
657.959
677.227
657.943
658.042
659.783
659.863
657.737
658.201
657.737
657.761
649.748
648.865
649.444
658.083
648.964
648.962
649.609
648.944
649.266
643.407
643.558
637.355
637.903
636.837
636.019
634.818
634.737
636.227
634.818
641.714
631.359
635.373
631.066
631.183
672.586
637.059
637.476
631.253
629.797
629.789
630.568
629.799
629.921
628.856
625.941
629.702
626.078
625.774
630.790
625.774
626.371
625.745
624.706
620.537
620.859
619.674
616.829
618.125
617.077
616.687
617.233
617.050
617.021
615.126
616.026
621.216
614.748
610.706
610.738
606.687
608.727
607.127
606.687
606.687
606.565
606.154
606.292
606.151
606.039
598.172
597.869
597.668
598.401
597.704
598.437
597.258
600.472
597.258
596.664
599.395
597.630
596.279
596.663
597.885
592.458
592.345
592.366
593.312
592.441
592.937
583.750
583.861
586.461
587.186
591.185
583.797
589.267
583.770
583.977
584.620
583.438
584.929
581.094
581.834
583.052
581.440
581.228
581.451
579.493
583.524
579.674
579.723
578.488
581.542
577.843
577.957
577.538
580.775
579.545
577.304
576.144
577.436
573.162
576.694
574.736
574.128
573.728
568.382
568.636
568.312
567.769
567.922
569.487
567.746
565.863
568.665
567.811
565.624
566.623

Error results for SA8
---------------------------
983.402
987.198
985.586
986.338
986.438
979.801
982.872
982.694
981.003
984.255
984.003
987.938
988.132
987.981
992.743
992.962
993.050
993.024
993.684
993.999
991.895
994.321
998.119
1011.051
1011.165
1014.755
1017.032
1016.792
1016.853
1015.539
1014.874
1014.985
1015.818
1015.117
1035.620
1035.620
1040.354
1039.591
1039.738
1039.738
1032.097
1031.231
1037.638
1045.415
1050.060
1050.060
1051.859
1051.720
1048.360
1046.416
1046.432
1044.096
1043.751
1043.468
1038.595
1038.595
1037.695
1038.115
1038.000
1038.897
1034.637
1013.381
1014.101
1029.580
1014.188
1013.004
1013.142
1011.567
1023.432
1011.599
1010.695
1013.773
1010.695
1010.848
1007.933
1007.971
1005.978
995.767
984.255
987.462
984.405
983.381
983.564
980.802
980.833
981.828
980.802
980.802
979.096
954.828
952.663
950.737
940.902
939.266
893.555
894.377
891.762
890.820
882.009
888.456
908.028
882.009
882.881
883.544
884.117
891.454
868.023
867.834
867.080
869.687
868.706
861.423
861.781
861.391
861.368
861.385
861.400
854.954
854.915
858.050
854.199
844.191
862.565
844.191
846.963
844.157
843.475
895.484
844.508
841.588
840.645
842.186
841.963
840.770
846.458
836.375
836.375
844.815
835.355
836.137
835.497
838.350
834.459
834.416
835.359
834.350
839.168
833.964
834.066
834.039
831.500
832.196
831.779
831.780
835.994
831.446
831.432
831.794
821.022
815.853
816.373
815.476
817.203
815.224
815.672
817.094
819.384
831.497
814.042
813.818
812.509
812.509
796.929
804.180
790.495
790.650
794.954
795.472
795.243
794.503
790.495
789.318
779.228
778.278
780.894
783.678
781.692
779.228
768.095
767.952
767.632
767.715
765.259
765.973
765.597
765.900
757.219
748.407
753.852
738.544
736.922
741.600
736.068
735.460
735.884
730.354
726.901
727.107
727.187
726.774
713.711
710.768
711.375
710.738
710.584
710.517
711.507
711.348
718.340
709.015
709.015
707.562
707.542
705.119
705.121
705.115
705.078
702.003
704.131
702.859
709.324
702.000
701.312
699.074
685.985
686.685
686.108
687.477
681.556
681.590
682.602
680.600
680.896
680.013
680.867
680.195
685.243
680.326
681.792
676.908
675.588
678.348
678.753
672.017
672.105
672.815
671.165
671.155
672.817
672.771
669.378
670.469
669.722
669.328
670.463
669.540
669.086
660.757
656.995
657.081
657.515
656.374
662.645
657.112
657.255
656.275
656.227
653.489
653.795
654.559
653.489
652.245
652.178
652.178
652.206
652.432
652.178
654.602
652.344
647.900
659.520
672.319
646.301
642.809
642.685
636.257
636.216
639.698
635.519
645.332
642.584
635.274
637.549
635.274
648.579
634.928
634.964
634.866
632.640
632.692
623.931
626.482
620.297
621.339
621.892
620.090
621.750
619.380
619.254
623.493
619.707
617.416
616.243
618.807
603.213
611.123
605.949
603.633
603.998
603.903
603.162
599.560
599.781
600.077
598.867
596.698
598.894
599.910
597.140
596.544
595.292
620.735
595.741
595.125
593.886
590.082
587.767
587.970
587.750
588.399
590.710
587.750
587.800
586.441
586.560
587.035
594.059
586.787
592.154
592.643
586.119
578.775
574.125
573.739
549.892
549.680
549.706
549.618
548.683
549.357
548.016
547.942
548.087
547.922
551.976
548.743
550.665
547.922
547.471
550.719
547.362
548.077
548.449
547.615
547.434
550.050
545.804
546.417
547.387
544.644
544.644
549.190
549.518
544.517
544.378
543.120
538.294
538.303
536.571
536.360
537.028
538.470
537.307
536.279
535.429
531.978
532.594
531.969
539.077
531.969
529.645
534.628
531.293
529.898
529.373
529.197
529.024
529.253
526.499
525.542
526.939
525.542
527.942
524.336
524.881
514.564
515.352
521.618
514.613
511.936
511.953
511.701
511.762
509.464
510.103
511.119
511.457
509.534
506.219
507.780
508.371
507.445
506.219
507.204
505.921
506.237
504.909
509.324
504.245
504.214
503.952
499.580
499.580
502.830
499.184
499.273
497.476
496.363
496.486
497.818
496.337
496.476
496.043
495.992
496.156
496.393
505.435
496.282
497.482
496.095
493.175
491.628
491.628
491.819
490.926
490.330
490.330
488.699
500.177
488.797
488.699
488.767
489.719
484.646
486.288
484.073
480.695
480.087
485.466
480.087
482.677
484.807
476.019
476.251
477.339
475.939
476.202
475.653
475.923
485.846

Error results for SA9
---------------------------
1029.444
1025.162
1025.255
1025.891
1025.399
1026.723
1028.825
1028.658
1028.721
1047.231
1053.223
1048.774
1048.729
1054.133
1052.336
1050.892
1048.734
1050.984
1052.250
1057.947
1054.412
1052.729
1052.635
1052.356
1033.885
1027.985
1030.695
1030.702
1045.600
1034.825
1018.304
1016.944
1019.261
1019.301
1018.931
1019.576
1018.750
1021.408
1018.685
1020.052
1004.214
1004.214
1003.065
1000.256
1001.106
1001.106
1005.113
1005.863
1005.863
1020.057
1024.219
1028.006
1028.194
1025.932
1027.664
1022.625
1026.970
1026.970
1023.111
1026.414
1018.894
1018.570
1021.127
1021.256
1017.077
982.851
977.938
977.129
978.782
976.151
976.272
975.945
977.235
979.397
976.226
979.243
1042.838
972.164
971.781
983.322
968.809
968.273
968.289
964.778
964.094
964.094
964.407
968.225
960.847
971.528
959.510
965.074
960.090
962.419
955.604
959.803
955.572
958.280
955.661
958.964
955.697
948.378
952.476
939.119
943.344
936.013
935.571
935.257
928.558
928.506
926.420
926.313
926.380
922.132
919.807
921.322
908.712
907.613
902.241
902.717
902.245
902.582
902.241
902.430
900.809
902.231
900.284
907.344
903.940
901.678
900.765
900.290
904.660
897.441
884.427
893.572
890.411
883.903
888.060
886.405
883.903
884.611
892.747
886.907
884.313
882.546
882.546
886.704
881.330
881.274
881.651
881.995
885.239
881.274
886.125
893.314
878.824
878.818
875.045
876.224
877.160
875.045
886.422
869.600
870.769
864.661
864.596
866.009
864.661
927.161
865.518
865.398
864.549
864.385
865.241
864.486
865.377
885.011
880.140
866.024
864.763
873.670
864.289
864.020
863.826
861.850
851.732
853.341
845.103
844.105
843.841
843.121
843.483
845.245
844.287
842.864
844.964
841.452
833.637
833.645
842.351
834.116
833.654
832.199
832.864
833.440
832.199
832.970
829.045
837.290
828.843
830.281
828.381
825.900
825.702
825.699
827.027
825.975
824.664
824.664
824.836
824.886
824.814
824.841
826.059
824.742
826.479
829.184
827.339
824.813
824.327
828.715
825.204
826.634
821.142
824.386
821.172
812.694
816.748
809.165
809.165
811.467
809.140
809.245
813.726
812.031
809.052
810.434
811.359
807.413
807.413
806.545
801.554
803.681
801.734
807.132
802.519
806.109
801.517
799.788
799.540
799.887
799.697
799.823
799.548
797.853
802.647
797.413
844.158
797.483
797.251
799.227
797.688
799.562
796.877
796.944
796.420
801.585
800.201
795.970
796.717
796.175
796.046
796.046
796.325
797.032
796.893
792.202
794.410
792.229
792.229
792.744
792.695
792.884
794.814
792.601
790.659
790.659
786.671
786.751
786.732
783.247
783.140
788.639
781.007
783.781
779.978
780.104
779.638
780.615
779.886
779.745
779.745
776.668
776.668
776.284
777.777
776.299
774.567
775.570
773.010
774.766
775.382
773.764
773.675
772.423
767.704
771.013
766.602
766.240
768.874
766.543
761.677
762.510
761.549
761.993
751.679
751.774
751.846
748.976
748.931
748.931
761.024
748.293
748.343
747.797
749.297
748.346
748.293
749.903
754.275
749.059
748.292
748.293
750.849
748.054
750.724
748.861
751.428
743.159
743.371
747.137
745.898
744.876
743.498
767.967
741.116
741.249
749.140
741.152
741.526
741.665
741.830
741.687
741.116
742.910
740.615
740.407
734.008
736.684
735.665
733.819
734.061
734.723
733.819
733.844
734.064
734.789
732.692
731.881
735.834
731.881
737.487
735.329
735.900
731.045
730.735
730.735
731.312
729.838
729.461
735.627
732.740
729.001
729.593
729.001
723.145
722.745
722.498
723.035
722.630
722.807
728.536
722.456
715.811
712.416
713.427
712.293
710.806
731.400
730.877
710.016
706.954
706.954
705.063
701.925
701.948
701.925
701.009
746.149
700.725
700.634
701.266
698.785
697.969
698.195
698.857
697.969
700.643
704.499
698.343
697.453
698.343
698.343
702.581
698.902
698.002
688.845
691.573
689.096
688.845
688.854
683.266
690.017
682.583
698.341
682.559
683.000
681.349
689.874
684.402
683.760
685.954
671.850
665.610
659.972
660.874
667.500
663.486
659.467
659.094
659.303
664.990
658.909
659.771
656.260
655.902
654.116
654.328
640.129
633.146
632.248
632.756
633.601
632.184
632.225
631.271
626.346
626.924
626.489
626.420
626.652
626.284
626.582
639.379
626.582
628.081
626.573
630.492
626.138

Error results for SA10
---------------------------
1200.031
1194.986
1197.101
1196.968
1193.440
1191.984
1191.984
1183.653
1186.665
1188.401
1172.385
1172.275
1165.477
1165.233
1164.867
1162.794
1162.076
1162.079
1160.526
1145.983
1145.707
1142.831
1139.016
1138.044
1145.902
1143.243
1142.326
1142.127
1138.543
1132.742
1136.816
1135.449
1135.331
1131.418
1131.418
1129.945
1139.085
1137.894
1142.785
1143.269
1142.070
1142.009
1140.913
1141.705
1141.127
1141.235
1141.172
1140.986
1142.830
1139.840
1142.500
1145.976
1141.696
1132.588
1135.676
1135.473
1137.864
1146.750
1146.750
1150.696
1151.009
1152.588
1152.273
1147.546
1153.887
1147.774
1147.198
1149.605
1147.231
1135.536
1126.558
1127.406
1122.613
1122.589
1121.730
1123.201
1121.361
1123.657
1119.997
1120.686
1118.510
1119.384
1108.472
1111.437
1105.067
1105.461
1104.456
1108.417
1104.456
1107.647
1104.087
1103.242
1105.546
1103.361
1101.819
1096.004
1095.116
1097.100
1091.632
1091.632
1097.644
1090.778
1085.822
1085.419
1085.591
1084.617
1085.703
1104.738
1084.605
1084.872
1084.828
1077.010
1077.086
1078.593
1076.806
1076.806
1092.421
1078.858
1076.786
1067.115
1067.361
1067.119
1067.115
1063.231
1060.011
1059.939
1060.182
1059.659
1060.789
1059.110
1052.044
1051.653
1044.395
1044.348
1033.632
1030.823
1033.319
1026.058
1025.727
1025.727
1022.905
1017.440
1029.152
1016.176
1016.093
1015.560
1012.943
1012.077
1010.393
1010.356
1011.095
1011.477
1016.492
1010.679
1009.663
1010.507
1009.834
1000.423
1001.444
1004.252
1002.161
993.793
994.030
999.191
1002.208
996.100
985.235
982.203
970.965
973.603
978.872
971.955
968.513
963.800
963.800
958.419
955.935
959.691
956.755
954.509
954.717
948.765
978.288
950.381
949.353
932.939
937.266
932.065
932.001
929.371
938.432
934.499
932.115
934.740
929.533
929.509
919.265
917.975
918.370
912.224
922.620
909.952
917.335
909.383
909.988
910.876
912.834
911.822
912.603
909.840
898.733
896.392
896.411
891.609
889.063
888.464
889.529
889.636
890.444
886.796
887.111
890.833
888.943
885.725
879.733
868.311
871.109
867.723
867.723
867.395
867.781
866.881
866.912
867.195
874.987
888.032
866.972
867.287
867.774
867.069
859.480
859.295
858.006
857.841
859.680
858.048
856.297
860.691
856.312
854.280
851.212
848.160
846.974
847.492
846.927
848.320
847.088
844.715
843.161
844.137
843.161
843.901
850.078
843.244
845.928
846.939
843.693
853.141
843.146
847.579
844.363
843.135
847.235
846.268
842.406
843.513
856.492
842.483
850.096
842.406
842.834
839.371
839.371
848.315
838.192
838.172
838.924
857.997
837.666
834.566
834.707
836.136
834.119
834.200
838.432
830.397
830.184
829.451
831.294
819.981
823.257
819.430
820.961
821.582
819.238
816.509
826.660
818.751
802.522
800.219
803.453
798.774
798.776
817.890
797.734
798.991
798.817
798.569
799.963
798.964
795.836
798.688
796.058
783.644
783.879
786.561
783.819
783.456
782.671
783.711
782.822
782.671
785.554
782.686
788.572
783.441
780.939
786.614
777.214
769.980
774.261
770.566
772.361
770.095
770.095
779.455
770.556
769.156
770.602
769.156
768.700
768.932
768.932
772.011
774.010
783.762
770.967
768.932
769.189
770.720
769.391
776.662
775.743
768.917
771.600
755.479
753.871
755.936
755.155
755.113
753.906
753.830
754.362
753.906
752.346
755.343
750.745
751.077
751.608
752.176
752.932
751.827
755.699
748.563
747.807
750.916
747.006
755.327
740.708
737.331
737.331
740.971
734.572
734.467
733.940
741.512
733.445
734.824
732.523
732.445
731.921
733.513
732.443
752.009
732.264
730.685
747.084
730.685
729.528
730.303
728.965
728.934
731.815
732.247
727.840
727.623
727.285
730.155
727.647
723.975
726.288
735.311
725.002
723.966
723.137
722.574
722.971
720.446
720.413
725.964
717.214
716.623
716.298
716.663
717.584
715.733
715.890
715.784
715.695
714.883
704.369
702.544
703.258
702.544
707.465
702.926
702.708
701.991
687.819
687.686
685.192
683.442
683.956
686.208
683.887
682.868
683.528
682.868
681.548
678.790
678.790
690.521
679.688
673.789
673.705
672.568
671.024
671.024
671.024
670.974
672.474
671.038
669.966
669.966
669.999
669.966
669.393
670.024
669.604
672.658
669.753
669.818
667.064
667.495
668.915
665.566
664.669
664.826
664.149
664.141
667.036
671.147
665.503
663.663
664.141
664.937
660.915
659.672
659.719
659.720

--------------------------------------------
Results for SA1: 
--------------------------------------------
Correctly classified (TEST) 2824.0 instances.
Incorrectly classified (TEST) 493.0 instances.
Percent correctly classified (TEST): 85.137%

Correctly classified (TRAIN)6562.0 instances.
Incorrectly classified (TRAIN) 1176.0 instances.
Percent correctly classified (TRAIN): 84.802%

Training time: 26.210 seconds
Testing time: 0.119 seconds

--------------------------------------------
Results for SA2: 
--------------------------------------------
Correctly classified (TEST) 2707.0 instances.
Incorrectly classified (TEST) 610.0 instances.
Percent correctly classified (TEST): 81.610%

Correctly classified (TRAIN)6247.0 instances.
Incorrectly classified (TRAIN) 1491.0 instances.
Percent correctly classified (TRAIN): 80.731%

Training time: 25.081 seconds
Testing time: 0.069 seconds

--------------------------------------------
Results for SA3: 
--------------------------------------------
Correctly classified (TEST) 2945.0 instances.
Incorrectly classified (TEST) 372.0 instances.
Percent correctly classified (TEST): 88.785%

Correctly classified (TRAIN)6806.0 instances.
Incorrectly classified (TRAIN) 932.0 instances.
Percent correctly classified (TRAIN): 87.956%

Training time: 24.500 seconds
Testing time: 0.070 seconds

--------------------------------------------
Results for SA4: 
--------------------------------------------
Correctly classified (TEST) 2775.0 instances.
Incorrectly classified (TEST) 542.0 instances.
Percent correctly classified (TEST): 83.660%

Correctly classified (TRAIN)6458.0 instances.
Incorrectly classified (TRAIN) 1280.0 instances.
Percent correctly classified (TRAIN): 83.458%

Training time: 25.288 seconds
Testing time: 0.064 seconds

--------------------------------------------
Results for SA5: 
--------------------------------------------
Correctly classified (TEST) 2313.0 instances.
Incorrectly classified (TEST) 1004.0 instances.
Percent correctly classified (TEST): 69.732%

Correctly classified (TRAIN)5427.0 instances.
Incorrectly classified (TRAIN) 2311.0 instances.
Percent correctly classified (TRAIN): 70.134%

Training time: 24.852 seconds
Testing time: 0.068 seconds

--------------------------------------------
Results for SA6: 
--------------------------------------------
Correctly classified (TEST) 2501.0 instances.
Incorrectly classified (TEST) 816.0 instances.
Percent correctly classified (TEST): 75.399%

Correctly classified (TRAIN)5769.0 instances.
Incorrectly classified (TRAIN) 1969.0 instances.
Percent correctly classified (TRAIN): 74.554%

Training time: 24.534 seconds
Testing time: 0.065 seconds

--------------------------------------------
Results for SA7: 
--------------------------------------------
Correctly classified (TEST) 2792.0 instances.
Incorrectly classified (TEST) 525.0 instances.
Percent correctly classified (TEST): 84.172%

Correctly classified (TRAIN)6536.0 instances.
Incorrectly classified (TRAIN) 1202.0 instances.
Percent correctly classified (TRAIN): 84.466%

Training time: 26.727 seconds
Testing time: 0.076 seconds

--------------------------------------------
Results for SA8: 
--------------------------------------------
Correctly classified (TEST) 2875.0 instances.
Incorrectly classified (TEST) 442.0 instances.
Percent correctly classified (TEST): 86.675%

Correctly classified (TRAIN)6674.0 instances.
Incorrectly classified (TRAIN) 1064.0 instances.
Percent correctly classified (TRAIN): 86.250%

Training time: 26.486 seconds
Testing time: 0.076 seconds

--------------------------------------------
Results for SA9: 
--------------------------------------------
Correctly classified (TEST) 2789.0 instances.
Incorrectly classified (TEST) 528.0 instances.
Percent correctly classified (TEST): 84.082%

Correctly classified (TRAIN)6451.0 instances.
Incorrectly classified (TRAIN) 1287.0 instances.
Percent correctly classified (TRAIN): 83.368%

Training time: 27.114 seconds
Testing time: 0.069 seconds

--------------------------------------------
Results for SA10: 
--------------------------------------------
Correctly classified (TEST) 2572.0 instances.
Incorrectly classified (TEST) 745.0 instances.
Percent correctly classified (TEST): 77.540%

Correctly classified (TRAIN)6074.0 instances.
Incorrectly classified (TRAIN) 1664.0 instances.
Percent correctly classified (TRAIN): 78.496%

Training time: 25.789 seconds
Testing time: 0.063 seconds