Error results for SA1
---------------------------
1013.586
1014.456
1012.495
1009.525
1029.307
1029.605
1029.359
1029.400
1032.930
1032.547
1032.610
1032.375
1033.164
1041.335
1040.293
1037.920
1033.527
1033.527
1033.358
1022.411
1023.616
1024.608
1011.218
1004.893
1022.052
1022.615
1025.947
1026.732
1027.920
1038.738
1037.079
1033.166
1035.492
1031.869
1032.071
1032.964
1019.603
1016.882
1020.004
1019.350
1021.426
1021.554
1021.554
1022.849
1020.903
1020.575
1021.442
1031.852
1048.130
1047.747
1048.004
1048.562
1047.586
1047.614
1049.856
1049.779
1047.767
1049.167
1051.210
1046.583
1054.162
1054.847
1058.976
1059.575
1059.573
1059.768
1059.407
1058.424
1073.201
1076.023
1076.458
1094.499
1093.665
1095.442
1113.197
1115.343
1088.463
1078.349
1078.710
1084.596
1084.779
1102.889
1106.883
1121.329
1119.799
1120.445
1121.592
1105.561
1101.565
1103.354
1102.821
1094.606
1097.884
1097.884
1099.035
1094.350
1090.135
1090.606
1076.628
1076.199
1058.590
1058.723
1058.983
1055.900
1056.368
1059.847
1059.307
1049.919
1049.767
1043.427
1043.860
1045.091
1041.888
1042.828
1042.999
1042.878
1046.388
1046.905
1046.870
1081.800
1079.266
1079.688
1079.688
1079.573
1079.421
1079.366
1077.470
1070.382
1069.933
1069.933
1070.104
1070.104
1065.103
1064.557
1063.906
1064.097
1064.080
1065.066
1064.285
1069.034
1069.559
1086.927
1086.633
1081.168
1081.329
1075.024
1076.717
1079.564
1080.243
1077.343
1076.312
1076.221
1089.155
1073.184
1074.402
1073.936
1072.772
1072.438
1072.459
1073.665
1070.093
1073.804
1076.428
1073.811
1064.014
1072.078
1077.406
1068.537
1069.467
1071.378
1070.946
1061.597
1061.845
1060.819
1059.593
1072.699
1083.851
1084.235
1085.882
1089.229
1090.251
1084.706
1081.619
1078.835
1077.876
1077.589
1077.267
1077.683
1075.221
1078.846
1079.080
1079.819
1085.450
1069.155
1070.017
1063.002
1067.835
1066.503
1067.105
1069.337
1069.562
1077.625
1077.688
1076.998
1094.355
1077.860
1110.498
1112.655
1114.526
1109.232
1116.634
1099.902
1099.364
1099.355
1110.185
1096.096
1101.926
1106.620
1106.592
1107.228
1110.688
1114.070
1114.086
1113.302
1113.299
1117.854
1117.546
1126.020
1123.939
1076.730
1073.767
1073.762
1073.768
1074.078
1072.790
1073.752
1065.782
1065.782
1065.515
1069.778
1069.242
1065.042
1064.731
1062.068
1063.385
1060.768
1063.937
1072.965
1073.653
1072.667
1074.309
1074.920
1076.156
1053.610
1053.598
1053.540
1053.560
1053.560
1048.557
1048.557
1048.557
1048.877
1048.288
1048.288
1048.238
1017.921
1017.910
1004.227
1004.265
1004.147
1017.130
1014.379
1014.379
1011.505
1022.057
1021.959
1027.386
1027.183
1027.183
1023.795
1032.483
1032.842
1033.322
1031.973
1033.360
1015.367
1014.934
1014.599
1015.967
1017.741
999.438
1000.407
1005.672
1004.370
990.452
992.146
993.779
984.194
979.503
976.283
976.322
976.377
983.526
980.117
976.690
981.655
971.700
969.115
972.427
972.427
972.130
969.930
969.939
964.899
971.745
1002.426
994.867
1030.339
1029.038
1029.038
1033.921
1039.187
1038.464
1058.078
1058.078
1058.611
1059.604
1060.238
1059.957
1072.369
1067.648
1095.385
1092.140
1093.052
1093.115
1091.952
1057.258
1057.473
1057.458
1061.982
1061.393
1059.228
1059.228
1055.984
1054.743
1050.423
1048.963
1051.398
1051.621
1067.850
1069.891
1071.542
1057.912
1049.757
1047.845
1053.178
1053.160
1057.448
1057.059
1062.852
1063.048
1061.794
1055.816
1055.816
1055.797
1079.826
1079.826
1079.844
1078.994
1065.889
1066.299
1064.189
1064.800
1065.331
1064.893
1064.006
1059.402
1059.419
1059.265
1059.261
1053.386
1053.484
1064.972
1063.105
1061.554
1062.249
1061.262
1071.587
1071.694
1052.982
1053.067
1054.307
1054.031
1053.500
1053.639
1056.229
1055.838
1054.189
1055.029
1054.432
1054.183
1054.183
1057.283
1058.677
1057.524
1056.932
1043.460
1045.783
1045.783
1031.242
1031.197
1031.395
1031.655
1031.655
1031.810
1039.478
1036.373
1030.187
1028.473
1029.265
1018.816
1013.455
1014.215
1014.609
1013.100
1013.052
1012.227
1022.897
996.767
991.101
1001.188
1006.910
1007.431
1009.374
1011.059
1011.888
1017.438
995.101
992.453
990.849
985.756
1016.804
1017.168
1018.342
1018.196
1016.039
1024.891
1031.497
1035.929
1035.929
1014.627
1018.889
1015.418
1013.181
1013.362
1025.993
1020.482
1016.524
1014.709
1014.706
1014.706
1013.716
1013.131
1013.195
1014.184
1014.654
1015.392
1014.399
1059.872
1065.761
1071.518
1079.258
1078.508
1078.917
1082.895
1081.901
1079.200
1048.056
1045.340
1045.118
1044.755
1058.202
1058.202
1061.734
1061.921
1061.549
1079.744
1078.366
1078.197
1070.106
1070.537
1070.515
1068.319
1067.978
1068.578
1047.389
1057.038
1047.782
1023.127
1024.135

Error results for SA2
---------------------------
1106.064
1115.259
1112.395
1107.534
1111.442
1121.853
1120.974
1120.738
1115.348
1099.499
1108.700
1108.700
1111.362
1114.388
1117.997
1117.997
1096.461
1098.313
1098.313
1098.239
1098.463
1099.020
1098.882
1102.788
1105.640
1113.902
1112.381
1112.381
1100.506
1103.747
1103.827
1120.459
1120.438
1120.491
1119.005
1119.721
1122.844
1127.384
1134.834
1134.767
1145.392
1146.045
1150.021
1149.653
1150.585
1147.809
1148.309
1148.078
1148.580
1159.642
1161.151
1164.934
1158.970
1158.887
1162.279
1153.828
1157.098
1158.783
1158.571
1152.429
1151.730
1143.734
1143.099
1142.329
1142.919
1145.772
1145.783
1153.501
1155.319
1155.488
1159.386
1160.588
1160.921
1161.620
1161.424
1179.635
1179.845
1186.123
1209.090
1209.247
1209.125
1212.838
1179.986
1179.986
1181.213
1179.307
1169.566
1179.954
1180.550
1180.908
1169.888
1171.854
1174.302
1164.592
1155.114
1155.497
1161.436
1161.436
1162.957
1146.474
1147.071
1142.722
1153.699
1154.065
1154.851
1145.866
1129.015
1118.721
1121.333
1118.852
1118.694
1126.317
1126.328
1126.210
1118.640
1118.695
1118.664
1119.120
1122.539
1111.805
1111.873
1115.171
1114.902
1189.617
1188.779
1186.900
1187.515
1201.962
1204.193
1204.655
1190.616
1190.616
1191.476
1186.220
1162.169
1151.668
1161.724
1162.875
1161.586
1160.016
1146.718
1151.241
1151.752
1150.037
1147.294
1147.179
1147.179
1148.540
1154.948
1154.874
1172.480
1173.054
1181.092
1180.692
1177.801
1169.670
1168.514
1169.322
1165.921
1174.493
1174.698
1190.448
1189.259
1207.636
1206.437
1204.641
1192.536
1202.144
1198.637
1198.983
1204.839
1197.854
1205.988
1204.577
1204.617
1214.282
1219.049
1219.124
1221.503
1229.947
1237.821
1249.850
1248.545
1252.839
1254.597
1266.722
1266.415
1272.619
1281.353
1277.314
1260.028
1240.764
1238.630
1237.659
1236.870
1233.943
1235.320
1222.622
1222.622
1222.597
1222.314
1214.357
1215.280
1213.782
1213.155
1200.798
1147.044
1142.493
1143.741
1144.073
1140.518
1139.246
1142.026
1141.879
1138.210
1136.824
1138.250
1137.887
1138.807
1138.807
1131.233
1128.859
1086.157
1084.424
1071.657
1071.097
1077.008
1087.546
1087.639
1077.550
1077.053
1146.123
1145.837
1147.685
1161.134
1160.652
1160.298
1166.166
1178.483
1189.863
1192.576
1187.741
1194.459
1195.124
1193.271
1191.598
1191.598
1192.282
1194.335
1194.335
1194.393
1174.569
1149.679
1141.608
1141.434
1142.339
1132.099
1134.912
1143.357
1141.620
1141.877
1142.140
1133.785
1136.601
1137.024
1133.546
1138.106
1136.119
1119.634
1120.068
1115.842
1082.367
1090.852
1118.073
1118.487
1118.900
1119.225
1124.767
1128.333
1132.013
1131.736
1126.747
1130.603
1112.318
1117.434
1144.698
1140.690
1140.426
1138.085
1125.941
1123.008
1123.545
1138.290
1136.987
1137.758
1140.115
1138.571
1140.742
1141.264
1143.192
1143.106
1148.875
1148.943
1133.324
1160.593
1157.703
1163.508
1164.221
1167.050
1166.806
1166.896
1166.896
1167.233
1167.589
1168.333
1168.559
1197.965
1199.032
1199.567
1199.000
1198.109
1198.350
1220.284
1170.685
1170.897
1173.375
1169.180
1169.006
1168.713
1175.554
1173.382
1172.123
1159.685
1160.260
1156.530
1156.530
1156.013
1155.551
1182.985
1181.568
1181.768
1181.482
1182.358
1182.821
1174.687
1177.431
1198.051
1198.618
1207.518
1207.035
1207.035
1203.150
1205.271
1252.331
1247.594
1249.223
1276.971
1277.678
1277.791
1284.917
1284.562
1286.338
1317.563
1316.498
1321.081
1321.314
1332.899
1328.290
1327.974
1329.403
1338.049
1338.844
1339.047
1339.870
1339.918
1340.525
1342.770
1292.290
1292.108
1318.715
1322.437
1322.651
1322.590
1322.498
1328.105
1324.744
1343.826
1339.639
1338.906
1350.987
1354.067
1335.167
1328.611
1319.266
1315.395
1284.443
1284.279
1284.279
1284.029
1287.194
1287.176
1248.741
1248.661
1257.314
1214.198
1239.883
1223.823
1223.125
1231.226
1227.683
1234.679
1254.601
1259.409
1253.590
1252.639
1253.818
1254.387
1254.100
1269.013
1262.694
1246.174
1239.175
1231.116
1252.470
1244.262
1255.198
1257.360
1252.212
1252.212
1252.212
1259.401
1259.447
1262.993
1266.036
1246.052
1218.088
1218.679
1213.354
1212.819
1212.263
1216.722
1217.026
1217.445
1217.461
1216.919
1231.361
1224.804
1244.568
1243.347
1227.205
1222.637
1247.430
1258.391
1271.075
1262.904
1228.870
1210.125
1232.610
1222.922
1147.384
1148.466
1148.338
1165.266
1171.538
1167.849
1165.553
1163.723
1163.663
1175.583
1176.177
1172.129
1172.828
1173.737
1174.168
1183.947
1179.039
1178.980
1177.941
1180.537
1170.010
1170.010
1176.483
1175.904
1175.594
1169.806
1168.113
1171.036
1156.148
1154.014
1137.340
1244.471
1244.806
1248.532
1250.300
1229.739
1217.500
1230.367
1231.540
1223.614
1234.870

Error results for SA3
---------------------------
1019.631
1017.466
1015.896
1015.801
1015.801
1051.463
1059.797
1060.114
1060.103
1060.177
1117.449
1126.031
1128.899
1118.613
1127.770
1131.459
1132.461
1133.057
1134.584
1116.664
1116.664
1116.614
1146.498
1147.386
1145.127
1133.934
1134.356
1134.475
1139.503
1153.227
1152.873
1152.876
1153.009
1152.086
1167.691
1167.405
1169.013
1161.143
1155.163
1155.163
1151.736
1151.753
1151.931
1152.448
1156.211
1154.388
1152.903
1152.586
1151.522
1150.648
1152.122
1154.069
1153.658
1154.445
1153.883
1152.801
1163.798
1163.728
1163.254
1163.872
1165.929
1147.449
1155.776
1155.336
1155.244
1156.618
1153.828
1168.258
1167.267
1166.553
1164.937
1169.396
1169.850
1166.966
1171.172
1146.877
1183.787
1189.356
1194.208
1185.811
1186.733
1187.701
1187.753
1186.793
1195.982
1195.894
1196.492
1193.907
1201.602
1199.317
1199.317
1198.655
1198.655
1212.857
1213.223
1228.304
1227.201
1227.118
1230.533
1230.343
1230.343
1226.594
1226.267
1222.438
1224.242
1225.572
1225.196
1242.673
1242.673
1236.457
1234.625
1237.129
1237.963
1239.250
1247.832
1247.832
1251.995
1252.334
1253.258
1247.161
1247.161
1251.100
1245.057
1246.462
1247.503
1248.845
1249.093
1235.693
1235.663
1226.131
1219.038
1222.516
1219.514
1219.689
1224.092
1234.754
1221.122
1221.124
1212.655
1214.552
1221.470
1224.574
1224.419
1219.168
1218.844
1218.599
1221.203
1221.202
1220.529
1216.332
1216.385
1217.934
1216.544
1218.933
1217.413
1212.805
1214.725
1213.355
1207.177
1207.177
1206.919
1202.368
1209.733
1209.733
1208.103
1205.180
1206.418
1196.755
1196.334
1200.490
1210.430
1210.278
1210.278
1189.228
1187.378
1186.796
1168.693
1181.523
1184.519
1189.498
1183.330
1183.149
1179.919
1186.388
1177.781
1177.959
1194.883
1195.768
1195.307
1195.307
1189.380
1188.685
1193.478
1186.880
1187.242
1187.255
1179.157
1182.865
1179.869
1172.807
1172.548
1169.770
1170.696
1173.299
1173.112
1165.424
1169.973
1172.835
1175.880
1171.553
1193.972
1176.491
1176.262
1178.387
1178.706
1178.132
1171.176
1169.967
1171.415
1168.012
1169.046
1169.246
1167.727
1175.896
1175.896
1181.755
1180.708
1180.317
1181.737
1184.204
1188.699
1183.836
1188.290
1190.534
1187.513
1194.184
1192.500
1192.280
1189.612
1191.305
1191.305
1192.028
1189.683
1189.861
1189.298
1190.956
1190.956
1191.963
1185.596
1184.811
1184.859
1191.659
1190.728
1188.952
1195.695
1195.695
1190.900
1192.473
1193.367
1190.276
1190.420
1190.352
1183.215
1182.924
1175.977
1180.721
1180.566
1180.016
1185.740
1185.743
1192.983
1195.185
1203.231
1204.450
1203.593
1214.763
1215.003
1239.935
1239.131
1258.384
1255.256
1249.567
1235.192
1231.194
1217.942
1218.386
1195.312
1196.525
1197.142
1191.811
1192.044
1190.467
1186.086
1186.086
1185.450
1182.387
1182.738
1184.090
1184.140
1183.208
1183.017
1182.155
1181.826
1176.637
1177.074
1142.106
1132.870
1119.811
1116.097
1109.159
1137.000
1126.463
1135.836
1135.608
1133.863
1133.491
1140.193
1144.204
1138.168
1138.168
1138.168
1135.222
1134.655
1134.655
1138.405
1139.152
1134.954
1145.220
1145.835
1144.363
1146.237
1153.654
1153.725
1148.848
1143.939
1127.573
1124.793
1121.096
1125.004
1124.321
1125.542
1129.491
1136.810
1135.500
1135.522
1136.132
1155.027
1151.640
1151.640
1151.429
1149.241
1149.330
1150.149
1148.084
1148.666
1142.524
1148.157
1150.403
1150.677
1149.557
1150.828
1150.424
1148.677
1150.094
1145.685
1149.243
1152.946
1152.946
1153.571
1156.232
1147.021
1154.228
1155.007
1155.007
1155.099
1158.057
1158.057
1158.327
1157.892
1154.529
1153.533
1153.999
1155.251
1151.965
1150.250
1148.250
1148.023
1149.331
1146.336
1146.183
1139.368
1154.887
1154.616
1155.496
1158.073
1160.733
1153.972
1158.890
1158.659
1158.684
1161.888
1161.888
1167.247
1184.243
1182.201
1172.504
1173.341
1173.341
1172.327
1173.534
1170.304
1160.169
1159.238
1156.193
1156.360
1154.037
1157.089
1153.732
1145.093
1145.093
1157.481
1165.326
1170.026
1165.366
1157.245
1157.957
1158.207
1158.392
1158.883
1162.698
1161.325
1161.362
1163.538
1192.510
1192.314
1194.396
1205.542
1205.482
1204.475
1204.584
1207.396
1209.414
1212.531
1206.601
1206.817
1206.522
1187.706
1187.571
1186.701
1186.888
1183.592
1183.592
1185.976
1184.773
1183.501
1181.080
1182.397
1181.304
1181.568
1182.004
1181.462
1185.876
1181.834
1178.432
1183.543
1184.372
1169.560
1186.757
1207.174
1212.502
1231.211
1231.585
1243.483
1245.154
1236.648
1237.337
1235.485
1234.904
1233.405
1233.697
1235.053
1236.530
1237.779
1239.111
1237.285
1238.059
1240.087
1240.940
1240.940
1237.223
1238.414
1229.294
1261.489
1262.120
1263.392
1254.608
1249.744
1230.360
1236.315
1224.000

Error results for SA4
---------------------------
1110.552
1107.830
1107.810
1108.128
1108.128
1107.930
1106.696
1107.611
1111.445
1111.590
1113.829
1111.316
1111.334
1111.417
1106.044
1110.933
1122.068
1122.377
1121.064
1121.031
1111.135
1111.148
1111.086
1112.173
1109.899
1115.917
1118.928
1117.770
1117.198
1116.237
1121.233
1121.935
1124.115
1123.797
1142.767
1143.551
1143.422
1146.037
1143.801
1145.688
1139.601
1171.336
1171.336
1171.555
1184.752
1185.058
1210.668
1208.889
1214.868
1217.991
1224.946
1221.208
1220.023
1222.200
1222.221
1219.990
1219.958
1220.131
1218.411
1217.660
1217.660
1224.048
1224.040
1218.758
1218.753
1211.806
1212.257
1216.830
1242.421
1245.155
1251.076
1250.873
1250.841
1251.189
1250.299
1250.299
1245.083
1247.130
1238.660
1238.576
1240.369
1252.985
1252.939
1253.129
1252.991
1255.881
1255.881
1255.913
1263.156
1263.156
1265.599
1243.375
1247.058
1247.897
1247.897
1245.707
1240.192
1240.153
1244.305
1245.333
1245.955
1248.830
1236.205
1236.175
1225.738
1226.043
1235.058
1230.298
1230.298
1229.985
1229.592
1231.799
1232.890
1228.391
1228.414
1227.447
1227.349
1227.349
1245.443
1244.013
1243.543
1243.553
1237.318
1234.152
1233.147
1229.961
1230.191
1227.410
1226.263
1226.263
1227.636
1230.378
1246.900
1246.892
1246.892
1247.936
1252.384
1252.387
1256.782
1256.775
1267.936
1269.057
1269.057
1269.182
1269.931
1270.164
1270.113
1270.004
1263.610
1263.610
1259.476
1260.691
1256.514
1271.262
1271.222
1271.116
1271.673
1288.898
1291.337
1286.309
1292.484
1291.438
1288.465
1288.997
1296.802
1293.023
1286.644
1286.568
1287.216
1293.262
1293.433
1291.593
1290.941
1290.941
1291.030
1291.027
1291.397
1291.517
1289.214
1290.727
1281.235
1281.363
1273.030
1272.268
1274.190
1288.295
1291.643
1301.757
1301.981
1301.843
1300.372
1300.356
1298.282
1298.341
1297.117
1298.823
1306.888
1306.071
1305.212
1384.403
1385.082
1385.082
1386.037
1387.127
1374.597
1372.683
1356.583
1365.851
1370.355
1374.919
1363.042
1360.984
1362.874
1350.754
1350.931
1356.591
1355.556
1353.977
1351.190
1347.088
1347.422
1347.419
1332.335
1335.823
1335.168
1332.648
1324.484
1324.501
1324.890
1320.028
1318.980
1318.029
1318.088
1306.964
1299.188
1299.017
1298.917
1298.972
1297.075
1297.075
1297.208
1240.133
1238.699
1238.583
1249.976
1252.462
1253.446
1261.195
1263.843
1263.843
1263.013
1263.044
1256.633
1263.747
1262.970
1234.715
1234.338
1222.587
1225.020
1221.726
1198.972
1198.111
1198.633
1198.405
1205.244
1222.149
1232.004
1231.666
1228.741
1229.802
1226.182
1225.415
1226.873
1235.323
1235.679
1235.829
1233.654
1235.592
1245.671
1245.561
1229.406
1229.004
1228.294
1227.795
1227.997
1235.635
1237.803
1236.763
1238.125
1234.319
1233.840
1232.352
1211.694
1212.221
1211.370
1204.923
1207.738
1214.904
1211.538
1207.657
1207.487
1213.717
1217.692
1219.971
1210.286
1207.772
1206.079
1205.729
1205.909
1205.347
1203.346
1201.832
1201.494
1200.843
1200.843
1199.371
1199.393
1202.260
1205.699
1205.699
1202.685
1206.399
1201.184
1207.998
1210.537
1208.887
1209.909
1209.820
1260.192
1252.147
1252.127
1255.863
1317.184
1301.281
1302.133
1300.790
1300.790
1295.864
1295.982
1295.982
1296.248
1296.248
1301.701
1297.186
1311.529
1325.472
1333.710
1367.398
1363.074
1364.358
1342.272
1346.374
1346.836
1342.928
1337.379
1347.109
1335.813
1335.101
1334.955
1335.333
1368.788
1369.399
1350.166
1346.274
1348.190
1353.971
1353.269
1364.545
1358.825
1357.179
1359.791
1352.730
1301.643
1343.092
1345.778
1337.045
1339.893
1330.257
1330.124
1330.211
1329.375
1335.476
1336.262
1336.546
1344.941
1341.111
1344.366
1342.296
1343.461
1342.480
1347.271
1357.592
1357.806
1342.460
1335.835
1337.723
1353.612
1376.422
1380.034
1390.181
1390.248
1387.069
1386.993
1386.993
1385.134
1385.295
1382.200
1380.861
1380.861
1336.772
1333.158
1331.706
1340.331
1349.043
1356.778
1353.042
1352.726
1352.466
1359.626
1359.552
1372.123
1426.522
1421.640
1422.762
1432.302
1434.136
1437.289
1435.268
1435.166
1435.211
1444.033
1454.296
1453.581
1455.082
1457.836
1468.056
1464.010
1460.337
1458.680
1461.121
1461.490
1452.667
1454.752
1455.167
1454.694
1449.614
1443.453
1434.293
1426.865
1433.473
1439.802
1439.838
1446.441
1446.031
1443.517
1438.531
1436.791
1448.189
1448.689
1447.165
1449.281
1449.281
1424.978
1424.466
1405.436
1405.436
1405.766
1405.742
1405.579
1406.140
1407.662
1399.104
1401.584
1402.118
1404.928
1404.146
1415.608
1419.223
1419.162
1430.355
1437.641
1435.729
1433.393
1428.868
1428.631
1430.234
1430.013
1430.562
1429.489
1442.204
1440.050
1440.895
1463.244
1464.556
1459.246
1456.281
1455.480
1455.617
1469.371
1469.121

Error results for SA5
---------------------------
990.325
992.333
993.465
994.588
994.472
996.251
995.631
992.247
1005.303
1010.919
1011.309
1009.461
1010.096
1009.847
1001.426
1002.386
1012.374
1012.443
1013.644
1013.063
1010.653
1007.131
1005.623
1007.376
1007.376
1009.361
1009.361
1010.020
1010.056
1010.056
1007.332
1019.482
1003.219
1008.528
1008.512
1014.040
1014.456
1032.456
1034.395
1030.215
1030.702
1030.442
1030.501
1031.808
1033.052
1038.419
1038.472
1041.933
1039.934
1032.199
1033.886
1035.103
1024.721
1024.721
1025.122
1024.606
1024.606
1024.611
1025.129
1024.209
1027.085
1024.311
1022.846
1011.332
1011.337
1014.925
1009.763
1006.813
1014.471
1017.794
1019.730
1027.968
1004.724
1008.107
1008.561
1008.938
1008.606
1006.436
1006.313
1004.306
1003.831
1005.927
1012.749
1012.991
1032.456
1033.011
1029.313
1027.583
1029.152
1028.279
1023.256
1024.740
1036.935
1035.216
1034.287
1033.865
1040.417
1041.214
1040.685
1036.556
1036.530
1029.098
1046.118
1050.019
1048.840
1031.442
1033.766
1034.860
1034.277
1037.973
1037.443
1036.089
1036.089
1036.089
1037.271
1033.134
1033.458
1033.339
1035.204
1048.876
1050.202
1057.000
1061.029
1061.029
1061.029
1064.830
1064.830
1066.945
1066.688
1084.060
1080.245
1085.223
1083.738
1083.438
1096.627
1097.908
1097.922
1095.417
1095.764
1088.270
1090.232
1089.014
1089.107
1096.290
1096.839
1097.227
1112.249
1107.371
1099.397
1107.049
1106.817
1101.613
1101.613
1100.687
1091.689
1093.389
1097.742
1097.903
1097.903
1096.387
1097.738
1097.487
1094.360
1094.360
1095.654
1092.231
1092.667
1088.512
1087.810
1087.098
1087.098
1089.389
1086.145
1089.324
1089.955
1095.718
1100.658
1100.080
1096.538
1096.594
1096.108
1095.527
1095.429
1074.211
1074.926
1071.141
1071.046
1075.886
1075.382
1075.583
1076.533
1076.267
1064.398
1064.604
1065.145
1084.154
1086.062
1074.647
1074.645
1074.443
1074.674
1074.647
1074.703
1076.514
1080.417
1077.626
1073.275
1072.810
1050.752
1051.045
1059.425
1059.425
1059.425
1060.260
1060.479
1061.364
1058.352
1060.621
1058.213
1059.149
1058.986
1058.986
1055.448
1052.052
1058.150
1058.150
1059.061
1058.172
1043.583
1043.417
1043.417
1043.124
1042.444
1043.037
1044.031
1043.775
1043.734
1043.739
1049.206
1047.655
1049.180
1050.263
1043.962
1044.509
1046.850
1044.154
1043.958
1026.930
1024.619
1021.572
1019.833
1014.583
1014.062
1016.714
1016.694
1019.712
1019.708
1020.990
1021.622
1022.212
1023.492
1023.806
1021.737
1014.732
1010.674
1009.540
1010.815
994.954
995.160
992.130
994.452
996.470
995.460
994.546
994.563
994.747
996.108
996.092
996.057
996.156
996.007
979.793
986.515
987.099
995.432
995.991
996.146
996.146
996.428
1017.365
1017.572
1018.008
1018.111
1017.367
1017.678
1017.537
1015.200
1027.068
1026.880
1026.598
1023.067
1022.998
1023.438
1023.844
1023.464
1025.314
1024.716
1020.635
1020.199
1020.471
1020.471
1020.471
1019.349
1020.825
1023.508
1024.074
1027.191
1027.191
1025.907
1024.209
1023.587
1023.354
1021.090
1026.051
1029.444
1053.799
1055.722
1055.570
1055.790
1055.800
1057.823
1057.693
1057.693
1054.013
1053.830
1052.532
1053.317
1051.253
1051.177
1067.470
1065.558
1061.851
1062.600
1062.600
1065.694
1065.069
1076.936
1077.131
1070.710
1078.750
1081.164
1065.973
1067.060
1067.744
1068.644
1070.929
1074.681
1079.815
1079.722
1092.209
1088.051
1095.612
1095.671
1094.910
1022.215
1022.083
1021.621
1022.344
1022.344
1022.750
1022.514
1020.047
1018.381
1006.536
1006.430
1008.407
1028.257
1028.428
1028.387
1029.656
1028.770
1028.681
1030.533
1030.533
1031.198
1031.198
1055.306
1055.832
1055.594
1068.098
1067.747
1068.039
1067.898
1063.050
1063.011
1062.109
1070.190
1071.081
1069.358
1072.654
1072.318
1072.107
1070.700
1070.826
1072.398
1076.701
1076.068
1076.261
1077.210
1077.405
1074.015
1073.822
1073.678
1073.562
1081.758
1082.632
1082.859
1082.906
1082.862
1084.451
1083.257
1085.597
1085.198
1086.090
1070.973
1066.964
1115.171
1103.804
1103.924
1099.408
1099.527
1099.325
1099.521
1098.209
1094.191
1096.044
1096.067
1096.077
1095.181
1091.617
1097.416
1087.842
1087.895
1086.219
1085.932
1085.932
1086.279
1084.850
1080.229
1075.410
1075.506
1075.204
1074.841
1066.261
1066.261
1067.146
1068.707
1068.444
1070.478
1070.416
1071.622
1071.446
1069.534
1066.889
1069.850
1069.359
1070.404
1072.376
1070.677
1077.236
1076.673
1075.778
1073.372
1072.956
1068.637
1069.545
1069.507
1062.959
1062.896
1062.896
1063.195
1060.690
1063.650
1063.650
1060.826
1061.184
1057.286
1057.036
1056.171
1057.907
1058.261
1058.230
1058.240
1057.566
1055.841
1053.433
1052.980
1054.174
1059.022
1058.458

Error results for SA6
---------------------------
1145.786
1144.736
1153.302
1147.761
1144.649
1144.772
1146.136
1143.617
1143.784
1148.053
1162.036
1090.089
1084.688
1089.912
1094.203
1110.217
1110.089
1110.051
1109.619
1110.453
1110.458
1111.055
1109.506
1109.752
1114.093
1119.112
1118.461
1117.662
1115.883
1108.475
1120.321
1120.263
1120.696
1133.680
1137.017
1143.280
1139.922
1142.030
1154.068
1152.032
1151.983
1151.874
1146.480
1146.207
1146.207
1147.954
1127.019
1130.171
1130.118
1129.677
1148.894
1148.856
1154.410
1154.344
1153.992
1153.810
1157.044
1145.119
1143.158
1133.744
1111.625
1109.275
1134.146
1120.326
1118.300
1122.575
1144.806
1140.406
1140.478
1135.195
1135.758
1135.443
1138.262
1121.232
1121.232
1126.271
1130.238
1134.012
1139.161
1129.180
1132.750
1130.187
1128.489
1126.440
1128.068
1128.903
1128.903
1129.535
1129.560
1130.427
1163.238
1164.273
1167.046
1166.325
1151.170
1156.439
1158.150
1155.673
1161.068
1164.909
1166.390
1176.359
1199.399
1189.932
1189.609
1189.629
1188.793
1191.223
1186.786
1186.244
1186.244
1185.812
1194.719
1188.412
1194.980
1196.218
1195.866
1186.332
1188.629
1188.254
1190.592
1165.645
1150.037
1149.308
1149.129
1171.948
1170.025
1169.573
1159.530
1164.274
1164.274
1163.692
1176.350
1175.042
1175.320
1175.385
1176.640
1174.633
1164.073
1163.389
1156.654
1156.654
1156.093
1156.644
1182.713
1183.893
1188.652
1177.235
1174.175
1184.152
1180.763
1181.788
1179.562
1181.094
1143.292
1143.003
1136.915
1133.815
1131.063
1132.452
1132.670
1132.417
1131.421
1136.749
1139.343
1139.343
1135.915
1135.581
1107.766
1105.736
1106.103
1104.717
1106.767
1105.808
1112.323
1113.978
1110.328
1108.877
1105.676
1091.317
1091.795
1088.669
1091.388
1092.822
1091.628
1094.918
1091.904
1107.160
1107.257
1107.257
1091.759
1036.462
1020.903
1023.671
1031.546
1033.570
1041.249
1041.000
1045.412
1045.353
1045.596
1054.550
1057.856
1057.326
1048.293
1047.951
1042.406
1050.779
1025.315
1024.593
1028.314
1031.516
1036.401
1032.002
1031.230
1031.208
1033.306
1033.338
1035.759
1039.759
1040.459
1038.212
1038.212
1036.457
1033.701
1033.606
1043.730
1042.817
1053.399
1056.035
1056.074
1094.157
1103.747
1107.248
1108.027
1113.023
1115.331
1113.862
1119.923
1112.347
1101.164
1100.973
1088.661
1088.552
1088.147
1089.796
1092.596
1092.102
1095.460
1117.376
1123.519
1116.546
1116.563
1115.782
1109.929
1109.453
1107.885
1106.708
1105.747
1101.506
1101.281
1098.304
1096.554
1096.554
1096.916
1096.789
1098.195
1088.254
1092.020
1091.603
1095.300
1094.465
1086.703
1087.026
1086.986
1089.470
1097.684
1098.946
1102.725
1104.540
1105.534
1110.675
1110.711
1112.350
1111.678
1111.738
1110.814
1107.994
1109.407
1086.950
1087.171
1096.584
1086.886
1087.382
1080.916
1075.894
1076.434
1076.280
1076.255
1081.659
1070.370
1069.040
1105.543
1102.862
1102.343
1102.343
1102.517
1104.067
1099.371
1101.031
1100.232
1092.240
1094.934
1094.448
1094.399
1094.340
1090.997
1090.765
1097.707
1094.551
1097.169
1102.008
1098.485
1105.157
1112.510
1112.324
1117.785
1117.787
1111.975
1109.359
1110.518
1108.506
1108.682
1112.820
1115.568
1113.394
1110.801
1112.164
1114.822
1128.417
1108.208
1111.799
1121.388
1115.953
1115.898
1110.205
1114.746
1119.027
1110.096
1110.162
1111.018
1112.193
1117.005
1117.507
1114.923
1115.510
1114.855
1115.236
1122.265
1135.243
1145.162
1146.618
1146.998
1146.229
1147.113
1147.113
1157.112
1153.773
1154.239
1152.155
1152.291
1172.800
1179.970
1180.644
1184.378
1225.736
1230.628
1232.145
1232.145
1226.719
1233.359
1233.094
1230.938
1225.759
1235.850
1235.233
1235.233
1235.171
1237.246
1237.874
1233.038
1232.880
1233.208
1226.765
1226.487
1225.946
1239.556
1265.919
1265.225
1264.172
1264.986
1276.616
1277.049
1283.255
1282.119
1295.306
1303.783
1289.749
1286.763
1295.716
1293.068
1297.740
1283.470
1290.797
1285.269
1288.745
1281.132
1292.876
1292.876
1290.878
1289.504
1289.402
1289.348
1289.708
1291.777
1295.132
1295.137
1296.008
1295.111
1296.398
1303.841
1313.370
1310.929
1330.382
1337.144
1338.005
1332.887
1301.720
1293.935
1294.106
1292.272
1292.728
1288.649
1293.987
1293.196
1293.196
1293.612
1293.878
1323.025
1326.823
1324.708
1322.599
1323.657
1362.245
1359.043
1359.043
1364.922
1362.834
1360.388
1359.640
1399.482
1400.257
1403.356
1402.940
1398.754
1397.551
1400.655
1405.172
1407.397
1409.586
1410.344
1416.074
1415.725
1399.326
1395.847
1398.274
1393.549
1396.799
1395.113
1399.562
1398.136
1405.176
1398.592
1404.842
1396.067
1396.067
1396.686
1372.468
1373.708
1343.575
1337.155
1337.256
1332.627
1327.477
1327.342
1327.342
1333.185
1333.211
1330.152
1326.125

Error results for SA7
---------------------------
971.250
971.250
968.823
970.474
973.742
967.689
984.964
984.692
985.467
985.178
984.593
958.391
957.865
957.995
956.811
958.298
963.322
963.322
961.354
961.768
945.597
945.612
945.612
944.563
925.795
924.510
924.639
924.639
926.302
925.835
922.109
926.462
928.537
926.274
925.873
925.849
927.731
934.713
941.414
931.036
922.780
924.498
934.794
935.864
934.354
930.884
924.155
923.314
943.730
943.941
944.983
946.701
947.556
956.029
956.522
957.892
959.379
965.757
965.344
980.401
972.852
971.858
971.052
976.673
975.273
975.620
985.059
975.329
982.649
982.473
983.535
1005.441
1009.662
1009.698
1009.532
1129.358
1123.525
1121.525
1114.943
1115.444
1117.049
1117.457
1121.432
1122.375
1117.262
1116.403
1115.661
1115.630
1115.085
1121.821
1130.471
1135.252
1135.088
1138.325
1133.081
1132.824
1132.914
1135.325
1135.433
1137.730
1140.250
1144.696
1146.056
1147.489
1152.620
1201.343
1201.901
1182.994
1185.750
1189.570
1199.418
1199.418
1199.890
1199.687
1198.518
1200.536
1198.042
1202.001
1200.200
1201.256
1210.464
1211.551
1205.784
1187.029
1185.945
1181.957
1181.831
1181.760
1178.224
1171.892
1173.031
1176.721
1164.281
1155.632
1150.303
1149.985
1148.753
1142.663
1152.572
1153.773
1153.415
1169.819
1167.312
1167.229
1167.229
1166.431
1166.453
1166.455
1165.939
1166.012
1168.949
1166.890
1162.880
1159.738
1170.026
1169.706
1184.329
1189.245
1188.673
1192.305
1196.025
1192.173
1192.173
1190.461
1191.985
1191.899
1190.257
1191.604
1194.015
1194.697
1179.607
1179.623
1179.667
1124.937
1125.289
1126.274
1124.717
1124.352
1124.352
1124.272
1135.267
1131.739
1142.992
1141.318
1143.492
1143.352
1132.854
1129.450
1129.388
1129.782
1129.838
1123.364
1121.796
1121.859
1121.203
1115.013
1115.419
1112.679
1115.227
1114.972
1115.537
1092.314
1081.462
1080.381
1091.349
1089.617
1085.010
1082.642
1082.559
1082.135
1082.135
1079.166
1079.010
1059.789
1055.007
1054.298
1052.864
1063.906
1064.666
1064.397
1064.460
1059.569
1059.384
1056.705
1059.736
1057.881
1070.126
1074.009
1092.515
1092.552
1092.606
1097.460
1108.503
1105.402
1092.308
1091.718
1057.227
1085.769
1086.463
1092.391
1099.032
1102.125
1091.813
1092.625
1092.815
1083.058
1076.192
1081.420
1080.699
1078.818
1079.071
1079.110
1079.991
1079.314
1080.147
1079.838
1074.600
1075.251
1075.899
1075.278
1074.463
1076.568
1075.829
1064.622
1060.204
1060.497
1057.160
1058.432
1065.734
1070.569
1068.410
1075.222
1071.342
1068.377
1065.069
1065.173
1080.150
1080.510
1077.711
1077.582
1077.454
1077.405
1076.957
1079.605
1079.605
1078.803
1069.980
1070.719
1083.312
1064.004
1063.867
1051.452
1051.243
1051.243
1054.664
1054.079
1056.915
1062.621
1065.821
1065.703
1070.037
1066.242
1062.687
1063.261
1062.592
1062.592
1061.280
1058.926
1052.983
1046.335
1046.610
1046.131
1045.281
1045.281
1045.062
1045.040
1046.989
1046.994
1048.725
1048.725
1048.725
1044.149
1044.922
1046.197
1046.197
1039.739
1032.082
1032.563
1032.509
1039.266
1040.642
1050.156
1048.108
1045.893
1038.608
1038.340
1038.321
1037.733
1035.227
1034.323
1037.814
1021.373
1021.023
1020.505
1024.339
1024.261
1023.955
1020.469
1009.940
996.358
986.809
996.020
1003.576
1002.140
1000.957
994.628
995.252
995.901
1000.879
998.626
993.174
991.589
988.254
988.254
987.724
986.309
986.757
1006.849
1005.823
1005.150
1008.743
1007.928
1001.263
1000.443
1000.443
997.912
994.308
992.661
989.115
989.115
998.049
1002.229
1002.277
1002.235
998.733
996.637
996.215
1002.443
999.011
998.384
999.908
999.495
999.733
999.583
992.554
1004.421
1005.998
1004.265
998.673
1009.783
1011.476
1011.933
1008.460
1008.453
1002.626
1006.535
1006.535
995.448
995.421
995.421
995.417
973.199
973.171
978.455
976.722
976.722
976.806
978.417
981.353
982.034
982.034
978.999
977.045
977.105
956.170
956.653
955.713
954.829
954.551
1004.640
1006.205
1006.060
1006.884
1008.837
1005.153
1003.393
1003.344
1003.418
1019.655
1019.314
1019.715
1015.022
1017.234
1015.764
1017.280
1017.280
1022.702
1020.901
1000.954
1010.862
1011.186
1020.756
1020.785
1020.410
969.582
962.387
974.565
975.090
975.451
975.738
973.264
973.904
973.904
978.052
972.314
970.062
964.214
912.146
903.492
903.043
902.933
906.692
909.949
909.830
909.804
909.004
908.741
911.001
911.001
916.736
938.150
934.594
939.967
939.967
941.274
941.392
923.534
926.293
924.857
927.769
922.520
942.229
940.292
943.826
940.885
939.202
939.202
942.085
932.277
933.347

Error results for SA8
---------------------------
950.377
952.984
954.313
927.193
927.961
930.217
929.167
928.681
928.900
930.872
926.487
928.426
930.281
933.275
936.358
932.756
926.207
930.378
930.136
921.637
922.876
924.700
934.261
934.261
928.400
928.550
924.474
924.455
923.440
902.232
904.862
904.188
900.639
881.280
893.332
885.489
893.987
893.804
892.687
888.741
887.151
887.131
888.833
882.319
883.999
883.102
885.730
893.584
892.600
893.442
905.771
904.277
896.477
906.269
904.769
904.807
903.340
903.340
905.446
904.079
909.128
914.501
909.644
912.100
912.100
907.562
907.093
915.747
917.639
909.006
903.221
900.492
903.603
903.605
903.627
909.212
908.633
908.321
897.506
897.506
896.804
894.320
896.412
895.050
897.154
896.472
896.507
896.220
889.521
887.526
887.827
887.691
887.928
888.589
888.309
888.433
877.087
877.900
879.796
880.515
882.101
882.101
879.438
876.037
876.222
881.906
882.214
882.897
884.908
890.610
896.343
889.362
892.477
893.446
890.698
890.698
890.354
888.972
887.851
888.232
886.836
886.646
885.712
885.534
895.884
896.846
895.532
895.084
897.082
900.935
900.476
901.213
900.891
899.272
899.099
899.608
906.043
906.043
904.789
900.871
896.383
903.937
898.776
896.845
896.821
902.565
900.464
890.760
888.478
888.608
889.488
886.055
886.055
887.246
885.945
885.918
885.604
884.806
884.557
891.354
891.590
896.001
895.531
901.973
902.977
902.912
902.793
903.020
900.206
899.107
900.449
895.610
897.107
897.149
892.852
892.852
894.573
894.401
894.369
887.885
888.199
882.320
882.282
880.473
882.752
868.979
871.207
874.023
874.417
888.455
891.762
893.705
892.802
892.819
892.795
881.129
869.744
868.011
868.703
870.534
872.582
872.587
874.588
874.494
871.443
874.134
873.846
890.265
888.589
892.550
894.552
894.657
870.186
868.703
872.723
873.932
871.657
871.695
871.842
870.090
868.260
873.293
881.137
879.884
881.028
866.049
864.942
872.157
870.215
867.153
871.403
871.865
874.298
875.382
874.183
874.657
883.772
883.772
893.692
893.818
902.667
904.399
932.256
932.210
934.041
934.323
926.966
929.830
928.385
929.068
946.358
946.739
918.432
921.884
922.219
924.675
902.907
900.669
907.742
907.337
907.334
904.611
904.594
915.149
917.767
915.251
913.871
913.943
914.482
915.792
914.615
915.089
923.234
917.577
915.866
906.148
904.665
909.772
910.072
904.922
900.846
901.542
901.544
901.477
905.686
905.305
905.228
908.016
905.805
910.356
910.327
907.411
910.532
913.284
912.805
913.301
914.167
915.471
921.048
918.805
889.647
892.021
892.281
899.913
897.031
897.168
895.187
895.187
896.302
893.917
894.753
894.753
895.960
893.914
893.924
894.361
900.612
901.400
901.745
908.657
909.634
909.458
906.685
905.874
901.758
900.148
905.082
910.229
907.039
907.676
917.486
917.274
917.025
914.230
916.100
911.647
912.159
909.817
909.729
912.116
913.103
912.463
905.780
903.392
903.673
906.459
906.552
908.599
905.192
906.993
907.829
918.248
929.153
925.550
925.518
925.543
925.646
927.309
917.992
905.540
895.379
895.379
895.379
896.426
896.426
896.685
896.705
896.661
896.372
896.198
888.118
889.275
904.066
904.957
902.591
902.591
909.663
909.633
907.352
903.451
905.672
910.559
911.948
903.118
903.816
904.185
889.596
895.268
895.211
902.614
897.709
897.100
888.863
890.368
890.251
887.342
887.712
887.691
887.017
890.209
888.998
889.821
886.560
886.114
884.133
881.089
880.641
880.523
880.676
865.661
864.652
864.383
867.957
865.623
863.444
866.539
861.798
864.397
864.912
863.943
863.977
865.861
870.565
870.669
874.145
873.614
880.323
878.053
887.051
889.159
889.528
888.934
890.491
888.018
890.846
883.505
881.148
881.603
886.499
886.594
862.326
862.289
866.291
842.844
839.683
840.376
842.085
842.177
838.451
838.236
859.768
860.156
859.872
860.345
862.451
861.860
861.666
861.671
861.669
861.654
868.005
871.498
871.064
860.624
861.262
861.285
862.062
850.037
850.194
860.172
858.481
871.808
873.671
875.087
877.432
876.965
874.999
873.925
869.607
868.164
868.243
869.389
870.446
870.474
869.233
871.619
871.103
871.568
867.085
865.865
864.605
863.988
865.543
864.787
854.414
854.728
854.728
858.396
858.530
865.728

Error results for SA9
---------------------------
1223.236
1230.938
1237.342
1237.572
1240.277
1246.635
1247.106
1241.664
1239.913
1230.334
1227.986
1227.986
1226.749
1231.313
1229.433
1219.977
1221.899
1220.936
1217.527
1215.331
1231.778
1246.192
1246.283
1245.142
1240.077
1241.528
1240.544
1252.409
1258.515
1258.814
1259.470
1262.648
1263.717
1256.218
1256.504
1260.387
1257.843
1257.843
1265.078
1264.688
1251.925
1238.424
1244.211
1244.858
1245.085
1236.641
1235.722
1240.242
1239.837
1236.723
1235.839
1235.940
1227.603
1216.161
1219.002
1219.002
1219.019
1218.215
1249.506
1242.835
1255.010
1247.291
1252.433
1253.746
1253.677
1254.291
1244.271
1244.271
1250.853
1251.905
1260.052
1261.102
1264.668
1263.590
1261.148
1288.854
1290.550
1292.169
1293.715
1302.634
1304.301
1316.894
1316.894
1327.966
1329.071
1329.173
1278.954
1263.143
1229.968
1228.812
1238.694
1290.379
1289.967
1288.875
1291.406
1290.328
1284.309
1282.831
1281.766
1281.522
1281.809
1282.388
1283.931
1284.287
1273.908
1279.700
1277.109
1280.575
1299.497
1293.457
1291.358
1301.177
1295.627
1309.928
1303.649
1303.649
1300.709
1262.317
1262.237
1267.183
1288.188
1296.144
1305.893
1299.466
1299.466
1299.109
1322.089
1322.091
1315.208
1315.027
1310.029
1321.722
1318.139
1319.942
1322.942
1328.278
1333.180
1333.816
1335.240
1373.264
1374.299
1383.181
1379.280
1373.431
1373.564
1367.421
1367.627
1359.096
1360.143
1362.660
1362.660
1373.311
1380.560
1379.940
1376.249
1391.773
1393.270
1389.262
1389.464
1389.754
1386.113
1382.802
1381.297
1380.297
1358.835
1345.893
1336.003
1336.003
1336.689
1336.507
1336.456
1336.456
1336.456
1334.981
1327.851
1328.334
1324.773
1328.428
1332.575
1333.361
1325.633
1365.916
1364.707
1365.293
1364.013
1362.391
1362.391
1353.135
1365.659
1421.821
1421.821
1422.357
1424.105
1424.617
1423.299
1431.023
1433.088
1440.619
1437.131
1432.998
1433.114
1433.376
1436.042
1434.303
1434.834
1437.961
1429.856
1429.164
1429.177
1416.712
1425.583
1425.583
1425.933
1421.112
1422.715
1421.978
1419.707
1419.627
1422.167
1403.279
1451.316
1457.027
1457.587
1457.599
1453.321
1449.390
1449.326
1448.202
1448.279
1447.199
1457.130
1457.571
1457.827
1457.469
1466.752
1492.825
1490.704
1497.124
1481.573
1495.936
1494.900
1489.985
1489.891
1494.333
1494.425
1556.590
1536.379
1535.367
1533.997
1533.997
1528.166
1524.672
1524.924
1519.999
1519.972
1513.702
1508.973
1508.869
1509.571
1529.091
1528.168
1549.587
1551.039
1613.741
1613.741
1613.917
1613.919
1614.553
1613.522
1602.926
1607.363
1616.524
1614.001
1621.353
1623.938
1622.156
1627.032
1616.013
1622.181
1624.393
1633.451
1636.311
1637.062
1639.572
1619.139
1617.115
1614.620
1622.287
1620.477
1625.201
1626.559
1628.959
1631.506
1630.160
1624.800
1621.148
1621.382
1622.609
1605.179
1607.593
1608.650
1607.305
1607.828
1606.172
1605.480
1609.231
1617.310
1618.453
1611.429
1611.634
1618.751
1615.390
1610.121
1607.377
1606.258
1606.117
1605.873
1604.292
1598.429
1598.724
1598.707
1598.740
1612.963
1613.115
1602.983
1602.983
1604.625
1618.591
1618.883
1618.924
1618.940
1618.774
1617.953
1618.288
1629.699
1621.937
1641.901
1635.065
1672.022
1660.097
1662.038
1668.921
1657.174
1657.174
1672.734
1678.996
1725.647
1746.211
1744.979
1744.869
1744.440
1745.540
1745.540
1742.890
1735.303
1741.502
1738.251
1741.540
1741.469
1752.062
1751.404
1749.765
1749.441
1710.520
1711.164
1711.164
1706.659
1703.917
1702.849
1709.799
1709.799
1708.706
1687.242
1695.231
1695.172
1673.483
1694.657
1694.315
1680.634
1681.184
1681.199
1686.886
1686.766
1685.607
1686.120
1685.016
1675.741
1679.382
1679.272
1670.139
1673.001
1672.794
1672.810
1672.811
1674.611
1674.588
1657.391
1666.553
1663.088
1665.249
1662.903
1644.150
1642.040
1640.153
1630.614
1630.666
1630.122
1630.195
1630.740
1630.788
1630.904
1625.139
1636.632
1636.632
1636.632
1631.996
1642.775
1642.754
1643.252
1638.622
1635.872
1645.077
1651.094
1635.532
1635.565
1639.393
1641.942
1640.182
1620.022
1620.252
1614.337
1613.921
1596.473
1608.871
1609.826
1611.798
1606.509
1611.243
1568.818
1599.766
1594.198
1592.143
1592.134
1600.138
1602.143
1602.135
1563.828
1563.741
1564.271
1564.271
1564.007
1564.007
1569.472
1569.394
1556.655
1553.679
1550.559
1554.283
1554.183
1556.250
1561.321
1562.343
1564.347
1564.319
1561.496
1558.434
1542.760
1531.613
1530.560
1530.079
1514.686
1512.877
1531.936
1532.373
1523.935
1520.329
1533.145
1533.570
1538.629
1538.827
1539.306
1538.009
1539.732
1539.732
1539.889
1539.543
1539.550
1541.590
1541.590
1554.536
1554.621
1547.140
1546.639
1546.078
1550.869
1545.383
1557.832
1546.337
1546.337
1545.047

Error results for SA10
---------------------------
818.491
818.491
821.912
822.311
821.211
829.844
828.000
830.663
829.877
830.233
830.915
830.915
837.978
836.846
839.152
833.875
833.621
809.634
822.020
818.641
812.346
812.417
830.499
831.232
831.232
828.001
825.925
832.036
832.036
832.035
830.580
829.222
825.812
825.647
825.072
830.685
827.710
826.048
823.149
823.350
822.166
814.218
815.215
815.439
817.388
818.796
818.350
816.515
822.482
822.482
822.541
821.780
821.504
837.593
839.133
839.173
838.753
838.142
842.011
851.539
841.346
841.424
846.112
846.564
839.669
839.959
840.063
839.823
843.526
838.834
827.963
827.963
827.963
827.716
829.030
827.322
827.996
828.044
842.527
833.932
830.511
830.376
828.835
848.723
848.774
846.641
848.741
849.786
853.441
855.333
856.956
856.661
856.834
857.350
857.357
857.357
857.357
876.469
896.881
896.881
894.486
894.104
894.100
898.212
898.416
897.980
920.321
914.621
914.587
921.116
917.816
921.766
912.673
914.194
917.054
916.820
920.521
928.093
927.247
928.425
944.740
945.182
946.675
958.848
957.757
956.158
955.260
961.803
973.973
972.229
971.366
963.687
970.844
970.647
970.647
967.400
963.964
959.298
959.298
935.428
981.779
977.599
980.598
984.164
982.745
987.671
976.551
976.508
973.433
969.946
964.757
978.001
989.703
995.407
990.792
986.915
987.648
994.372
1001.220
1000.853
999.313
999.865
999.099
997.017
999.742
997.363
1001.522
999.016
996.918
992.038
1000.270
1002.993
1003.750
1003.166
989.249
981.108
983.550
964.633
968.451
975.252
972.627
972.356
987.183
986.032
964.996
965.475
964.275
966.944
970.267
971.419
977.056
977.056
977.056
976.042
976.001
959.937
961.259
961.041
943.932
973.711
976.623
976.626
976.325
972.023
970.263
969.946
976.449
975.770
979.062
966.874
968.718
979.472
979.471
988.350
988.597
993.273
993.770
967.368
961.366
957.832
957.832
960.254
946.086
948.945
949.493
950.469
948.197
946.138
946.181
947.634
946.575
944.501
944.220
933.394
932.864
931.613
931.275
926.777
951.990
969.718
969.440
970.320
966.786
967.234
967.548
968.144
965.259
965.468
966.694
978.573
979.021
978.163
978.475
982.201
988.199
987.690
987.511
987.438
974.580
973.324
1010.057
1006.610
1006.645
1006.173
1008.183
1007.158
1040.143
1042.022
1019.700
1018.403
1021.768
1022.611
1026.460
1041.072
1053.157
1051.204
1051.524
1052.904
1029.784
1029.784
1029.012
1028.548
1028.251
1019.183
1024.054
1025.720
1043.218
1043.061
1040.884
1041.019
1043.957
1044.396
1043.477
1043.944
1042.795
1049.957
1048.511
1051.871
1051.791
1052.252
1046.982
1046.982
1045.959
1047.131
1040.980
1040.112
1041.399
1039.750
1041.303
1040.410
1040.968
1045.103
1045.750
1051.936
1056.148
1055.977
1056.440
1054.840
1053.281
1049.501
1046.674
1046.204
1056.012
1056.746
1054.360
1069.304
1069.967
1077.526
1077.526
1076.110
1077.490
1067.953
1071.733
1070.132
1073.188
1075.708
1074.589
1066.895
1055.967
1056.491
1054.696
1073.343
1071.818
1073.488
1075.615
1079.637
1079.637
1079.637
1087.612
1102.092
1101.658
1104.345
1113.182
1120.581
1121.412
1118.676
1098.107
1090.304
1091.420
1090.897
1101.265
1101.186
1102.329
1115.770
1117.397
1117.397
1124.759
1119.253
1108.520
1109.438
1108.486
1112.412
1104.739
1093.411
1089.827
1086.433
1087.989
1105.373
1119.318
1119.189
1114.241
1114.576
1112.725
1100.081
1152.426
1148.832
1136.591
1138.256
1148.110
1149.253
1144.032
1143.949
1138.488
1138.175
1144.059
1143.830
1140.670
1161.119
1171.131
1184.583
1180.562
1187.482
1187.433
1177.777
1176.493
1170.956
1165.061
1167.155
1175.065
1174.047
1173.408
1173.840
1166.317
1165.962
1181.207
1183.830
1183.080
1179.229
1184.600
1185.496
1184.650
1183.854
1182.399
1182.766
1178.799
1178.491
1177.773
1177.751
1176.019
1175.764
1177.392
1178.750
1153.227
1152.185
1154.661
1138.393
1138.182
1115.634
1113.788
1111.301
1111.969
1115.116
1112.772
1113.320
1114.894
1117.470
1111.310
1109.512
1109.484
1106.736
1106.132
1124.544
1128.927
1128.659
1144.743
1145.401
1147.568
1147.568
1140.183
1135.824
1132.547
1130.167
1129.091
1127.228
1130.069
1127.566
1115.301
1117.927
1114.906
1114.509
1113.757
1116.429
1114.289
1111.507
1123.641
1143.792
1144.520
1145.458
1147.493
1144.491
1144.491
1143.598
1169.188
1171.933
1176.448
1173.688
1179.764
1181.472
1171.475
1174.521
1157.030
1157.030
1153.509
1151.851
1157.806
1157.357
1157.357
1157.611
1159.081
1145.415

--------------------------------------------
Results for SA1: 
--------------------------------------------
Correctly classified (TEST) 1827.0 instances.
Incorrectly classified (TEST) 1490.0 instances.
Percent correctly classified (TEST): 55.080%

Correctly classified (TRAIN)4275.0 instances.
Incorrectly classified (TRAIN) 3463.0 instances.
Percent correctly classified (TRAIN): 55.247%

Training time: 30.100 seconds
Testing time: 0.144 seconds

--------------------------------------------
Results for SA2: 
--------------------------------------------
Correctly classified (TEST) 1544.0 instances.
Incorrectly classified (TEST) 1773.0 instances.
Percent correctly classified (TEST): 46.548%

Correctly classified (TRAIN)3517.0 instances.
Incorrectly classified (TRAIN) 4221.0 instances.
Percent correctly classified (TRAIN): 45.451%

Training time: 26.219 seconds
Testing time: 0.070 seconds

--------------------------------------------
Results for SA3: 
--------------------------------------------
Correctly classified (TEST) 1578.0 instances.
Incorrectly classified (TEST) 1739.0 instances.
Percent correctly classified (TEST): 47.573%

Correctly classified (TRAIN)3695.0 instances.
Incorrectly classified (TRAIN) 4043.0 instances.
Percent correctly classified (TRAIN): 47.751%

Training time: 26.798 seconds
Testing time: 0.080 seconds

--------------------------------------------
Results for SA4: 
--------------------------------------------
Correctly classified (TEST) 1368.0 instances.
Incorrectly classified (TEST) 1949.0 instances.
Percent correctly classified (TEST): 41.242%

Correctly classified (TRAIN)3102.0 instances.
Incorrectly classified (TRAIN) 4636.0 instances.
Percent correctly classified (TRAIN): 40.088%

Training time: 26.326 seconds
Testing time: 0.071 seconds

--------------------------------------------
Results for SA5: 
--------------------------------------------
Correctly classified (TEST) 1584.0 instances.
Incorrectly classified (TEST) 1733.0 instances.
Percent correctly classified (TEST): 47.754%

Correctly classified (TRAIN)3618.0 instances.
Incorrectly classified (TRAIN) 4120.0 instances.
Percent correctly classified (TRAIN): 46.756%

Training time: 36.392 seconds
Testing time: 0.126 seconds

--------------------------------------------
Results for SA6: 
--------------------------------------------
Correctly classified (TEST) 1403.0 instances.
Incorrectly classified (TEST) 1914.0 instances.
Percent correctly classified (TEST): 42.297%

Correctly classified (TRAIN)3178.0 instances.
Incorrectly classified (TRAIN) 4560.0 instances.
Percent correctly classified (TRAIN): 41.070%

Training time: 58.298 seconds
Testing time: 0.180 seconds

--------------------------------------------
Results for SA7: 
--------------------------------------------
Correctly classified (TEST) 1956.0 instances.
Incorrectly classified (TEST) 1361.0 instances.
Percent correctly classified (TEST): 58.969%

Correctly classified (TRAIN)4661.0 instances.
Incorrectly classified (TRAIN) 3077.0 instances.
Percent correctly classified (TRAIN): 60.235%

Training time: 59.787 seconds
Testing time: 0.147 seconds

--------------------------------------------
Results for SA8: 
--------------------------------------------
Correctly classified (TEST) 2044.0 instances.
Incorrectly classified (TEST) 1273.0 instances.
Percent correctly classified (TEST): 61.622%

Correctly classified (TRAIN)4743.0 instances.
Incorrectly classified (TRAIN) 2995.0 instances.
Percent correctly classified (TRAIN): 61.295%

Training time: 33.105 seconds
Testing time: 0.068 seconds

--------------------------------------------
Results for SA9: 
--------------------------------------------
Correctly classified (TEST) 974.0 instances.
Incorrectly classified (TEST) 2343.0 instances.
Percent correctly classified (TEST): 29.364%

Correctly classified (TRAIN)2308.0 instances.
Incorrectly classified (TRAIN) 5430.0 instances.
Percent correctly classified (TRAIN): 29.827%

Training time: 25.296 seconds
Testing time: 0.070 seconds

--------------------------------------------
Results for SA10: 
--------------------------------------------
Correctly classified (TEST) 1495.0 instances.
Incorrectly classified (TEST) 1822.0 instances.
Percent correctly classified (TEST): 45.071%

Correctly classified (TRAIN)3528.0 instances.
Incorrectly classified (TRAIN) 4210.0 instances.
Percent correctly classified (TRAIN): 45.593%

Training time: 29.161 seconds
Testing time: 0.082 seconds