Error results for SA1
---------------------------
1303.263
1276.977
1278.562
1279.728
1279.319
1279.493
1280.001
1274.005
1272.858
1277.598
1279.018
1285.801
1287.063
1287.061
1283.624
1285.125
1261.184
1245.250
1247.314
1250.361
1246.539
1246.539
1246.539
1248.868
1246.339
1246.127
1246.166
1246.230
1242.587
1244.012
1252.626
1321.156
1222.968
1226.679
1228.318
1224.718
1224.366
1220.020
1229.579
1239.134
1214.640
1213.771
1213.771
1211.481
1207.250
1207.239
1208.819
1212.568
1206.973
1204.520
1213.642
1192.527
1192.496
1190.935
1190.482
1190.377
1190.898
1188.155
1188.155
1181.772
1195.383
1188.235
1175.423
1175.252
1174.880
1171.987
1167.630
1184.414
1157.929
1156.344
1175.717
1156.665
1110.348
1110.749
1118.793
1111.658
1109.471
1109.471
1104.325
1104.368
1099.287
1099.014
1098.642
1106.776
1098.642
1100.947
1103.660
1113.180
1097.780
1097.286
1096.132
1096.653
1095.063
1091.521
1091.521
1090.036
1102.612
1088.806
1081.130
1079.345
1085.916
1079.987
1092.699
1080.051
1076.762
1081.818
1079.569
1077.480
1076.551
1077.574
1072.275
1074.066
1069.361
1075.104
1082.661
1070.804
1069.391
1069.898
1069.361
1073.338
1077.098
1069.293
1069.411
1070.190
1069.330
1067.252
1064.928
1065.096
1063.478
1061.460
1061.353
1063.865
1060.386
1060.022
1054.348
1057.313
1057.561
1054.111
1049.363
1050.779
1060.380
1049.321
1048.718
1053.524
1056.505
1046.212
1045.603
1045.174
1046.130
1043.812
1044.400
1042.719
1065.794
1046.360
1031.660
1030.204
1031.779
1027.891
1027.272
1036.091
1027.347
1014.852
1017.675
1031.850
1015.925
1015.213
1012.637
1012.637
1012.577
1014.138
1013.386
1011.143
1022.598
997.241
997.467
1002.577
1008.876
998.858
1007.535
996.079
996.194
996.484
1001.079
995.611
993.260
982.922
972.618
971.243
967.993
971.006
974.848
967.822
967.908
967.822
966.425
970.957
964.871
964.154
964.363
963.502
971.611
963.747
963.596
961.837
962.209
959.893
964.075
954.039
955.317
958.144
969.246
956.512
955.622
953.893
953.949
952.311
957.005
932.591
942.298
926.027
926.927
924.783
926.610
924.625
924.617
916.916
917.005
917.901
914.227
913.967
914.952
915.712
918.413
927.137
905.954
904.252
897.613
897.613
897.613
905.426
902.802
886.258
886.615
885.100
893.379
885.188
889.249
885.679
881.166
887.009
880.051
880.418
890.993
881.035
879.805
878.828
876.139
876.752
875.771
876.022
873.971
874.967
873.812
874.590
873.036
873.076
873.065
873.333
873.288
874.632
872.272
870.735
877.537
868.964
869.642
867.673
866.460
867.495
865.162
854.551
855.374
855.045
858.536
866.594
852.865
858.021
857.255
849.462
848.115
845.621
852.623
846.087
845.793
845.537
846.733
846.430
846.405
845.198
845.186
847.133
846.302
845.729
853.377
842.814
847.364
843.867
842.814
842.173
841.113
836.769
845.726
835.090
836.450
832.317
797.384
798.336
796.451
795.986
797.748
789.488
789.343
803.228
789.212
789.172
790.091
787.308
786.422
786.715
786.717
769.257
774.482
769.257
769.778
778.358
769.783
769.334
769.266
768.032
768.739
768.201
727.182
732.778
727.704
726.528
726.772
722.792
724.687
721.426
752.224
721.917
726.702
720.805
720.805
720.910
724.244
722.369
721.213
721.284
720.805
720.278
726.315
719.270
719.268
720.019
719.493
732.035
721.428
721.079
718.223
717.703
718.205
721.283
717.703
716.419
713.891
715.123
713.746
714.146
711.441
709.431
709.249
707.468
706.866
707.105
706.687
707.237
706.441
707.864
685.489
685.680
686.573
685.092
687.499
687.958
683.704
684.794
683.224
690.316
682.855
685.088
682.384
678.045
677.958
677.881
677.753
679.202
677.541
677.622
677.900
673.445
673.520
673.547
672.511
673.644
671.579
675.154
670.113
672.011
671.070
669.757
669.938
669.633
669.798
669.585
667.600
667.341
668.353
667.341
622.255
626.537
624.411
621.590
619.835
619.578
621.205
628.577
619.646
618.688
623.606
618.640
615.839
615.839
619.617
615.657
615.663
615.743
615.744
624.678
617.482
615.924
615.434
617.034
615.159
615.119
614.693
614.729
603.385
603.165
602.534
603.329
604.226
595.260
595.260
595.433
595.058
596.284
594.551
594.206
593.207
594.136
594.109
595.338
598.502
594.975
596.672
592.273
592.733
591.862
599.130
592.055
592.782
591.915
593.466
592.026
591.596
591.486
592.240
588.287
588.808
588.271
588.236
590.707
588.639
609.198
587.612
589.772
627.454
586.346
586.152
585.001

Error results for SA2
---------------------------
1335.547
1342.096
1323.925
1322.531
1322.953
1319.202
1307.984
1307.984
1307.984
1311.347
1300.206
1299.756
1293.759
1274.909
1284.955
1284.955
1285.317
1301.593
1287.470
1286.315
1283.421
1280.946
1275.927
1281.643
1281.165
1286.453
1262.973
1262.806
1261.113
1260.865
1261.587
1261.458
1237.297
1242.603
1233.350
1231.541
1235.063
1230.940
1228.646
1228.646
1217.109
1216.078
1223.863
1216.238
1216.279
1200.445
1197.374
1170.878
1174.368
1171.942
1168.341
1206.190
1169.974
1165.068
1215.948
1157.977
1157.556
1156.996
1159.256
1149.871
1151.142
1147.651
1148.994
1159.285
1154.163
1146.678
1145.842
1142.496
1147.538
1142.665
1142.665
1138.573
1152.459
1153.213
1137.294
1138.584
1148.102
1137.294
1135.906
1138.076
1135.916
1135.733
1136.451
1129.568
1144.275
1129.563
1134.671
1129.563
1126.629
1123.050
1135.056
1108.767
1104.470
1108.723
1107.029
1104.044
1104.044
1100.203
1103.434
1100.203
1096.312
1089.753
1086.181
1119.037
1107.342
1085.636
1086.181
1070.736
1064.375
1056.791
1058.385
1064.042
1048.715
1063.065
1049.097
1072.124
1057.706
1047.320
1047.320
1046.152
1029.720
1037.563
1048.427
1036.082
1006.260
1008.016
1008.298
1000.915
1004.729
996.831
1010.257
998.254
1051.328
997.048
1005.061
1004.144
997.911
987.481
985.227
984.239
979.329
981.216
979.098
978.692
972.128
965.679
961.921
967.160
956.638
956.638
956.638
947.742
948.160
989.777
953.194
955.552
942.871
944.640
965.242
934.655
934.698
936.141
933.776
936.538
938.249
950.400
939.045
932.299
926.631
923.560
913.233
912.885
909.490
914.670
909.465
904.282
895.898
897.522
900.585
882.940
891.953
882.837
887.755
882.845
883.062
878.925
877.682
857.998
857.876
850.076
849.309
848.090
848.449
852.748
848.977
843.730
837.596
843.048
837.691
835.394
840.767
837.733
835.352
837.067
834.324
835.180
834.526
834.111
828.318
828.501
822.331
823.972
821.662
821.835
821.395
802.737
803.357
803.498
819.164
800.601
800.601
799.386
798.313
797.789
801.271
798.842
797.783
794.545
795.412
794.545
793.659
793.838
796.954
793.563
796.734
788.492
789.142
790.357
776.193
776.687
776.193
776.193
771.895
798.415
772.473
771.074
771.074
763.607
763.595
764.082
767.262
764.248
763.632
760.211
758.811
776.860
764.910
754.918
754.924
754.924
756.399
757.037
757.347
754.349
754.745
754.845
758.384
750.042
752.101
765.526
739.819
736.941
737.165
756.183
734.657
726.502
730.548
726.636
726.975
725.228
750.699
728.756
724.515
731.948
724.772
750.777
723.438
723.438
728.160
718.485
727.162
710.986
710.986
712.742
708.489
708.010
702.122
694.466
694.385
693.648
693.011
692.502
687.213
687.213
693.416
687.213
681.957
680.304
679.499
679.832
679.508
677.832
696.510
677.989
678.574
688.222
676.998
676.003
674.676
674.323
679.943
673.361
673.885
672.738
663.923
663.923
664.140
663.850
655.521
655.314
655.945
653.441
713.689
650.665
651.399
646.381
647.189
646.381
647.463
646.381
657.272
633.960
633.960
633.537
631.939
631.962
631.675
632.933
631.829
630.504
631.398
629.778
629.477
630.201
630.005
637.106
629.695
629.478
633.613
636.977
630.463
631.101
631.130
629.235
628.923
630.198
700.666
625.578
622.518
622.419
620.487
614.307
614.509
613.132
599.720
597.098
595.799
595.799
596.832
594.868
594.210
588.942
588.429
590.365
590.810
588.406
588.627
588.562
593.169
593.392
584.971
584.793
574.664
578.406
574.613
575.794
573.159
573.873
655.988
574.175
573.441
572.046
572.046
569.252
568.474
568.011
568.524
575.243
569.284
571.379
564.813
567.953
564.310
567.612
564.284
558.258
559.788
561.195
557.794
558.808
560.166
556.046
556.046
557.909
555.461
555.760
549.701
567.075
549.701
549.188
549.753
553.054
548.514
549.199
545.875
546.118
544.854
544.689
540.399
542.366
549.605
539.418
539.421
568.849
539.061
539.069
536.925
535.756
533.835
532.451
532.533
532.042
532.082
534.657
531.562
531.807
532.100
533.920
524.889
524.889
526.277
523.248
522.867
536.651
522.867
523.893
521.261
521.261
522.200
520.085
521.115
520.120
521.096
516.959
519.655
517.007
517.244
517.541
517.494
517.007
515.776
515.495
515.816
515.170
513.607
514.778
513.417
520.501
513.608
513.710
509.420
509.491
509.420
508.363
507.203
508.790
507.154
511.429
504.989
504.005

Error results for SA3
---------------------------
997.962
997.990
1014.050
1017.218
1017.306
1026.746
1019.116
1038.128
1039.936
1043.530
1039.975
1038.754
1037.587
1050.362
1050.227
1050.550
1049.776
1049.791
1048.304
1046.842
1042.538
1049.636
1049.636
1050.629
1073.523
1071.755
1071.915
1071.863
1071.964
1072.214
1064.901
1063.450
1016.674
1015.315
1015.427
1015.427
1016.509
1015.456
1014.934
1012.703
1005.370
1004.228
997.369
997.354
1004.052
996.443
996.443
995.710
995.477
994.781
992.493
991.694
992.379
992.142
990.441
990.547
991.436
990.441
991.059
987.613
1002.933
987.565
976.588
976.588
975.791
967.005
967.514
966.988
965.187
968.071
965.863
965.606
964.846
964.930
954.680
953.619
952.096
952.193
952.096
951.061
951.601
951.935
951.061
937.746
938.719
937.875
936.804
943.814
931.922
939.329
933.542
934.662
927.075
928.246
926.197
926.089
925.769
926.543
922.701
922.701
922.985
924.998
926.890
922.245
921.820
921.777
921.322
921.180
920.586
924.304
920.541
920.587
920.565
919.590
919.641
921.650
919.736
921.360
917.894
914.408
903.188
902.987
902.982
902.123
902.168
901.469
901.628
908.364
900.396
908.590
901.197
901.904
901.842
894.651
886.155
885.369
885.332
887.673
889.202
882.624
885.484
882.636
882.772
884.925
886.033
882.803
882.728
882.306
883.796
882.954
882.319
883.104
874.125
870.419
870.326
872.199
870.419
872.808
870.419
870.419
870.419
870.332
873.857
872.676
870.213
865.569
868.720
877.749
865.921
865.035
865.058
864.824
865.223
864.077
864.656
863.387
862.118
865.838
862.094
862.853
861.687
861.667
863.332
861.704
861.324
861.404
863.588
856.401
854.839
853.516
855.985
852.903
851.169
848.890
848.504
848.828
854.600
858.586
903.059
847.569
849.495
846.357
846.342
846.955
870.180
854.679
847.119
844.721
865.333
844.299
846.536
845.281
843.846
848.003
843.761
843.129
843.123
842.177
841.904
841.206
841.234
840.953
840.953
841.660
840.953
843.946
863.587
843.955
851.303
840.758
848.767
840.715
840.089
840.149
839.750
839.750
839.637
834.739
834.285
834.881
834.560
840.794
852.336
831.873
834.526
831.044
831.070
830.996
837.319
832.007
831.240
831.297
830.983
831.406
827.735
830.651
827.095
826.527
824.579
823.701
822.805
896.439
824.662
822.093
822.093
823.250
786.965
786.972
789.422
787.306
786.526
787.965
788.179
785.341
785.187
784.299
781.455
782.276
779.555
778.468
779.476
779.869
773.930
774.446
777.356
772.414
775.241
772.802
770.707
766.812
766.813
767.234
765.774
762.533
769.518
762.495
767.180
762.258
764.195
764.468
763.780
761.960
762.067
788.474
761.874
761.834
761.478
762.792
761.339
762.638
762.032
760.791
791.815
804.768
761.869
776.002
760.626
761.059
759.717
760.672
757.574
757.714
757.777
752.555
754.874
753.808
755.755
748.679
748.589
734.995
740.733
737.120
736.331
737.047
734.885
736.147
733.865
725.485
724.714
724.564
724.564
725.695
726.359
724.201
724.201
724.656
724.075
724.883
720.619
721.322
720.619
721.456
720.698
719.024
718.829
721.160
719.187
718.457
720.941
718.457
718.514
718.503
718.710
718.340
716.694
716.694
716.644
712.861
723.270
711.930
712.612
711.398
711.371
711.951
711.951
694.404
695.684
694.129
694.334
692.968
688.427
691.034
688.542
688.230
688.423
689.827
688.641
681.344
680.362
681.470
683.193
680.291
680.203
679.906
681.573
681.278
682.804
680.206
684.671
679.906
681.470
679.426
678.755
678.799
676.693
684.518
671.507
671.447
666.326
666.439
665.811
645.819
642.441
642.410
639.918
637.724
638.092
637.823
641.919
637.359
637.357
637.413
637.391
666.842
637.391
637.478
637.791
637.391
638.922
637.430
640.312
637.391
641.022
637.367
639.159
637.679
637.325
637.649
637.367
636.099
636.561
637.295
636.001
635.840
635.137
632.560
632.216
632.387
637.202
630.608
630.497
630.479
632.904
625.708
627.259
633.733
625.688
624.787
628.262
627.746
624.241
623.363
623.390
623.463
623.390
623.390
627.748
625.363
624.043
627.077
623.439
622.916
623.468
624.813
624.742
620.975
620.559
621.091
605.109
605.772
603.349
606.514
601.447
604.956
598.550
598.871
597.963
593.073
593.073
593.864
598.347
593.158
590.029
590.025
590.490
591.785
595.351
590.053
590.830
588.462

Error results for SA4
---------------------------
1011.369
1017.645
1009.993
1011.322
1011.322
1012.399
1008.388
1002.195
1003.085
1001.993
999.495
1007.228
1003.263
1014.772
1010.877
1011.257
1003.290
1004.356
1004.356
1003.454
1003.454
1003.435
1003.567
1005.903
1008.484
1011.847
1015.213
1013.070
1016.139
1010.607
1010.517
1011.947
1012.067
1012.558
1017.511
1012.558
1012.585
1002.440
997.504
997.108
995.399
995.308
995.200
1005.324
995.440
999.907
996.274
994.050
994.236
990.711
986.015
984.745
983.012
977.759
977.759
971.569
971.687
974.317
972.010
971.943
974.672
971.061
970.422
971.347
971.844
980.076
984.851
967.679
972.192
971.395
962.607
963.906
965.623
962.060
963.514
961.917
966.418
968.505
961.292
970.004
954.039
953.520
952.375
952.673
958.559
954.311
952.938
960.433
969.276
944.493
944.858
944.415
943.349
944.794
944.627
940.742
942.938
939.025
935.966
935.117
935.583
935.755
935.861
935.535
934.671
934.858
934.916
933.154
935.076
934.212
933.109
933.764
932.020
929.754
939.194
929.696
930.425
949.179
930.120
938.792
929.558
929.490
929.526
931.026
923.175
923.328
921.946
921.946
917.228
922.065
926.438
917.394
915.959
916.687
917.801
913.029
914.775
912.893
910.054
896.510
896.982
896.659
899.438
891.532
888.964
890.274
892.493
883.380
883.204
883.189
888.035
882.900
882.900
882.885
874.901
874.890
874.651
874.857
871.400
874.004
877.736
869.465
867.967
867.217
871.896
867.004
867.004
868.696
862.906
862.774
862.507
862.207
855.455
853.882
851.962
852.999
852.507
853.479
850.640
846.062
845.322
845.114
853.796
845.587
846.878
844.642
846.183
844.582
844.596
842.606
843.531
842.208
851.379
840.272
840.272
834.747
833.062
833.604
829.843
828.989
829.614
828.771
893.423
824.410
827.113
824.374
825.455
832.598
825.509
820.279
818.618
816.863
816.877
812.871
813.490
813.133
817.471
813.874
813.704
814.648
812.796
804.623
804.771
810.521
804.364
802.667
791.060
783.556
783.556
783.179
784.517
782.157
775.081
775.256
774.203
774.655
774.293
774.465
770.091
768.765
769.366
775.187
771.789
769.083
776.929
768.765
763.024
763.024
762.893
791.411
750.942
750.759
750.891
750.512
749.876
740.395
738.843
736.564
737.049
735.693
732.030
726.478
728.304
726.673
726.644
719.897
721.487
718.222
719.143
724.116
713.097
711.443
712.106
711.926
711.665
710.403
711.184
758.882
710.266
707.622
708.281
707.622
704.495
704.495
718.052
726.315
703.011
703.009
704.332
707.506
707.580
703.952
703.123
707.363
702.996
696.938
696.413
697.937
699.277
693.659
698.687
709.518
693.158
693.158
694.803
693.114
696.281
693.207
693.584
692.795
691.224
696.480
690.322
692.433
692.441
690.390
703.859
694.445
689.645
704.192
689.556
690.294
691.922
690.225
689.262
690.911
689.262
701.173
688.821
688.827
688.298
688.157
687.899
688.311
688.786
688.714
687.734
687.218
686.980
684.426
683.904
684.321
684.083
682.237
681.787
682.757
679.845
680.325
678.415
683.787
672.807
713.429
691.592
672.205
672.134
672.140
668.596
668.978
668.596
670.008
668.039
677.672
674.985
669.332
667.792
666.561
666.474
666.773
666.608
668.369
667.757
665.678
666.959
669.042
661.283
667.069
661.026
662.401
662.401
662.401
662.220
661.900
661.900
661.900
662.133
661.269
663.794
661.892
659.956
658.582
658.383
659.603
659.322
657.948
663.345
660.953
663.265
658.380
655.558
657.129
655.633
657.873
655.508
655.475
664.234
651.655
652.144
650.505
650.717
656.869
650.211
648.956
652.544
649.140
649.203
648.990
648.759
648.791
647.149
641.096
639.924
643.073
634.960
633.984
635.350
642.210
634.595
633.586
641.657
633.561
633.586
637.435
634.264
629.164
632.954
632.129
630.633
629.164
628.953
628.953
629.489
633.600
629.605
629.372
628.750
629.418
632.431
628.712
642.009
628.764
629.023
628.716
628.801
626.581
625.751
626.508
625.751
625.832
623.657
623.657
623.656
623.835
623.375
622.333
632.768
622.289
611.580
613.134
612.866
613.466
606.725
602.231
602.020
602.959
603.620
602.229
602.221
602.125
601.909
601.956
599.006
602.522
601.924
601.790
597.133
595.936
597.187
596.441
596.398
595.633
596.793
595.733
596.090
595.457
595.584
594.036
593.960
595.295
593.960
593.117

Error results for SA5
---------------------------
1138.809
1125.159
1128.992
1124.940
1142.117
1143.760
1143.760
1136.515
1128.082
1139.343
1132.434
1131.002
1130.206
1129.687
1132.131
1139.899
1139.508
1153.840
1153.778
1107.663
1103.314
1100.682
1091.894
1091.161
1088.808
1092.608
1088.749
1089.125
1088.836
1087.445
1098.483
1092.253
1090.470
1091.320
1086.289
1083.008
1083.008
1081.615
1076.518
1080.514
1096.801
1077.616
1076.310
1069.744
1076.848
1068.707
1062.317
1076.751
1063.926
1057.441
1056.949
1055.510
1053.654
1013.112
1012.971
1010.342
1009.678
1023.094
998.009
998.009
995.073
995.073
995.286
993.990
947.331
954.540
947.331
941.614
925.861
924.574
934.636
916.356
926.891
916.070
919.520
902.310
902.275
907.934
899.693
902.391
906.247
900.002
898.899
898.819
899.576
903.512
883.578
883.627
880.431
880.478
879.703
879.702
879.641
883.088
881.672
887.422
866.788
857.298
854.439
854.464
852.436
852.283
859.348
823.882
823.232
828.816
809.617
818.172
811.166
820.528
809.641
826.680
789.818
789.684
794.649
789.785
789.939
791.342
789.785
789.601
790.605
790.751
790.016
791.323
788.041
787.418
785.081
780.942
780.930
778.441
781.588
762.660
762.649
762.534
762.649
775.898
770.926
754.013
750.588
753.023
718.542
721.384
718.510
716.631
716.639
717.433
713.581
713.637
713.416
714.473
710.337
710.366
706.484
714.027
727.300
707.397
706.246
703.748
703.404
704.167
700.081
700.548
700.049
698.310
700.386
693.119
692.737
693.220
694.009
694.009
693.741
693.523
693.823
693.260
691.781
692.344
692.535
698.864
691.432
694.299
690.477
690.781
691.371
690.715
679.054
682.669
680.209
681.023
675.342
677.589
676.146
674.451
675.335
674.451
673.716
673.441
674.066
671.828
671.175
669.136
669.136
672.171
669.136
669.748
675.173
652.739
652.451
643.891
642.166
665.615
642.661
642.092
641.788
641.999
640.724
639.470
639.700
652.152
641.551
651.253
639.482
640.520
639.155
639.172
639.363
640.019
638.417
641.558
638.242
638.740
673.761
635.895
635.133
635.139
638.792
622.675
623.320
621.860
615.739
615.194
615.194
615.828
613.276
614.754
613.276
612.268
612.025
608.125
603.216
604.434
603.747
604.472
603.041
602.168
602.451
602.451
603.585
599.650
599.232
599.257
598.834
598.835
597.041
600.376
597.063
597.041
595.433
596.253
595.469
595.439
594.695
594.262
594.782
591.914
591.461
593.353
590.852
589.441
589.033
589.033
585.692
586.619
585.759
576.449
576.188
576.345
576.151
576.079
576.079
576.086
576.351
576.089
574.986
575.025
573.582
574.768
573.683
578.405
570.789
578.083
570.908
579.447
570.789
570.538
570.538
570.171
570.538
571.046
563.951
564.683
565.088
563.653
560.723
559.891
559.811
559.891
559.191
559.363
559.191
558.681
559.677
556.847
557.622
556.847
561.748
558.249
550.755
549.813
549.821
548.511
547.747
547.746
547.662
547.729
545.957
545.256
548.644
548.356
545.223
545.441
545.007
545.823
544.996
545.012
545.706
544.848
553.804
545.085
543.632
545.590
544.965
547.093
543.442
543.441
543.166
543.200
545.981
542.505
543.182
542.457
547.703
542.443
543.253
542.664
541.631
541.759
542.025
542.190
542.190
543.301
543.257
542.070
542.190
543.235
543.222
542.089
542.403
542.107
541.963
541.975
539.315
540.249
539.456
538.075
537.821
534.283
534.133
536.764
535.019
558.863
534.238
528.709
526.557
526.015
526.537
526.437
526.401
525.939
525.960
526.028
526.292
526.031
526.073
525.960
525.960
525.730
525.361
524.713
525.824
527.311
524.713
529.457
524.545
524.545
524.557
523.978
523.729
525.539
530.066
523.729
518.952
520.460
518.952
518.828
519.449
518.835
518.543
518.375
519.134
518.825
518.613
525.462
520.723
521.837
518.462
520.507
522.257
518.638
518.872
520.262
518.917
518.613
519.050
518.443
517.908
518.312
517.962
518.236
521.930
518.082
519.774
515.628
518.625
515.680
517.158
515.680
515.735
518.183
512.676
513.525
513.974
514.038
512.676
516.210
512.675
514.162
514.611
517.763
512.290
513.438
512.599
513.423
514.283
512.933
513.929
512.936
513.024
510.793
473.623
474.378
471.822
469.163
469.389
481.683
469.425
473.790
464.980
465.072
464.980
464.980
464.311
464.512
463.429
463.416
463.852
463.561
463.348
464.221
464.562
459.411

Error results for SA6
---------------------------
1154.391
1153.431
1142.539
1144.134
1144.134
1142.475
1146.383
1146.967
1162.472
1163.253
1167.562
1164.396
1163.422
1158.804
1144.695
1139.335
1139.045
1131.688
1139.628
1139.737
1138.993
1145.335
1135.197
1143.533
1141.709
1140.739
1130.234
1138.087
1143.625
1137.182
1137.109
1137.088
1143.976
1131.830
1131.737
1129.926
1123.867
1124.576
1121.263
1120.468
1120.321
1123.071
1118.510
1115.781
1111.557
1112.679
1111.262
1149.917
1114.423
1111.262
1113.916
1108.122
1103.760
1100.540
1098.836
1050.086
1051.029
1050.086
1057.957
1050.514
1041.724
1042.783
1052.252
1041.724
1043.228
1040.540
1040.573
1039.087
1034.411
1032.249
1033.627
1033.435
1031.422
1013.581
1015.249
1013.383
1012.159
1012.171
1011.816
1018.910
993.035
998.691
994.638
993.285
992.371
993.416
993.265
995.545
1000.189
995.621
1002.162
963.047
963.263
963.290
963.118
963.797
957.495
957.346
960.033
957.779
956.925
956.865
956.858
956.508
958.388
951.570
951.588
951.721
951.959
951.729
958.652
953.991
953.459
953.274
952.581
955.833
950.206
946.680
980.812
947.239
946.193
951.194
951.171
945.728
945.155
947.865
939.882
937.124
939.703
941.856
938.544
941.761
935.399
936.404
934.158
921.074
911.605
909.589
900.508
902.576
912.491
899.343
898.031
898.522
894.747
895.848
898.774
894.747
895.247
894.172
894.939
895.325
892.224
890.656
882.497
882.721
890.859
886.281
879.556
879.612
879.779
878.517
878.517
881.277
879.435
876.976
876.976
877.037
903.014
880.232
875.529
876.598
885.419
875.127
876.068
875.273
875.213
874.911
873.357
873.547
873.371
873.195
875.347
865.891
871.309
866.260
865.908
865.462
865.368
873.791
846.168
846.346
846.193
850.083
844.128
844.256
845.194
843.455
845.458
843.047
845.249
838.143
836.589
836.935
836.223
835.194
835.194
835.193
836.380
834.757
831.512
831.432
831.983
832.490
831.432
830.289
830.289
831.689
832.875
831.440
830.289
830.421
830.281
829.228
827.414
819.326
819.306
824.082
819.170
819.170
819.997
819.165
820.426
819.575
819.142
819.173
820.531
821.639
818.977
819.089
815.410
817.846
816.542
814.996
812.837
815.789
808.758
808.852
808.055
820.120
808.065
808.476
808.019
808.479
804.955
804.385
802.740
802.745
802.833
803.367
811.373
798.010
798.398
800.472
804.658
795.180
795.043
793.702
794.074
790.930
788.297
790.338
788.883
794.945
788.535
788.297
788.297
783.260
782.519
782.967
785.293
781.898
770.764
771.485
776.474
771.382
770.084
770.830
790.093
781.648
767.877
767.877
765.021
765.398
765.016
765.509
774.354
763.269
763.129
764.253
762.563
761.945
763.075
765.893
761.740
761.606
761.758
763.646
766.020
762.741
763.383
762.700
762.602
760.134
768.418
769.210
765.619
757.761
757.761
757.916
758.791
752.444
753.851
752.336
776.077
753.172
752.052
751.828
751.828
759.444
751.872
751.087
750.294
750.907
753.434
749.839
751.067
754.699
750.478
749.965
752.811
779.176
750.057
750.442
749.471
755.295
748.310
733.787
733.787
733.370
739.560
738.595
733.645
745.210
733.573
733.502
733.463
738.619
736.257
729.188
729.188
728.368
728.528
730.106
729.900
728.070
727.972
724.465
723.192
723.596
722.328
722.043
722.388
735.700
719.117
719.446
719.117
712.858
712.712
712.978
713.105
712.446
712.710
712.128
720.423
717.151
712.037
711.796
711.531
712.873
716.810
711.797
710.019
709.930
709.752
713.717
711.834
716.044
708.609
708.937
707.881
708.422
710.284
716.634
706.308
712.608
706.841
708.156
706.006
706.845
705.920
706.457
706.788
705.915
704.711
704.800
704.565
705.209
699.113
699.382
699.844
700.148
698.631
698.423
726.775
696.363
696.407
709.965
695.671
696.565
695.441
698.284
695.448
695.351
694.252
694.747
696.388
692.677
699.512
692.928
695.195
692.987
696.011
708.495
691.058
694.749
691.058
687.594
687.070
690.555
686.192
694.615
686.631
687.836
685.931
685.832
686.696
686.600
686.113
688.400
689.872
686.059
684.730
702.061
683.041
679.377
680.894
683.138
643.384
641.709
640.613
651.024
639.314
639.289
641.817
639.463
638.786
636.708
636.890
638.095
639.473
640.731
638.458
638.294
639.587
634.465
635.404
635.477
634.465
637.565
634.465
636.141
635.211
632.185
632.177
631.320
630.879
631.229
644.749
647.198

Error results for SA7
---------------------------
1173.912
1173.867
1179.568
1192.543
1116.608
1108.437
1108.247
1106.934
1107.988
1136.340
1137.754
1139.431
1138.878
1130.004
1126.880
1127.382
1124.880
1124.618
1124.804
1125.292
1123.590
1123.566
1126.171
1127.148
1124.450
1124.338
1126.982
1135.659
1137.025
1137.609
1137.759
1137.705
1143.766
1142.761
1147.161
1113.542
1112.042
1121.948
1106.404
1115.071
1109.461
1107.824
1109.509
1106.401
1103.388
1091.966
1093.169
1092.251
1088.750
1091.446
1087.040
1074.306
1074.306
1072.174
1068.196
1070.295
1068.085
1066.736
1066.960
1070.166
1066.736
1066.635
1093.646
1065.950
1068.084
1066.210
1061.663
1061.489
1062.345
1070.378
1056.790
1056.790
1057.049
1056.790
1056.259
1060.495
1063.054
1056.078
1056.078
1057.853
1052.238
1041.861
1038.340
1040.958
1035.970
1034.657
1034.501
1040.035
1033.442
1033.442
1034.277
1030.502
1026.091
1024.997
1024.777
1018.303
1028.365
1018.151
1018.561
1018.151
1018.151
1045.278
1020.478
1022.113
1018.013
1013.795
1013.611
1016.793
1013.638
1020.400
1009.802
1009.961
1007.827
1006.964
1006.323
1004.632
1003.364
999.888
999.081
998.460
1008.653
992.418
995.164
996.070
994.232
994.418
992.418
985.017
987.164
987.636
997.838
987.220
990.490
984.112
980.256
980.213
979.054
980.030
979.513
979.542
977.586
985.638
977.586
977.572
977.287
1004.488
990.664
976.836
981.939
1008.493
979.531
976.807
962.901
964.691
962.901
962.808
966.425
964.612
962.461
959.672
964.336
959.672
958.680
958.676
958.706
957.839
960.134
963.086
956.809
946.006
946.006
940.805
911.717
905.390
902.990
903.842
900.561
900.798
892.480
892.683
892.705
888.281
888.248
888.001
889.473
912.145
889.279
891.569
885.733
886.073
886.258
885.816
910.072
886.233
885.733
886.789
885.733
885.970
885.815
881.692
883.722
885.597
879.621
879.717
879.963
879.804
879.887
877.853
879.180
882.595
871.170
871.057
877.106
876.285
868.448
868.448
868.448
869.409
860.557
860.012
857.763
828.657
828.184
828.184
827.880
821.179
821.899
821.088
818.963
818.186
820.434
821.116
817.543
815.026
817.561
817.626
817.453
815.822
815.917
815.916
814.494
814.494
814.519
815.384
816.282
813.449
816.138
830.627
811.483
811.489
812.712
811.494
810.123
807.124
798.372
798.351
798.826
791.414
790.719
791.416
784.169
784.007
784.593
784.007
784.402
783.534
783.918
792.309
783.855
784.980
786.686
780.841
781.562
794.382
778.525
777.650
777.240
779.227
775.886
778.257
779.752
775.608
785.614
776.282
775.608
771.832
771.815
774.632
767.657
770.407
768.040
767.579
767.814
767.452
762.612
763.545
763.847
762.384
765.923
774.077
760.031
754.336
750.697
750.459
746.568
743.940
743.940
743.437
743.806
743.878
743.498
744.235
755.362
743.068
749.133
742.529
742.546
740.352
738.730
740.275
755.575
745.880
738.283
738.730
735.832
736.001
736.737
735.410
735.403
735.885
739.022
736.664
735.676
733.380
730.816
734.984
741.065
731.847
731.333
722.804
720.106
721.526
728.114
720.900
714.404
714.793
714.390
712.481
712.667
712.455
712.447
711.971
712.824
712.609
711.450
710.165
710.016
711.361
710.168
710.172
712.598
708.800
711.335
709.633
703.061
702.906
701.549
701.236
701.106
702.870
704.211
700.163
702.291
698.942
696.827
705.697
695.484
695.833
692.603
693.700
691.697
690.206
696.760
690.206
690.191
690.242
687.671
688.958
679.100
674.283
673.920
675.172
676.604
673.300
673.398
678.088
672.189
672.189
670.929
666.621
666.737
645.592
644.908
646.766
650.830
641.704
649.140
641.664
638.472
639.951
640.636
635.017
630.788
631.999
634.196
631.241
630.978
632.762
630.788
630.855
637.014
630.423
630.552
639.438
630.435
630.179
629.757
629.806
629.628
631.395
629.418
651.702
629.377
628.719
622.311
618.882
637.075
622.998
618.262
617.862
619.066
619.066
620.327
622.799
622.929
617.295
617.454
617.411
617.094
618.095
614.891
615.200
616.566
623.169
610.826
610.652
611.105
616.863
611.397
611.041
611.041
608.971
608.299
609.296
610.616
609.379
608.708
606.238
609.857
607.403
609.094
596.045
594.306
594.798
594.567
597.094
584.299
571.857
571.815
571.857
572.023
571.312
571.094
571.284
571.651
572.845
543.011
547.575
546.057
542.856
542.923
542.560
544.986
544.045
557.958
542.070
542.062
540.571
543.808
540.838

Error results for SA8
---------------------------
1165.373
1166.718
1206.454
1216.377
1198.200
1197.492
1197.894
1197.888
1175.034
1176.331
1179.753
1178.029
1174.108
1174.975
1175.734
1174.518
1175.123
1177.560
1192.958
1179.813
1179.225
1153.305
1155.368
1155.090
1151.131
1147.273
1145.403
1145.246
1151.331
1145.246
1139.712
1188.559
1156.685
1139.144
1136.432
1136.158
1137.597
1136.755
1136.004
1136.176
1120.008
1133.310
1120.304
1120.253
1127.713
1124.243
1120.008
1118.327
1122.103
1113.933
1119.089
1118.534
1101.609
1101.412
1102.327
1100.420
1098.409
1118.117
1096.733
1128.247
1096.733
1098.375
1096.155
1096.601
1095.084
1098.612
1096.155
1101.252
1093.659
1112.064
1090.619
1089.604
1089.446
1093.705
1069.578
1069.470
1072.826
1070.940
1064.681
1065.358
1064.560
1060.197
1060.217
1063.691
1061.538
1056.038
1045.163
1045.097
1041.890
1032.123
1032.678
1031.947
1038.482
1033.920
1028.099
1027.275
1021.738
1021.738
1021.738
1015.760
1027.370
1009.278
1011.039
991.481
995.450
991.933
990.478
990.469
996.835
987.129
1000.219
988.800
989.600
993.072
984.102
981.164
980.489
980.715
985.664
981.086
980.437
961.824
958.045
958.076
963.257
958.045
959.131
960.934
957.999
954.931
953.833
951.533
940.172
939.991
940.168
939.349
948.629
932.501
933.037
956.128
955.027
933.341
933.574
904.981
905.999
901.177
914.547
895.862
895.862
895.862
895.029
922.666
879.780
873.366
871.751
871.945
872.643
873.327
866.325
857.971
859.522
858.112
858.241
859.329
838.346
839.254
838.947
838.814
834.620
839.380
835.202
834.769
834.789
835.615
833.319
848.991
832.644
817.807
818.334
815.477
813.659
814.260
807.741
807.741
818.266
813.080
807.741
804.702
806.112
808.765
803.561
802.130
799.757
803.887
761.239
760.367
777.712
758.587
758.357
758.357
759.400
757.719
756.951
757.689
773.869
754.915
756.147
755.385
749.613
762.481
747.022
753.583
741.221
740.664
753.504
740.595
738.258
735.049
735.085
734.212
734.236
733.910
733.591
733.916
733.800
733.800
734.959
733.343
723.827
723.827
723.790
723.272
741.498
723.205
722.681
720.377
719.136
710.546
712.550
711.333
710.466
709.760
709.782
703.558
703.658
704.143
707.109
704.853
703.817
704.250
701.272
711.290
700.746
700.326
700.288
706.445
712.145
700.155
700.184
702.068
700.145
705.729
698.744
689.693
689.693
684.504
687.269
684.504
684.516
686.379
685.982
697.605
701.577
685.424
687.833
684.445
686.424
683.381
697.462
690.599
684.678
680.053
685.950
680.053
680.536
680.444
686.453
676.359
675.228
674.858
632.269
630.648
630.107
631.061
630.861
628.568
628.863
628.054
632.183
626.615
625.893
627.704
625.850
625.905
625.852
616.063
609.715
615.566
623.297
609.225
609.446
610.879
609.906
598.468
600.736
596.195
599.405
596.168
596.298
596.383
591.242
588.985
590.708
590.961
586.689
586.460
586.434
586.434
586.918
599.384
586.694
586.343
586.418
588.975
585.300
581.553
581.369
581.693
581.500
581.299
583.186
582.920
581.299
584.319
558.286
558.889
553.494
559.188
558.116
547.728
547.728
548.216
547.728
554.711
549.565
547.936
546.958
546.267
546.961
543.268
554.470
556.248
542.998
550.192
543.057
543.670
543.473
540.008
539.686
518.311
509.381
499.651
497.081
500.715
497.762
497.275
498.015
497.108
499.839
497.077
504.730
497.169
496.564
496.605
501.435
496.694
496.228
502.054
503.876
497.230
496.228
499.747
491.113
491.163
488.720
487.873
487.226
487.554
487.748
487.150
481.483
477.714
477.871
485.159
476.709
476.447
476.732
484.055
480.220
475.302
475.302
473.048
470.223
469.781
472.787
469.872
469.813
469.789
469.730
483.875
472.617
472.777
469.415
469.643
468.850
468.588
467.001
460.670
465.267
461.409
460.207
461.060
461.864
460.412
462.704
460.279
460.135
460.409
460.472
460.182
460.775
464.967
459.064
459.064
458.195
457.636
455.956
456.714
455.483
460.739
455.588
459.055
462.196
457.821
456.424
454.846
454.846
456.189
454.833
454.846
454.811
455.193
455.472
455.124
455.026
454.829
443.157
443.158
443.407
443.063
444.420
442.969
437.917
440.341
438.577
438.658
436.525
438.277
438.661
435.634
436.022
435.539
435.533
435.764
436.267
435.537
434.479
437.389
434.022
432.127
432.459
432.126
432.252
432.446
432.040
432.040
432.214
431.493
433.843
431.479

Error results for SA9
---------------------------
942.435
945.463
946.068
945.582
944.549
944.037
951.916
955.424
957.238
959.674
959.471
957.122
958.295
958.594
978.829
982.545
983.400
982.842
966.859
965.836
966.086
965.417
965.623
968.695
967.004
969.709
971.519
974.383
977.782
976.294
974.835
974.507
974.469
977.251
961.787
961.787
962.329
963.456
969.343
963.369
962.904
937.462
918.545
917.353
917.317
917.317
912.231
897.966
901.615
897.555
894.718
897.694
895.578
894.322
887.518
887.485
887.758
884.614
880.074
880.432
877.828
877.718
883.270
877.718
877.718
849.176
849.175
849.346
847.376
848.429
846.653
838.773
834.737
837.042
831.831
840.328
835.509
832.396
827.247
823.631
823.984
832.386
825.861
824.001
815.900
816.171
834.571
814.199
806.695
808.407
806.695
798.874
792.147
791.854
791.275
792.639
787.664
785.143
783.488
783.488
780.832
781.216
782.052
781.456
783.338
794.973
793.953
783.554
777.608
779.022
777.960
780.309
777.457
775.909
781.511
775.898
779.718
775.898
778.385
775.898
774.311
770.591
770.724
771.267
770.609
760.868
760.113
759.776
759.560
757.865
756.990
756.990
760.303
756.990
754.877
759.831
763.456
754.374
753.299
752.839
757.676
752.985
745.340
747.673
745.520
737.868
737.280
737.612
737.618
729.389
727.748
725.716
730.768
725.759
725.787
725.923
726.676
724.021
723.868
729.145
725.943
724.039
724.205
722.863
718.475
716.939
713.982
715.731
711.922
716.530
712.377
712.051
711.939
713.597
711.672
711.482
722.073
718.325
710.555
692.868
693.124
696.417
690.533
690.139
691.436
692.556
693.188
687.824
683.851
687.178
678.591
678.742
677.094
673.911
671.639
673.285
665.044
662.142
662.100
661.641
661.672
662.744
660.594
659.919
658.346
659.239
667.023
663.197
656.635
657.528
654.247
654.367
654.144
669.567
635.885
633.775
633.134
628.392
625.542
628.992
633.408
627.083
625.079
625.702
621.463
621.373
619.769
616.080
615.337
615.410
620.680
615.450
616.190
631.409
615.449
619.067
612.709
611.627
627.514
613.144
598.290
594.994
596.297
588.476
588.666
590.217
589.301
587.651
588.060
587.484
588.558
587.129
588.501
587.108
591.396
589.017
588.436
589.016
584.726
584.726
583.256
582.963
581.173
579.500
580.890
579.281
579.387
578.992
579.037
578.753
578.649
578.223
578.479
579.286
581.853
580.225
572.598
573.321
576.557
574.887
572.599
572.598
571.955
569.556
576.896
573.898
558.979
560.827
557.300
559.625
556.299
556.136
556.539
561.589
555.402
558.880
556.676
555.620
554.233
553.562
555.983
553.134
547.965
545.264
545.304
546.706
545.933
540.372
541.309
540.377
540.826
540.982
544.123
541.397
540.165
542.441
540.447
540.447
540.948
540.114
540.056
540.355
540.130
561.567
558.446
540.464
540.415
540.621
544.964
540.204
526.583
527.409
528.525
523.553
524.030
523.553
520.285
520.449
520.285
516.979
517.932
520.237
517.983
516.986
516.607
517.882
515.853
515.730
525.287
515.638
515.372
515.206
515.881
508.481
506.696
508.518
506.492
505.332
506.468
502.670
503.773
502.653
504.813
499.692
498.982
499.272
501.154
498.992
496.492
490.292
490.263
476.838
474.981
476.390
473.263
471.038
463.488
463.643
470.407
463.488
464.724
471.717
463.540
463.845
463.386
468.549
463.273
468.515
463.455
463.488
463.495
463.495
465.472
463.665
463.433
461.828
479.929
462.235
462.120
462.685
462.939
465.220
462.442
460.809
461.064
459.698
458.781
459.346
457.856
458.317
459.627
458.668
458.317
458.606
460.363
458.761
458.814
459.869
458.814
458.604
458.604
458.370
462.111
459.276
459.989
458.337
457.855
459.436
457.896
452.879
453.473
456.361
452.111
452.111
452.085
459.701
452.901
451.951
451.558
451.558
453.547
452.957
470.512
452.159
451.811
450.900
453.126
450.586
450.729
450.540
450.924
450.957
450.891
451.405
450.540
450.536
450.842
452.415
445.668
445.684
445.541
446.814
445.525
447.434
444.879
444.509
447.907
444.968
445.165
444.004
443.118
443.114
440.044
444.265
440.282
439.883
439.912
438.615
438.821
443.766
438.615
440.368
438.548
438.548
434.706
445.565
434.168
433.738
434.275
453.387
434.254
436.141
434.233
442.440
431.059
430.802
429.525
428.428
428.509
428.198

Error results for SA10
---------------------------
1014.828
1011.552
1010.947
1017.204
1006.379
1007.211
1044.989
1044.989
1043.266
1041.836
1041.836
1041.836
1042.907
1043.335
1043.118
1054.644
1054.644
1054.768
1059.330
1061.206
1060.186
1063.647
1063.250
1054.314
1054.314
1043.608
1041.940
1039.050
1041.864
1040.935
1043.367
1045.021
1045.390
1045.188
1045.188
1042.263
1041.705
1034.278
1029.690
1037.803
1049.354
1028.288
1017.817
1018.449
1015.528
1040.904
1006.144
1010.324
1008.030
1007.009
1007.015
1005.372
1007.709
985.947
988.179
982.957
982.540
979.714
952.904
951.267
949.897
961.136
949.001
947.887
950.968
949.002
963.278
951.835
946.469
947.796
946.460
944.402
943.869
942.711
942.579
941.451
945.905
941.451
938.505
938.651
936.361
948.419
936.937
938.345
947.851
932.908
932.957
932.686
938.802
935.180
935.247
937.387
932.976
933.875
931.803
934.590
936.944
932.099
930.289
934.542
930.410
929.928
930.004
929.527
930.361
926.855
925.627
927.656
927.142
904.371
905.383
904.998
905.494
897.479
900.220
898.101
899.556
896.338
916.317
901.113
887.204
886.889
872.782
872.666
863.913
863.397
854.090
856.073
856.764
854.090
854.035
853.231
853.079
859.825
852.578
861.251
856.846
849.236
842.479
837.887
827.578
828.131
831.080
827.402
830.539
831.820
827.976
821.176
824.405
821.176
820.307
822.935
820.216
820.176
818.289
819.000
818.001
818.879
818.001
818.153
822.728
816.505
818.118
817.949
812.355
812.393
820.519
806.234
806.972
806.041
805.166
804.800
816.447
834.722
805.014
803.175
802.795
803.886
802.653
795.989
795.850
791.497
789.634
826.858
792.106
786.862
784.713
787.258
790.485
790.633
784.713
785.171
786.067
784.585
779.360
782.669
781.492
779.576
791.144
777.643
777.643
778.832
782.842
777.661
776.642
776.642
768.064
773.144
767.974
761.659
767.589
762.188
761.659
761.720
762.960
760.013
759.951
755.701
753.292
749.092
750.013
748.747
748.921
755.508
751.506
748.295
748.385
751.859
747.615
743.110
739.126
734.855
737.646
726.342
728.715
720.935
726.959
720.647
720.167
720.167
720.554
720.167
720.167
716.005
717.707
715.744
715.888
717.282
716.645
712.655
711.287
700.832
702.105
700.343
695.099
696.278
696.214
693.616
696.375
693.674
695.147
695.062
688.669
688.936
690.518
687.455
685.982
686.058
683.593
680.095
680.243
690.708
679.650
681.169
678.456
677.517
681.185
675.673
672.583
672.668
676.044
673.529
675.836
672.641
672.549
701.564
672.745
672.746
677.459
680.667
671.807
671.807
671.973
674.338
672.790
667.919
668.863
668.873
665.771
653.332
653.697
653.320
658.910
651.800
651.761
654.381
651.660
645.050
642.068
632.835
632.054
631.685
631.144
629.896
630.347
644.649
629.888
629.888
632.261
629.347
626.960
627.265
626.960
625.188
627.248
620.013
618.886
610.082
611.632
609.213
616.374
609.995
609.081
611.513
609.545
614.172
610.511
609.081
624.459
609.081
609.081
610.625
609.039
610.890
608.828
608.693
617.808
608.145
608.323
608.524
607.732
608.304
605.748
605.967
605.297
608.366
599.227
600.604
603.423
599.227
600.668
600.639
595.408
595.389
596.952
593.779
594.429
597.699
593.612
592.778
592.814
592.865
591.495
588.295
585.685
585.538
593.627
584.115
584.115
583.635
583.738
583.577
576.350
575.795
575.853
576.746
575.470
574.849
575.945
575.182
573.980
585.366
573.971
573.387
573.676
573.370
574.663
571.887
571.843
571.347
572.889
570.505
580.268
570.958
570.265
570.609
585.587
575.325
566.359
563.976
563.639
563.639
563.658
563.632
562.231
563.643
561.717
561.748
563.264
561.689
561.574
561.280
560.235
556.857
556.857
556.828
557.907
560.174
555.086
554.476
555.977
545.711
546.885
551.474
544.552
544.726
544.508
544.528
543.432
544.830
544.852
544.703
543.757
543.482
543.840
543.432
543.808
540.344
542.867
540.666
539.926
540.061
544.249
540.362
541.958
540.577
540.301
539.711
541.970
540.075
538.671
538.300
538.731
539.010
538.226
538.300
537.808
537.795
538.165
542.539
537.905
582.414
542.580
535.717
536.894
537.324
539.563
534.277
535.108
534.031
536.259
533.968
534.005
532.590
533.121
533.372
534.906
535.055
533.020
530.313
527.036
534.050
532.378
527.256
525.993
525.409
532.207
526.055
526.026
524.249

--------------------------------------------
Results for SA1: 
--------------------------------------------
Correctly classified (TEST) 2704.0 instances.
Incorrectly classified (TEST) 613.0 instances.
Percent correctly classified (TEST): 81.519%

Correctly classified (TRAIN)6250.0 instances.
Incorrectly classified (TRAIN) 1488.0 instances.
Percent correctly classified (TRAIN): 80.770%

Training time: 26.655 seconds
Testing time: 0.111 seconds

--------------------------------------------
Results for SA2: 
--------------------------------------------
Correctly classified (TEST) 2852.0 instances.
Incorrectly classified (TEST) 465.0 instances.
Percent correctly classified (TEST): 85.981%

Correctly classified (TRAIN)6589.0 instances.
Incorrectly classified (TRAIN) 1149.0 instances.
Percent correctly classified (TRAIN): 85.151%

Training time: 25.015 seconds
Testing time: 0.072 seconds

--------------------------------------------
Results for SA3: 
--------------------------------------------
Correctly classified (TEST) 2633.0 instances.
Incorrectly classified (TEST) 684.0 instances.
Percent correctly classified (TEST): 79.379%

Correctly classified (TRAIN)6066.0 instances.
Incorrectly classified (TRAIN) 1672.0 instances.
Percent correctly classified (TRAIN): 78.392%

Training time: 25.455 seconds
Testing time: 0.070 seconds

--------------------------------------------
Results for SA4: 
--------------------------------------------
Correctly classified (TEST) 2707.0 instances.
Incorrectly classified (TEST) 610.0 instances.
Percent correctly classified (TEST): 81.610%

Correctly classified (TRAIN)6290.0 instances.
Incorrectly classified (TRAIN) 1448.0 instances.
Percent correctly classified (TRAIN): 81.287%

Training time: 26.909 seconds
Testing time: 0.064 seconds

--------------------------------------------
Results for SA5: 
--------------------------------------------
Correctly classified (TEST) 2816.0 instances.
Incorrectly classified (TEST) 501.0 instances.
Percent correctly classified (TEST): 84.896%

Correctly classified (TRAIN)6501.0 instances.
Incorrectly classified (TRAIN) 1237.0 instances.
Percent correctly classified (TRAIN): 84.014%

Training time: 25.485 seconds
Testing time: 0.068 seconds

--------------------------------------------
Results for SA6: 
--------------------------------------------
Correctly classified (TEST) 2587.0 instances.
Incorrectly classified (TEST) 730.0 instances.
Percent correctly classified (TEST): 77.992%

Correctly classified (TRAIN)6041.0 instances.
Incorrectly classified (TRAIN) 1697.0 instances.
Percent correctly classified (TRAIN): 78.069%

Training time: 25.775 seconds
Testing time: 0.066 seconds

--------------------------------------------
Results for SA7: 
--------------------------------------------
Correctly classified (TEST) 2713.0 instances.
Incorrectly classified (TEST) 604.0 instances.
Percent correctly classified (TEST): 81.791%

Correctly classified (TRAIN)6385.0 instances.
Incorrectly classified (TRAIN) 1353.0 instances.
Percent correctly classified (TRAIN): 82.515%

Training time: 26.627 seconds
Testing time: 0.078 seconds

--------------------------------------------
Results for SA8: 
--------------------------------------------
Correctly classified (TEST) 2882.0 instances.
Incorrectly classified (TEST) 435.0 instances.
Percent correctly classified (TEST): 86.886%

Correctly classified (TRAIN)6669.0 instances.
Incorrectly classified (TRAIN) 1069.0 instances.
Percent correctly classified (TRAIN): 86.185%

Training time: 25.664 seconds
Testing time: 0.070 seconds

--------------------------------------------
Results for SA9: 
--------------------------------------------
Correctly classified (TEST) 2935.0 instances.
Incorrectly classified (TEST) 382.0 instances.
Percent correctly classified (TEST): 88.484%

Correctly classified (TRAIN)6799.0 instances.
Incorrectly classified (TRAIN) 939.0 instances.
Percent correctly classified (TRAIN): 87.865%

Training time: 26.480 seconds
Testing time: 0.069 seconds

--------------------------------------------
Results for SA10: 
--------------------------------------------
Correctly classified (TEST) 2741.0 instances.
Incorrectly classified (TEST) 576.0 instances.
Percent correctly classified (TEST): 82.635%

Correctly classified (TRAIN)6442.0 instances.
Incorrectly classified (TRAIN) 1296.0 instances.
Percent correctly classified (TRAIN): 83.251%

Training time: 25.883 seconds
Testing time: 0.063 seconds