Error results for SA1
---------------------------
947.050
948.329
948.357
948.169
947.503
947.824
959.915
983.344
981.581
981.262
982.820
983.610
983.318
983.276
990.410
985.004
987.742
975.159
972.352
971.747
972.856
988.745
971.901
971.901
970.948
976.079
972.744
968.321
964.054
963.868
965.302
971.811
964.616
963.412
964.148
977.086
982.548
959.273
954.996
955.036
954.457
956.180
953.976
952.005
964.306
952.170
955.337
940.658
942.618
939.246
938.510
938.663
944.506
938.312
937.414
941.738
937.542
937.850
935.113
934.627
928.941
922.291
922.061
923.976
921.379
923.529
920.899
920.256
920.208
929.780
920.579
919.805
910.024
910.188
911.970
911.027
907.438
907.398
908.784
949.937
905.107
917.756
922.511
905.297
923.404
904.087
904.606
909.013
906.506
904.925
909.467
903.729
901.241
897.840
895.788
891.192
891.950
900.083
890.903
886.301
886.472
882.824
883.122
891.936
884.378
876.558
876.309
875.755
875.772
879.962
876.286
876.385
881.790
872.041
872.041
868.928
871.244
869.390
868.752
868.752
868.988
870.036
868.193
867.214
870.410
863.637
867.528
862.896
864.527
862.752
863.130
862.412
862.048
861.052
858.739
857.901
862.411
859.961
857.810
860.349
859.941
857.629
854.546
855.222
854.546
853.562
853.693
850.615
850.561
850.337
851.015
850.343
850.585
850.161
848.813
849.064
847.985
847.440
847.550
846.562
845.021
837.207
841.126
833.599
837.329
831.468
831.468
831.468
831.685
827.070
826.911
826.911
826.062
809.457
802.651
790.900
789.550
789.282
789.058
789.771
788.900
789.146
773.083
774.566
761.437
760.822
759.180
723.829
726.544
725.707
723.422
723.541
723.749
725.122
707.981
708.181
708.559
705.863
703.530
703.530
703.891
705.426
709.522
743.133
716.049
695.840
695.645
695.736
697.092
696.118
693.229
693.001
689.441
685.144
680.567
682.443
686.691
682.431
679.757
679.756
676.661
681.444
675.759
675.146
679.501
679.895
674.777
677.511
669.075
669.321
668.731
667.455
667.877
667.597
667.858
667.455
669.626
667.681
669.329
670.798
656.736
660.115
649.240
649.240
651.029
647.905
648.635
644.972
646.323
654.699
644.805
644.956
643.517
643.019
642.599
642.599
641.890
641.522
647.413
637.990
637.866
637.866
636.344
636.597
637.118
636.344
636.966
636.217
642.031
642.822
636.344
635.846
630.355
650.644
630.279
630.709
630.742
629.969
629.965
630.451
631.165
628.769
631.597
631.753
629.460
632.114
628.933
628.826
630.273
628.251
626.259
625.791
624.886
626.460
624.077
624.077
624.175
626.293
623.939
623.939
627.124
625.350
622.134
622.440
622.142
624.741
622.134
621.839
618.110
618.382
619.733
619.654
617.563
624.391
619.679
616.402
615.693
616.931
616.993
613.694
613.509
612.752
621.177
612.698
618.053
609.573
609.471
611.410
607.847
609.626
623.096
617.343
610.570
608.371
607.847
611.433
607.824
608.695
606.891
606.199
606.197
608.708
604.375
604.606
603.072
604.746
603.072
603.725
602.208
602.278
601.661
608.131
602.021
603.686
600.799
602.201
603.321
601.786
600.692
593.849
593.900
593.381
593.381
594.347
593.658
598.313
601.129
593.381
593.339
594.051
593.808
594.038
596.335
591.687
591.755
584.024
582.987
582.502
582.602
583.206
583.422
580.387
587.161
579.831
578.587
574.774
576.301
574.857
574.255
574.857
575.016
573.925
574.249
574.476
574.835
581.603
574.512
585.227
575.703
574.291
572.618
569.966
570.189
570.551
571.346
554.777
552.414
552.762
551.915
550.584
552.011
552.269
553.185
551.915
552.056
541.360
542.099
543.160
541.027
540.208
543.563
543.065
541.143
541.170
540.076
539.894
542.996
540.797
539.670
519.960
519.938
519.914
519.379
520.062
519.587
518.445
537.782
518.715
517.135
517.682
517.851
542.433
518.078
526.389
517.099
517.068
525.934
517.330
516.692
517.990
518.546
516.672
518.230
516.676
516.988
516.808
518.423
514.331
512.287
514.683
511.461
516.581
511.461
517.880
509.942
508.094
511.502
508.945
508.825
509.159
508.698
508.698
507.814
507.797
504.792
501.733
500.501
500.856
500.500
500.640
501.234
500.638
502.050
500.500
500.960
502.758
497.985
499.090
497.974
501.825
496.157
533.088
496.401
497.307
496.223
496.072
490.080
489.715
494.878
488.028

Error results for SA2
---------------------------
911.940
881.175
893.381
893.404
894.291
920.233
918.874
920.574
921.816
920.646
920.646
916.567
916.842
911.591
912.479
912.479
908.283
908.442
903.071
902.991
899.100
898.925
898.882
899.356
894.917
883.040
886.722
882.697
879.905
877.669
874.105
874.105
874.105
866.567
865.672
868.674
865.672
865.627
866.166
866.294
865.705
867.632
857.238
817.903
809.408
809.814
821.212
808.162
807.577
807.577
807.746
813.009
825.752
807.751
807.201
808.806
808.657
807.194
808.149
808.132
813.766
814.573
807.251
830.848
806.698
806.795
813.994
865.241
807.930
811.702
806.009
832.467
800.191
800.834
800.407
806.790
801.499
806.274
795.637
783.545
784.349
776.893
777.612
776.422
776.422
776.645
773.757
762.030
763.268
760.213
749.372
749.372
753.350
766.535
740.514
736.357
737.672
736.357
736.693
735.746
735.627
732.706
730.279
734.485
731.800
729.805
732.885
726.603
725.305
724.681
721.603
720.150
726.854
722.202
707.791
707.277
707.769
709.286
707.703
714.626
707.277
704.899
706.448
704.903
704.903
703.095
702.383
705.669
702.383
698.132
692.895
691.696
691.563
691.564
677.744
691.427
678.303
685.328
676.960
680.931
715.381
676.108
682.840
676.960
672.447
670.854
671.951
671.713
676.338
657.004
663.983
655.717
665.663
657.791
653.971
656.137
655.620
661.888
666.607
653.971
654.794
658.652
655.495
655.595
655.848
668.203
653.886
653.971
653.819
652.759
652.598
652.928
652.379
651.637
644.553
644.397
640.364
640.508
639.385
639.422
638.801
637.156
638.594
641.985
640.553
678.092
636.776
636.776
638.550
646.871
632.535
630.220
630.840
629.999
624.738
630.002
614.391
614.339
598.094
597.778
605.038
594.233
595.806
586.529
585.575
584.880
585.607
597.350
577.368
577.368
577.368
577.273
577.239
571.499
572.232
581.828
565.102
565.102
560.775
554.977
565.422
553.670
551.947
555.869
552.140
590.376
550.780
557.140
554.065
558.716
552.190
570.320
549.461
544.251
543.643
545.897
543.560
545.631
543.065
545.473
544.304
538.632
537.286
537.286
535.616
535.889
534.388
534.125
534.081
535.827
532.909
536.252
532.721
532.925
530.554
535.346
529.587
529.587
530.626
528.652
528.510
528.307
531.890
510.453
507.324
506.298
503.080
502.523
502.460
508.707
506.187
501.229
501.229
507.230
501.269
500.842
499.488
501.353
497.962
498.000
496.785
496.785
494.066
494.312
497.081
494.484
494.359
494.468
493.421
493.536
506.312
493.421
503.649
495.629
493.417
493.119
496.263
492.190
492.190
492.781
483.180
483.173
482.483
483.011
482.697
482.634
480.413
482.028
481.497
481.841
482.925
484.049
479.591
478.249
477.997
481.227
481.150
477.997
466.265
467.257
470.648
469.031
466.048
469.842
466.082
464.647
465.193
464.843
464.597
466.004
465.911
464.154
460.717
460.886
461.396
460.525
460.917
462.328
460.525
461.654
460.571
460.988
461.659
473.035
457.201
464.606
450.660
450.800
443.074
442.179
441.505
442.587
441.420
441.164
441.051
437.547
439.732
437.712
443.209
437.818
437.576
435.194
435.262
434.755
433.322
432.671
435.907
430.922
430.911
429.470
434.942
428.981
428.883
428.361
428.665
428.341
430.017
428.393
428.003
431.011
428.055
430.881
424.484
426.374
424.539
425.745
425.776
434.763
430.463
426.287
425.956
430.325
426.311
426.346
426.443
425.489
423.756
423.628
427.781
423.627
423.719
423.627
423.654
431.745
423.461
420.786
417.327
417.355
420.801
417.329
417.827
419.070
417.500
420.946
416.601
416.374
416.372
414.961
415.570
414.961
413.124
413.767
417.343
413.571
413.527
413.976
413.313
413.617
413.407
413.449
413.118
417.706
412.516
416.773
412.421
415.788
410.748
411.138
410.748
411.796
410.255
406.595
406.499
397.246
408.941
396.835
396.265
397.030
396.376
397.937
399.172
397.060
396.265
395.265
395.258
395.737
395.555
395.669
399.079
400.264
394.738
395.320
394.623
394.090
395.370
395.885
397.045
394.090
394.066
403.292
396.327
395.847
392.753
392.885
407.510
388.794
388.930
388.470
387.107
386.138
386.557
390.089
386.980
381.638
388.802
387.221
380.439
380.300
380.126
380.126
379.593
378.931
378.951
379.076
379.438
379.078
379.626
378.470
379.183
377.699

Error results for SA3
---------------------------
864.786
866.164
865.585
869.959
869.959
870.249
870.748
868.100
868.740
868.485
867.687
867.111
857.162
857.761
857.830
856.962
853.423
854.517
853.034
852.890
852.980
855.362
854.326
849.524
849.639
849.845
849.693
849.524
847.403
847.403
844.278
845.459
844.278
844.976
844.582
840.135
841.506
840.723
837.469
838.541
856.656
837.571
827.990
833.687
827.579
820.650
822.652
819.936
820.089
820.859
820.781
820.120
825.441
817.607
815.627
813.872
815.085
833.113
810.120
813.876
809.419
808.753
808.738
836.638
808.589
808.912
817.386
826.313
807.489
808.576
806.205
806.205
849.001
806.510
806.942
808.382
804.941
816.496
803.300
806.300
811.847
807.319
803.307
810.533
803.675
799.288
799.288
802.631
798.465
792.023
791.480
791.480
804.175
794.786
792.347
794.504
791.140
793.020
799.230
789.388
790.447
811.109
789.449
787.735
770.504
770.504
770.195
771.376
770.410
773.129
770.072
770.395
768.523
767.461
766.436
775.915
761.785
763.608
758.867
758.867
759.068
765.272
766.827
750.637
746.040
746.031
748.682
745.962
749.233
752.008
743.485
742.620
746.272
746.067
742.620
747.979
742.323
742.323
743.562
742.902
737.187
743.495
738.639
737.773
738.450
738.352
738.511
737.187
741.589
734.466
735.094
734.260
734.562
721.297
720.944
717.269
716.626
718.266
717.543
716.098
716.981
720.963
714.743
717.196
714.613
695.873
695.486
704.521
712.196
695.128
695.128
700.922
698.989
693.951
692.107
692.128
692.107
684.701
691.496
684.785
688.959
687.176
689.394
684.652
678.032
678.427
679.066
678.483
676.817
676.442
677.131
670.802
668.720
669.694
670.155
674.412
668.333
669.941
669.579
660.383
659.195
664.538
653.345
652.118
656.492
652.292
652.179
655.367
670.453
651.055
645.525
646.880
647.024
641.434
635.153
634.937
631.137
629.793
629.793
627.400
636.581
641.821
626.352
621.996
623.094
641.600
622.382
620.475
626.285
620.475
620.475
621.338
627.038
618.538
618.335
621.017
619.041
618.984
618.523
611.130
614.125
609.981
610.748
611.152
611.787
616.703
610.748
604.799
605.479
604.775
604.894
608.059
604.775
604.445
608.881
606.378
604.528
599.111
602.367
600.829
600.022
597.575
594.462
595.243
594.087
592.209
592.479
592.981
590.994
594.279
591.097
590.325
590.940
591.840
591.367
607.936
591.650
586.299
585.885
585.651
586.743
586.178
586.353
585.298
591.213
585.019
586.769
585.019
584.900
585.070
586.352
584.900
585.810
596.053
585.727
583.922
582.882
622.554
588.701
583.968
582.882
583.673
582.816
570.084
569.062
566.359
562.081
568.437
562.206
563.152
569.131
562.343
564.786
562.090
565.142
562.551
561.490
563.098
561.452
559.940
559.023
557.681
555.936
556.058
555.407
558.327
555.553
553.949
556.792
554.267
552.663
552.584
549.907
550.398
552.778
551.884
548.645
549.423
548.919
566.978
548.925
542.834
542.799
544.413
542.116
541.983
542.679
538.983
538.972
539.132
538.361
537.780
566.462
535.998
538.006
536.341
536.339
537.797
541.499
538.244
538.295
537.273
535.249
535.408
519.225
519.450
518.922
518.768
519.267
516.916
516.869
517.293
516.908
517.581
517.701
518.500
517.586
516.652
517.249
516.652
515.827
517.481
515.827
513.697
513.697
510.820
511.404
509.690
509.681
511.925
510.038
509.342
513.537
510.035
509.179
506.109
507.574
506.144
506.109
504.144
504.114
504.084
505.572
504.464
503.998
503.766
505.804
499.208
497.326
497.013
497.454
497.030
497.829
497.762
506.363
497.152
497.440
499.034
494.614
494.943
496.805
495.138
494.614
498.895
492.961
494.154
495.632
494.307
494.138
495.346
494.421
494.120
494.592
494.120
498.153
494.114
497.968
494.642
495.035
493.808
487.082
487.401
487.176
501.698
486.797
486.042
486.685
491.764
484.340
482.921
482.682
482.311
483.874
481.167
480.733
485.068
481.894
481.417
478.567
478.471
478.704
478.872
478.600
479.763
458.967
458.473
458.410
458.240
458.795
458.804
458.691
459.082
459.210
458.281
456.469
460.476
458.543
456.338
453.999
453.331
453.379
451.383
449.364
451.083
451.582
451.099
449.924
455.077
450.532
446.869
446.356
447.162
446.414
446.384
446.814
446.797
446.821
446.767
450.181
447.450

Error results for SA4
---------------------------
1206.380
1229.237
1229.201
1242.624
1243.164
1245.976
1244.671
1246.466
1246.499
1251.502
1252.868
1252.333
1256.704
1256.803
1257.120
1264.057
1253.826
1244.783
1241.523
1239.964
1231.395
1242.001
1245.471
1227.019
1233.765
1226.891
1224.832
1190.552
1187.881
1180.668
1181.767
1181.589
1184.101
1178.446
1184.398
1180.722
1179.611
1179.827
1175.958
1176.465
1154.420
1148.582
1161.024
1148.118
1153.511
1147.999
1152.402
1146.339
1151.085
1149.918
1147.757
1149.072
1162.964
1151.547
1151.273
1140.167
1143.510
1140.170
1140.312
1144.374
1140.464
1141.994
1138.973
1146.316
1139.964
1139.033
1137.362
1137.331
1121.569
1111.556
1120.472
1111.374
1111.055
1112.652
1109.000
1109.000
1109.000
1109.331
1108.606
1111.746
1108.168
1108.509
1106.686
1107.092
1104.565
1104.565
1104.601
1104.565
1107.086
1106.877
1106.635
1104.155
1104.768
1106.789
1093.303
1093.545
1094.441
1091.955
1105.676
1091.114
1078.800
1080.291
1086.143
1081.322
1078.867
1077.749
1076.387
1075.717
1077.426
1076.951
1082.618
1073.927
1075.303
1065.856
1067.517
1067.246
1066.777
1068.832
1063.444
1063.499
1064.925
1055.568
1056.825
1055.407
1055.371
1051.630
1051.624
1075.753
1053.854
1051.147
1048.410
1031.159
1025.642
1026.380
1023.524
1042.458
1026.002
1022.525
1023.586
1020.380
1025.678
1010.739
1009.591
1008.481
1008.276
1009.253
1008.239
1008.832
1011.267
1005.850
1008.862
1033.335
1005.893
1005.374
1002.397
1002.263
1000.105
993.059
994.439
993.292
992.589
989.496
986.419
983.879
991.211
983.879
983.879
989.915
983.741
984.067
983.483
982.641
979.039
978.650
977.764
977.062
976.991
980.069
978.973
977.645
977.753
979.104
975.392
975.597
975.220
975.704
977.839
971.981
972.350
971.215
970.774
950.325
950.096
948.802
948.802
949.655
948.802
949.224
948.199
948.231
949.883
950.346
947.719
948.815
941.256
950.746
941.896
941.256
937.329
937.844
935.899
935.637
935.649
935.637
935.602
936.277
935.710
926.087
924.596
927.513
927.238
929.574
927.226
902.544
903.418
896.687
896.687
896.669
896.547
896.516
895.960
896.153
895.031
897.161
885.945
885.992
885.546
885.770
885.874
882.800
883.847
881.990
882.451
881.589
879.631
883.717
879.631
879.737
875.701
878.117
887.126
879.752
877.181
876.471
873.000
873.796
871.013
890.166
867.788
867.192
868.639
867.091
866.440
866.459
866.464
866.171
863.941
864.725
857.168
856.369
856.994
861.418
855.635
858.343
856.660
859.218
856.462
855.753
857.564
851.290
852.647
851.680
845.475
844.772
846.620
844.395
844.817
844.369
844.464
844.473
845.881
840.827
841.349
840.334
839.393
842.512
842.257
834.508
834.526
835.543
843.485
833.391
833.710
834.903
812.824
808.223
813.860
810.385
820.988
809.891
810.189
813.989
807.404
812.047
808.132
808.810
807.171
807.058
804.243
792.467
792.280
792.280
791.883
792.123
795.626
792.098
792.196
793.771
792.151
790.086
789.940
791.566
789.511
786.998
784.362
784.362
786.010
781.973
781.670
781.976
784.593
782.742
782.592
785.401
783.017
782.857
787.082
781.456
781.573
778.835
778.556
785.225
777.758
778.866
780.856
770.168
770.544
764.702
763.807
762.928
763.008
763.186
764.228
763.752
765.686
762.959
764.868
779.307
753.342
753.307
752.757
752.757
750.002
748.468
765.631
748.468
748.863
748.468
747.913
746.263
746.283
745.399
744.927
747.481
745.401
739.872
739.872
735.356
736.269
735.177
737.562
735.343
735.168
736.890
736.151
734.256
748.340
735.309
734.156
733.919
733.929
735.684
734.217
733.424
731.893
751.170
732.334
724.710
722.379
723.431
722.314
722.310
724.879
716.784
716.726
718.007
717.643
717.166
718.474
716.916
719.345
716.407
716.427
714.454
715.100
714.430
716.150
714.340
714.321
710.575
711.096
710.917
710.891
711.844
710.575
709.627
710.710
709.879
710.080
709.517
709.517
709.765
710.249
709.535
705.918
704.724
706.624
711.682
704.631
704.342
704.503
703.054
703.501
703.290
704.576
703.054
704.634
700.502
699.601
699.231
700.088
697.902
697.902
697.993
708.295
698.376
708.134
701.350
698.267
705.470
698.623
703.616
699.344
699.804
665.482
668.105
666.598
656.502
662.483
657.093
656.502
655.538
656.528
655.442
654.361
654.360
653.349
653.587
691.299
650.058
650.442
651.470
650.570
651.766
653.549
649.729
654.904
651.391
651.863
651.278

Error results for SA5
---------------------------
1025.717
1026.658
1026.922
1024.817
1027.940
1027.600
1041.882
1042.871
1040.598
1040.376
1035.282
1035.422
1035.092
1036.014
1036.592
1035.919
1037.390
1041.306
1035.388
1036.219
1031.619
1030.521
1032.836
1027.630
1022.427
1022.775
1020.365
1020.564
1021.251
1020.575
1021.909
1020.247
1020.642
1021.100
1027.014
1020.811
1020.321
1022.863
1020.560
1022.017
1021.065
1019.525
1019.525
1018.071
1018.256
1018.043
1016.647
1016.167
1014.442
1014.442
1014.180
1014.623
1014.396
1014.832
1013.418
1014.033
1013.658
1014.219
1010.071
1005.174
1004.921
1004.644
1009.615
1001.729
1002.822
999.010
998.986
998.622
996.140
996.197
1001.347
997.062
995.288
995.111
993.842
998.677
1004.101
997.619
993.802
990.599
990.495
994.301
991.951
992.440
990.492
990.606
988.773
989.380
991.969
985.474
985.262
985.130
990.461
985.301
985.271
980.600
980.416
984.128
980.416
976.434
978.539
976.765
981.575
973.861
973.969
973.844
973.988
974.160
973.460
971.691
971.610
972.087
972.406
969.089
971.492
968.780
969.039
968.050
970.460
968.050
968.064
943.864
944.290
930.536
930.553
929.769
918.836
912.521
910.331
907.524
902.570
905.852
904.132
909.065
874.611
874.611
872.152
874.276
870.763
878.518
870.274
874.043
869.989
869.307
877.085
871.078
869.709
869.393
883.581
870.356
869.150
870.910
869.548
864.233
863.175
863.690
863.463
864.948
864.929
869.743
865.139
863.113
862.143
861.441
863.107
860.808
864.438
860.764
870.071
860.764
861.365
861.982
872.878
860.710
865.371
861.592
860.613
857.757
858.637
842.708
842.420
842.263
840.987
841.069
837.682
837.929
837.682
834.090
833.834
833.790
833.561
833.860
822.557
822.483
826.487
823.118
822.557
833.867
830.758
827.059
821.016
821.157
821.012
825.347
827.175
819.000
819.031
818.034
822.826
818.034
818.010
816.682
816.682
821.184
815.839
814.289
814.531
809.666
813.213
810.330
810.124
809.307
811.515
804.533
802.893
807.040
802.326
803.190
803.294
797.657
792.128
792.972
792.099
784.600
786.286
784.472
783.328
787.495
782.583
783.074
786.580
790.467
783.113
782.154
784.169
782.149
782.044
781.826
781.547
785.663
782.437
786.050
781.745
792.348
764.654
767.327
764.428
765.211
764.428
764.428
771.186
765.469
768.445
764.057
807.697
764.560
764.047
764.828
764.082
764.018
764.337
763.705
763.788
766.815
763.701
763.073
762.163
762.806
762.258
764.060
762.170
761.712
761.635
761.635
761.502
761.561
763.110
761.657
765.076
761.526
756.225
752.457
759.183
753.601
752.500
752.712
757.689
754.007
752.489
752.739
764.560
753.175
748.877
747.519
746.161
745.734
746.471
745.790
746.756
745.107
744.966
745.048
745.256
748.944
747.266
695.462
697.156
697.141
695.469
695.602
699.143
694.915
695.090
694.801
694.441
694.965
694.164
693.809
696.420
693.452
694.025
693.763
696.532
696.391
692.401
692.350
692.401
691.893
693.543
690.280
689.515
686.630
686.580
687.851
693.844
671.944
682.054
671.953
676.610
673.193
671.934
668.342
668.622
663.083
662.040
662.117
649.624
648.506
647.660
647.573
647.498
647.191
646.988
645.380
645.380
645.205
645.375
644.284
644.460
642.559
642.831
642.559
643.370
643.058
643.834
637.376
636.931
636.931
636.931
636.505
618.751
618.015
620.698
617.352
616.963
616.306
616.115
616.182
616.049
616.049
613.577
619.488
615.412
616.783
613.404
613.406
613.792
612.568
611.712
611.348
614.194
608.797
610.963
608.893
605.196
606.867
605.196
605.479
602.182
597.628
606.904
610.478
597.701
598.149
596.017
587.785
592.289
672.428
587.785
587.785
587.780
589.402
587.780
588.998
585.680
585.694
591.019
572.618
573.636
573.555
572.667
573.031
572.569
572.569
580.741
572.569
572.652
572.543
572.535
572.224
573.773
579.779
572.735
571.825
568.818
567.974
566.049
565.555
562.315
562.346
562.299
563.579
564.008
559.970
546.723
549.543
546.318
546.814
545.428
549.679
545.005
542.974
539.804
539.804
536.891
535.818
535.346
535.346
535.294
533.357
533.365
533.357
532.340
542.489
532.110
540.223
530.191
531.394
529.447
520.936
532.333
519.645
522.345
519.298
519.296
518.885
519.440
519.810
521.248
519.248
519.401
527.353
518.631
527.128
508.849
508.606
508.996
506.557
510.250
506.078

Error results for SA6
---------------------------
1090.229
1090.192
1100.872
1096.509
1095.501
1098.803
1099.325
1098.612
1099.255
1100.016
1104.149
1103.247
1116.742
1119.021
1126.140
1095.913
1100.537
1101.050
1095.335
1094.162
1091.757
1087.655
1095.688
1094.636
1088.210
1093.708
1086.951
1086.932
1091.340
1095.501
1086.731
1078.500
1078.918
1080.114
1084.561
1075.843
1075.843
1076.868
1075.843
1070.444
1093.279
1070.444
1071.560
1075.348
1068.867
1068.506
1065.669
1063.449
1063.755
1060.261
1061.845
1079.840
1057.536
1067.872
1052.156
1053.971
1047.172
1048.522
1047.740
1047.053
1049.760
1047.053
1046.941
1059.875
1046.941
1046.776
1049.795
1043.577
1039.795
1039.398
1040.664
1044.648
1038.990
1045.325
1039.051
1038.757
1043.097
1038.891
1037.811
1036.564
1037.751
1043.623
1035.560
1036.551
1037.876
1040.864
1034.828
1034.388
1030.046
1027.932
1023.957
1008.151
1010.584
1009.123
1006.737
1000.913
1001.295
1009.706
1000.967
1002.802
1001.717
1001.265
998.655
999.310
998.655
998.821
993.424
997.600
993.270
993.270
994.434
993.036
987.238
991.766
990.603
991.006
986.182
985.640
992.156
986.541
1000.050
988.080
983.717
999.337
987.592
983.010
986.693
982.347
981.645
980.608
986.704
954.574
953.510
960.462
953.813
954.999
960.181
952.507
951.792
947.720
949.483
945.688
948.018
945.736
945.151
945.064
941.832
951.123
942.232
940.674
936.120
938.618
940.527
935.812
935.847
935.812
935.700
934.593
934.373
931.199
927.209
924.881
927.493
924.893
920.798
920.685
927.355
923.587
920.298
920.298
920.668
920.659
920.733
917.845
918.230
916.814
916.764
898.120
900.633
898.442
897.947
904.571
897.788
895.483
903.534
896.601
896.830
894.968
884.997
903.408
884.725
886.063
884.725
884.917
892.655
884.887
884.725
884.774
884.554
884.904
884.534
885.753
884.111
883.777
884.361
884.211
873.253
875.967
875.652
872.153
873.874
873.314
876.697
874.923
873.036
873.980
875.363
877.431
872.446
872.145
870.759
871.281
871.060
865.309
868.209
865.043
864.662
865.070
871.436
861.484
860.833
860.971
859.840
858.418
859.153
856.664
856.625
856.075
858.097
857.262
855.839
852.113
852.276
853.628
857.162
867.735
852.113
852.033
852.144
852.519
851.107
848.418
847.667
847.483
853.132
845.759
846.565
844.666
847.289
845.433
844.583
844.654
842.665
843.145
841.419
841.524
841.369
841.393
869.038
841.526
823.749
823.831
827.323
822.368
829.104
823.538
832.007
822.852
803.845
806.510
803.821
806.135
803.823
806.502
801.400
801.880
800.556
802.501
799.120
798.819
800.502
799.264
796.811
796.651
799.926
792.456
792.435
792.515
792.812
793.430
792.950
790.377
791.579
790.083
789.435
794.170
793.058
787.998
787.545
778.169
793.873
775.681
770.645
770.918
754.045
767.091
758.450
757.083
754.037
744.148
744.731
743.631
743.569
744.224
750.055
743.319
743.802
739.120
739.120
739.473
728.739
728.688
728.896
728.854
728.574
728.602
725.947
723.211
725.105
721.420
721.372
723.562
722.783
722.099
718.211
712.517
712.749
723.370
712.833
712.656
712.592
712.666
718.705
684.375
687.444
680.779
695.072
682.614
679.259
678.987
679.055
679.173
678.681
676.536
676.525
669.914
670.260
670.749
670.183
670.554
669.913
670.190
665.762
668.175
665.762
670.368
671.276
672.449
665.926
657.834
674.464
660.967
659.376
656.999
655.543
655.346
655.358
655.471
657.077
655.358
655.364
651.900
652.300
684.467
654.377
672.876
666.428
649.327
650.440
648.660
648.660
648.663
649.054
648.116
646.443
646.234
646.308
652.063
648.725
646.226
648.024
664.151
645.887
646.870
644.230
644.230
644.705
644.748
644.626
647.614
644.230
646.564
635.720
635.436
634.727
635.974
636.980
635.915
634.274
634.270
634.961
636.249
635.059
634.270
633.604
630.721
629.276
628.054
625.658
624.154
624.145
622.863
621.965
621.484
621.853
621.502
628.494
620.558
644.377
623.364
620.558
611.484
613.630
634.726
611.689
617.155
612.880
617.771
611.484
613.834
608.621
611.642
607.494
605.041
605.318
606.031
605.216
606.605
607.061
605.502
604.927
604.990
606.808
606.034
628.254
610.048
602.948
603.374
604.367
603.187
608.574
595.822
598.513
595.811
594.500
592.834
591.146
589.483
588.905
588.712
588.286
601.702
592.423
589.389
587.778
584.899
583.271
583.311
583.288
583.271

Error results for SA7
---------------------------
1183.107
1183.107
1183.754
1177.243
1184.154
1184.044
1177.811
1178.164
1191.872
1176.311
1175.451
1170.347
1168.945
1203.410
1170.518
1167.133
1160.986
1170.223
1156.131
1156.306
1159.411
1154.587
1158.408
1154.921
1154.142
1150.718
1150.705
1124.749
1122.620
1122.908
1122.346
1126.493
1122.346
1121.071
1120.530
1120.681
1119.986
1078.872
1077.968
1070.264
1069.265
1048.703
1064.824
1050.796
1058.462
1048.703
1063.903
1039.162
1038.397
1020.019
1017.559
1008.726
1008.726
1008.534
1015.743
1005.507
1001.137
999.768
998.719
993.697
993.714
992.650
991.699
994.257
992.161
992.194
1003.979
993.085
992.955
991.699
991.699
969.210
964.068
978.702
948.481
952.530
948.653
933.281
934.943
930.712
930.712
928.800
936.846
928.800
924.495
927.426
924.160
947.663
923.415
925.106
922.121
927.829
922.292
922.243
925.535
921.313
912.524
921.652
912.050
912.112
908.632
901.914
905.163
905.576
904.183
901.644
900.852
902.516
901.811
903.502
902.290
900.796
900.968
893.357
889.367
889.382
890.808
889.367
895.448
893.340
887.110
895.252
885.004
892.207
878.324
866.237
872.311
869.092
865.327
874.083
871.972
867.887
865.409
865.292
866.449
871.181
856.763
858.552
850.492
849.167
844.947
849.238
842.680
843.664
843.646
842.822
845.225
860.988
844.201
843.156
841.806
851.635
827.635
828.387
835.095
805.855
811.949
805.928
799.638
800.080
812.430
799.811
797.195
800.799
797.572
796.587
796.045
796.775
812.021
845.043
798.626
797.229
784.877
790.237
784.877
790.277
779.123
769.037
769.380
769.203
765.102
765.514
765.513
762.700
762.450
768.535
755.507
755.833
757.009
778.217
755.834
754.351
754.923
769.792
754.380
754.374
755.427
759.186
755.304
759.302
754.328
757.295
754.328
766.682
753.475
751.899
739.692
744.271
741.252
739.697
734.648
734.625
735.176
735.498
735.174
764.633
733.906
733.906
735.256
733.906
733.794
733.690
734.625
732.915
733.352
733.357
748.568
732.773
731.571
730.444
729.490
729.538
734.166
744.905
729.433
728.044
726.807
724.808
724.808
722.795
721.042
720.934
720.875
722.927
717.180
718.835
716.982
716.724
714.726
713.322
713.314
713.314
712.180
714.679
711.460
711.111
711.476
710.780
703.572
703.598
704.956
706.680
710.983
702.723
702.815
699.614
696.974
693.775
697.762
701.965
694.245
690.558
687.971
687.694
698.601
682.235
688.528
681.082
680.211
681.054
677.088
675.553
675.635
675.595
678.677
678.168
677.912
678.930
676.327
682.287
676.370
674.996
676.698
675.243
675.201
675.315
674.317
674.965
667.764
668.111
668.872
668.655
666.865
673.062
669.937
676.757
669.101
666.378
665.666
686.597
665.594
664.601
658.935
658.357
657.172
658.936
658.790
658.307
661.917
650.798
652.350
651.259
650.599
654.898
653.087
650.174
652.000
650.322
651.015
649.975
652.350
650.677
649.761
650.821
649.975
648.947
649.022
645.439
643.569
642.824
643.312
643.783
643.442
643.762
631.834
631.428
631.509
638.991
632.704
635.243
633.174
631.086
631.203
630.843
633.635
631.311
630.740
631.353
632.168
630.850
630.740
630.973
629.428
629.535
624.765
623.977
623.977
623.967
623.913
623.098
620.815
615.990
615.252
631.629
615.801
615.702
616.097
615.080
615.392
644.664
615.080
616.088
615.080
615.174
616.284
614.391
621.163
617.332
608.737
588.259
589.067
588.259
588.259
587.531
587.153
604.710
593.498
588.734
587.895
586.973
594.106
594.089
593.219
583.766
586.970
583.293
584.148
583.354
577.764
582.337
579.456
577.840
576.755
579.871
578.006
582.977
576.471
577.635
576.823
576.790
581.971
580.934
575.567
573.329
573.252
570.959
570.754
582.642
578.790
577.505
570.852
570.563
568.231
566.758
566.723
566.646
580.685
566.539
566.615
565.791
565.715
565.650
565.224
565.392
564.955
566.498
564.150
562.047
561.274
560.161
559.320
560.272
559.211
560.356
559.170
558.579
556.115
559.805
559.140
555.912
555.836
551.013
551.409
554.842
554.211
551.013
554.062
551.758
550.335
552.529
549.398
549.129
550.089
546.449
546.978
548.820
547.556
546.263
546.238
547.096
558.053
548.422
546.262
546.554
547.430
534.010
541.610
534.690
534.138
529.165
529.165
528.733
522.086
521.968
522.248
522.086
522.569
514.125
520.545
516.036

Error results for SA8
---------------------------
1035.272
1039.539
1038.744
1038.536
1040.459
1041.496
1042.534
1038.045
1038.310
1037.231
1036.108
1036.108
1036.198
1035.738
1043.091
1038.828
1028.694
1045.865
1028.694
1026.043
1025.821
1017.119
1017.004
1017.348
1028.878
1029.341
1017.004
1018.222
1017.004
1017.792
1015.120
1014.851
1015.110
1014.851
1014.440
1014.440
1014.217
1014.224
1013.945
1006.041
1006.406
1005.815
1022.562
1005.676
1005.429
1004.754
1007.972
1004.754
1003.514
1003.514
1000.406
999.575
999.388
1000.617
997.277
998.190
995.833
996.192
997.227
1005.090
995.064
989.025
989.025
989.272
997.346
988.045
987.684
986.077
986.077
983.241
982.782
996.614
982.782
982.797
982.908
996.058
984.038
983.277
983.056
984.013
982.908
973.762
974.316
976.714
973.762
973.791
973.258
977.617
973.724
973.636
972.782
972.965
970.066
968.733
973.768
968.349
969.687
964.199
964.233
967.468
964.037
974.798
963.094
959.773
961.189
956.392
954.210
948.194
954.549
952.961
944.479
940.917
940.786
941.589
939.539
949.091
938.805
947.171
939.458
938.454
930.752
928.846
928.431
928.524
904.641
904.515
907.804
903.552
903.681
903.552
883.460
882.554
882.587
882.748
890.568
882.554
881.745
883.631
881.941
882.360
881.745
886.450
883.002
884.684
878.746
879.042
880.218
878.535
878.290
878.807
879.790
878.290
877.417
880.566
878.153
882.491
877.417
881.714
878.537
881.155
875.159
873.127
901.414
873.435
865.244
863.005
863.125
859.952
861.449
860.047
859.983
859.359
860.109
796.291
796.291
796.274
796.849
796.740
788.818
788.818
786.060
779.617
778.751
778.736
777.634
781.714
777.720
777.426
777.426
778.584
767.038
765.161
762.675
762.628
754.557
754.388
754.754
753.626
754.406
754.046
754.307
751.330
750.690
752.030
750.991
766.434
753.428
752.664
750.491
751.324
748.875
749.136
749.136
749.166
750.074
749.999
748.680
748.221
748.779
748.256
749.851
748.554
751.029
750.956
747.251
745.744
746.028
749.595
744.872
762.015
743.565
742.901
745.312
750.191
743.568
738.293
743.336
737.650
737.650
737.795
737.805
734.868
718.739
719.579
718.732
718.732
720.261
719.561
722.792
712.250
703.619
707.573
705.414
703.312
702.699
701.881
701.431
703.495
701.288
696.290
698.727
691.817
691.370
688.211
683.161
681.579
681.822
681.661
681.443
680.948
680.634
680.435
679.971
681.990
681.564
678.107
680.448
677.264
677.264
682.929
673.698
673.634
670.565
669.371
668.954
669.867
666.102
668.335
666.551
666.340
666.601
669.827
666.197
666.152
665.388
665.282
666.258
660.316
659.567
659.661
654.274
654.123
655.739
668.276
654.099
653.998
655.427
687.519
655.459
656.451
657.601
653.337
657.497
651.844
657.447
661.842
653.465
651.344
652.901
653.076
651.344
655.735
651.854
648.080
644.954
644.975
649.630
644.843
645.493
645.014
645.017
645.602
643.550
642.266
642.315
643.397
641.155
639.733
644.259
634.720
634.521
634.878
626.524
626.604
624.993
631.056
624.503
624.544
625.939
623.872
628.044
617.993
618.325
625.207
620.255
618.605
620.032
620.517
634.624
617.430
617.615
618.673
615.608
615.025
614.973
613.046
613.046
613.046
615.488
613.020
614.860
613.714
613.869
613.266
611.749
615.525
612.923
645.846
611.477
610.816
610.742
610.742
613.289
612.446
609.669
608.730
608.900
604.308
603.191
604.593
601.586
602.220
604.172
605.055
607.327
602.152
601.087
602.399
601.359
603.166
601.247
603.885
600.596
601.813
600.627
600.897
606.365
601.561
600.303
604.401
603.427
603.478
601.841
600.689
600.469
600.235
600.310
600.787
600.618
600.288
601.057
600.288
595.042
598.222
593.810
595.139
594.974
596.854
597.516
594.916
594.571
595.190
594.915
594.852
595.648
595.973
593.486
593.986
594.675
588.586
587.589
587.973
587.298
585.735
587.065
585.286
585.982
586.780
583.491
585.647
581.330
581.330
580.189
574.165
569.743
570.858
569.304
568.541
568.985
568.084
568.546
568.067
568.179
563.204
563.486
568.175
563.204
563.337
563.114
562.993
563.923
563.238
561.812
561.854
561.812
568.315
561.877
561.441
562.965
561.435
560.999
542.151
542.423
541.662
542.692
541.117
541.117
541.165
541.281
542.494
539.790
539.370
539.713
539.447
539.274
539.370
557.663
540.586
541.412
543.290

Error results for SA9
---------------------------
1074.902
1093.717
1096.127
1101.154
1098.447
1100.349
1101.155
1101.572
1106.910
1107.264
1107.058
1107.078
1106.878
1104.466
1106.125
1108.290
1104.489
1113.815
1103.041
1110.109
1102.009
1106.127
1102.225
1097.800
1096.483
1096.761
1092.323
1092.323
1088.643
1094.257
1090.445
1088.969
1088.732
1091.845
1084.788
1085.194
1084.981
1084.669
1085.586
1084.719
1084.345
1084.271
1084.796
1084.899
1089.296
1084.345
1084.160
1087.433
1084.160
1084.160
1084.319
1087.654
1084.160
1091.934
1086.456
1084.455
1084.455
1084.455
1084.192
1083.395
1083.395
1077.476
1077.986
1077.476
1072.862
1077.151
1081.069
1071.977
1064.352
1059.885
1059.889
1060.151
1068.634
1071.469
1065.043
1058.743
1055.376
1055.389
1061.221
1052.940
1050.836
1051.011
1048.071
1049.087
1049.912
1047.937
1047.851
1043.351
1040.702
1042.686
1040.702
1041.819
1035.831
1036.444
1036.237
1035.950
1036.335
1043.730
1038.717
1057.883
1036.457
1033.400
1047.892
1033.837
1037.997
1032.007
1032.150
1032.007
1031.858
1026.049
1021.864
1021.844
1020.022
1020.022
1019.694
1016.466
1016.466
1071.083
1015.599
1015.599
1015.786
1015.531
1015.536
1016.348
1015.450
1006.828
1006.338
997.580
997.931
1002.476
997.684
995.839
992.758
994.159
992.758
992.692
989.717
988.965
986.068
980.608
979.613
980.239
979.878
964.736
964.364
964.034
957.413
957.851
964.985
957.177
956.436
958.780
958.740
960.399
957.539
953.307
952.702
954.527
951.056
950.660
951.214
951.043
936.426
935.466
932.503
924.946
924.946
919.077
919.787
921.398
919.856
917.469
913.492
914.431
913.990
914.680
904.666
904.485
903.907
904.067
905.052
903.961
904.747
886.940
898.736
886.845
887.241
883.273
883.534
883.191
883.240
885.484
883.203
881.408
880.865
880.274
881.387
879.573
877.015
876.021
875.436
880.168
875.628
875.335
875.305
875.305
873.226
861.664
861.856
861.665
863.760
861.662
868.883
848.106
851.837
846.393
844.762
843.680
846.308
843.670
841.375
843.203
841.375
841.125
828.499
815.476
815.389
816.130
815.319
801.869
797.300
796.334
797.372
797.338
795.307
801.985
795.217
793.743
793.531
793.005
793.964
790.718
795.652
790.718
794.953
783.503
787.179
783.189
780.995
782.487
781.616
780.659
807.291
782.304
779.946
783.314
777.934
778.570
773.873
777.662
775.174
771.966
771.966
771.714
772.007
771.171
773.424
771.043
765.198
766.862
765.134
764.872
759.682
759.682
757.951
757.409
758.291
757.725
757.603
757.325
751.862
751.889
751.882
751.019
751.104
748.465
748.921
748.786
748.555
749.297
748.769
748.375
747.430
747.719
747.268
755.654
747.420
748.397
747.764
750.993
749.661
747.268
747.366
747.090
747.564
747.603
747.748
746.898
746.884
746.862
747.018
745.995
745.356
745.656
738.976
728.415
727.175
732.622
727.695
727.175
729.162
726.519
723.554
728.154
723.955
719.150
718.663
717.619
718.417
718.892
717.631
717.692
724.401
719.754
717.604
715.614
715.481
718.524
722.252
716.237
717.487
716.008
747.896
714.976
715.993
711.554
709.571
717.201
709.674
699.274
700.230
699.599
705.598
699.923
699.769
699.370
699.378
696.301
698.466
696.552
702.669
699.742
699.240
692.355
692.150
697.927
692.553
692.146
692.140
692.601
692.860
691.201
694.545
693.559
691.161
689.599
690.697
689.676
689.859
691.357
691.339
689.379
690.025
691.561
689.371
685.197
685.117
684.647
677.354
677.362
677.354
677.301
677.986
677.432
677.354
677.968
680.150
677.021
672.596
671.091
667.118
667.111
665.956
658.605
666.074
658.603
657.997
664.166
658.655
658.603
657.737
642.513
643.211
641.449
644.585
641.970
641.433
643.079
640.926
640.926
640.926
640.926
644.998
640.519
640.932
643.872
638.064
638.064
634.464
634.372
634.819
634.400
630.972
639.886
642.213
631.769
631.862
630.972
630.972
629.907
628.032
629.277
631.862
628.032
626.811
625.332
625.046
625.149
624.984
624.981
624.054
624.081
624.361
622.529
622.377
621.933
633.886
622.135
624.221
618.384
620.307
629.116
618.504
620.269
618.463
618.335
617.689
617.248
620.014
617.243
615.201
613.921
613.186
621.915
613.921
612.835
612.835
613.565
613.062
612.596
612.460
615.837
612.817
612.341
613.456
619.934
612.335
607.557
606.492
607.014
605.662
605.906
605.668
602.184
602.314
601.478
598.653
598.540
601.362
603.581

Error results for SA10
---------------------------
1386.665
1387.860
1387.671
1367.542
1369.466
1351.212
1345.277
1337.960
1337.297
1307.079
1304.723
1302.231
1286.842
1286.028
1287.269
1287.269
1286.237
1281.154
1281.533
1256.162
1239.937
1242.979
1239.504
1232.854
1231.738
1231.489
1226.889
1256.893
1226.880
1226.880
1239.960
1226.880
1226.880
1223.163
1226.679
1231.201
1222.073
1231.924
1213.343
1214.943
1214.270
1213.369
1213.003
1199.920
1195.660
1186.770
1176.064
1159.765
1159.765
1159.148
1159.148
1151.029
1133.692
1135.785
1122.085
1119.769
1166.981
1120.074
1119.521
1099.459
1105.591
1100.786
1095.610
1098.501
1089.168
1099.174
1088.464
1088.464
1090.643
1091.403
1082.005
1080.179
1073.997
1073.983
1074.466
1076.029
1072.620
1065.902
1068.073
1065.928
1067.489
1079.574
1063.711
1063.777
1076.716
1045.865
1046.566
1050.148
1047.579
1050.841
1044.492
1044.685
1031.428
1048.320
1026.036
1026.102
1050.918
1026.036
1022.306
1032.550
1023.643
1021.989
1020.406
1017.182
1025.036
1017.384
1010.053
1009.851
1009.773
1012.956
1009.899
1006.757
997.764
997.688
1008.208
997.112
996.086
996.086
998.765
996.086
1005.933
996.028
997.518
992.443
992.591
999.453
992.501
991.451
998.748
986.603
986.603
981.379
981.839
981.347
978.399
984.249
979.718
969.835
964.231
960.448
960.381
973.924
965.708
959.488
961.665
959.682
959.333
960.852
955.445
957.018
952.977
948.683
953.988
948.683
938.679
942.390
939.125
1007.864
934.467
934.686
937.262
933.168
933.809
936.239
934.566
934.515
933.049
933.324
933.494
928.032
926.784
920.410
920.182
922.549
923.446
913.551
915.579
915.439
914.365
924.713
916.806
915.479
912.822
910.637
901.027
908.611
900.035
899.789
899.527
897.691
897.325
896.885
899.143
900.468
897.772
896.849
895.664
896.630
894.692
894.083
892.615
897.386
893.638
895.478
892.556
892.484
890.673
894.327
887.680
881.606
886.194
882.186
882.702
871.207
871.147
871.945
871.431
868.817
869.474
869.558
871.455
868.857
871.178
874.258
875.257
865.789
876.182
866.484
868.795
872.775
865.789
870.527
903.740
864.922
874.476
864.191
866.059
875.786
864.922
859.197
860.310
858.737
855.932
857.059
853.562
855.963
854.961
860.270
853.562
853.637
852.909
853.389
852.909
849.403
850.136
849.531
849.836
851.994
846.752
833.580
833.490
836.079
833.533
838.968
829.825
829.305
825.913
825.590
820.259
857.221
820.390
818.762
821.853
813.333
817.561
841.199
816.832
811.502
811.406
811.595
811.344
814.735
796.984
795.189
796.622
797.998
795.307
805.146
795.307
785.501
788.667
785.191
785.081
760.997
756.516
755.716
756.751
752.441
753.991
753.149
752.179
754.055
752.942
752.078
749.505
749.505
752.008
749.605
750.662
749.630
752.849
738.169
741.830
735.154
735.634
735.359
735.564
737.656
756.291
736.591
733.038
732.981
727.691
732.519
727.246
727.231
724.836
724.552
723.321
724.738
723.872
722.589
726.529
724.612
722.740
729.360
721.096
720.335
721.416
719.827
721.970
721.395
718.540
719.085
717.971
713.010
714.168
716.576
714.240
712.141
712.797
712.654
711.410
707.575
711.293
702.309
705.698
699.322
699.244
699.244
699.948
698.947
698.961
700.873
698.260
698.272
695.910
696.300
699.386
696.415
696.028
713.408
696.496
695.685
695.522
700.316
699.745
698.220
695.237
695.237
702.151
695.418
694.932
694.932
694.970
697.583
686.138
686.429
686.109
695.269
685.965
687.531
685.940
681.987
679.717
677.719
716.854
678.408
677.529
686.885
677.529
680.636
661.646
662.749
663.171
663.912
655.008
660.447
655.284
655.043
657.663
656.014
655.356
655.008
660.068
658.033
646.812
648.183
641.574
642.212
639.625
639.484
639.212
644.465
667.814
639.656
639.210
639.098
639.119
639.633
639.381
640.305
639.633
638.787
639.075
638.208
642.037
643.195
643.855
638.889
643.327
638.815
639.641
637.721
640.620
636.990
637.245
637.208
638.012
625.417
623.463
624.297
626.775
623.524
623.463
626.189
621.927
621.989
621.898
628.520
622.333
622.786
622.609
622.692
621.658
621.658
622.278
623.314
620.430
621.924
621.924
639.168
625.120
623.060
612.137
611.904
618.772
613.087
610.451
610.896
608.191
607.689
607.628
607.628
607.648
608.653
607.380
608.707
608.671
608.419
607.687
609.050
607.236
607.236
607.594
607.236
606.874
606.904
609.233
607.337

--------------------------------------------
Results for SA1: 
--------------------------------------------
Correctly classified (TEST) 2859.0 instances.
Incorrectly classified (TEST) 458.0 instances.
Percent correctly classified (TEST): 86.192%

Correctly classified (TRAIN)6677.0 instances.
Incorrectly classified (TRAIN) 1061.0 instances.
Percent correctly classified (TRAIN): 86.288%

Training time: 28.752 seconds
Testing time: 0.257 seconds

--------------------------------------------
Results for SA2: 
--------------------------------------------
Correctly classified (TEST) 2912.0 instances.
Incorrectly classified (TEST) 405.0 instances.
Percent correctly classified (TEST): 87.790%

Correctly classified (TRAIN)6804.0 instances.
Incorrectly classified (TRAIN) 934.0 instances.
Percent correctly classified (TRAIN): 87.930%

Training time: 32.376 seconds
Testing time: 0.078 seconds

--------------------------------------------
Results for SA3: 
--------------------------------------------
Correctly classified (TEST) 2846.0 instances.
Incorrectly classified (TEST) 471.0 instances.
Percent correctly classified (TEST): 85.800%

Correctly classified (TRAIN)6548.0 instances.
Incorrectly classified (TRAIN) 1190.0 instances.
Percent correctly classified (TRAIN): 84.621%

Training time: 28.901 seconds
Testing time: 0.118 seconds

--------------------------------------------
Results for SA4: 
--------------------------------------------
Correctly classified (TEST) 2525.0 instances.
Incorrectly classified (TEST) 792.0 instances.
Percent correctly classified (TEST): 76.123%

Correctly classified (TRAIN)5995.0 instances.
Incorrectly classified (TRAIN) 1743.0 instances.
Percent correctly classified (TRAIN): 77.475%

Training time: 32.457 seconds
Testing time: 0.078 seconds

--------------------------------------------
Results for SA5: 
--------------------------------------------
Correctly classified (TEST) 2874.0 instances.
Incorrectly classified (TEST) 443.0 instances.
Percent correctly classified (TEST): 86.645%

Correctly classified (TRAIN)6601.0 instances.
Incorrectly classified (TRAIN) 1137.0 instances.
Percent correctly classified (TRAIN): 85.306%

Training time: 33.225 seconds
Testing time: 0.092 seconds

--------------------------------------------
Results for SA6: 
--------------------------------------------
Correctly classified (TEST) 2760.0 instances.
Incorrectly classified (TEST) 557.0 instances.
Percent correctly classified (TEST): 83.208%

Correctly classified (TRAIN)6400.0 instances.
Incorrectly classified (TRAIN) 1338.0 instances.
Percent correctly classified (TRAIN): 82.709%

Training time: 27.567 seconds
Testing time: 0.067 seconds

--------------------------------------------
Results for SA7: 
--------------------------------------------
Correctly classified (TEST) 2882.0 instances.
Incorrectly classified (TEST) 435.0 instances.
Percent correctly classified (TEST): 86.886%

Correctly classified (TRAIN)6609.0 instances.
Incorrectly classified (TRAIN) 1129.0 instances.
Percent correctly classified (TRAIN): 85.410%

Training time: 26.724 seconds
Testing time: 0.071 seconds

--------------------------------------------
Results for SA8: 
--------------------------------------------
Correctly classified (TEST) 2718.0 instances.
Incorrectly classified (TEST) 599.0 instances.
Percent correctly classified (TEST): 81.942%

Correctly classified (TRAIN)6353.0 instances.
Incorrectly classified (TRAIN) 1385.0 instances.
Percent correctly classified (TRAIN): 82.101%

Training time: 31.149 seconds
Testing time: 0.096 seconds

--------------------------------------------
Results for SA9: 
--------------------------------------------
Correctly classified (TEST) 2708.0 instances.
Incorrectly classified (TEST) 609.0 instances.
Percent correctly classified (TEST): 81.640%

Correctly classified (TRAIN)6253.0 instances.
Incorrectly classified (TRAIN) 1485.0 instances.
Percent correctly classified (TRAIN): 80.809%

Training time: 33.290 seconds
Testing time: 0.062 seconds

--------------------------------------------
Results for SA10: 
--------------------------------------------
Correctly classified (TEST) 2736.0 instances.
Incorrectly classified (TEST) 581.0 instances.
Percent correctly classified (TEST): 82.484%

Correctly classified (TRAIN)6316.0 instances.
Incorrectly classified (TRAIN) 1422.0 instances.
Percent correctly classified (TRAIN): 81.623%

Training time: 35.421 seconds
Testing time: 0.100 seconds