Error results for SA1
---------------------------
1131.193
1131.561
1134.919
1134.753
1134.742
1134.977
1133.815
1137.443
1133.715
1128.706
1128.798
1126.932
1127.142
1127.245
1126.247
1118.540
1116.479
1114.619
1114.442
1114.498
1114.442
1114.459
1106.275
1106.275
1106.340
1106.562
1105.345
1107.423
1106.169
1108.695
1097.699
1095.708
1095.223
1090.353
1095.024
1090.422
1085.279
1084.964
1083.141
1082.692
1091.163
1086.781
1080.369
1080.384
1080.363
1084.445
1083.138
1079.763
1082.125
1077.432
1077.346
1079.671
1080.061
1076.245
1081.438
1074.479
1078.550
1074.752
1070.020
1066.213
1096.324
1067.005
1067.193
1067.337
1066.310
1066.175
1059.508
1069.853
1059.499
1059.610
1059.610
1058.691
1057.603
1024.874
1072.906
1024.751
1022.204
1022.301
1021.123
1027.018
1020.471
1018.772
1015.311
1015.141
1015.759
1014.877
1011.236
1011.453
1002.759
1001.546
997.194
999.121
1001.658
997.448
996.807
998.273
1005.515
996.861
997.683
998.096
1005.363
1001.721
1001.256
993.969
993.910
992.864
994.640
989.357
990.575
993.497
990.570
989.542
989.915
989.357
990.396
987.115
982.429
985.491
983.191
982.429
982.803
983.242
981.084
986.333
987.988
978.230
978.428
979.853
980.671
976.995
981.227
970.805
962.946
966.346
969.279
967.437
970.185
966.499
965.003
961.204
959.436
958.785
979.106
964.782
958.251
948.361
948.361
953.286
948.219
951.120
948.213
947.339
947.635
955.066
952.809
945.012
952.290
943.851
940.166
928.966
928.914
933.557
935.375
925.460
925.766
925.382
923.156
923.738
922.978
929.230
912.745
912.332
912.154
913.124
912.559
901.871
911.156
900.564
900.564
902.127
898.819
900.220
911.808
898.337
903.865
898.337
895.592
898.176
896.272
896.283
894.534
894.534
897.765
898.244
896.164
894.588
895.173
897.424
900.074
904.147
894.534
893.179
895.124
890.401
889.875
889.852
887.699
883.192
881.997
876.173
878.991
875.469
865.906
863.824
858.420
860.045
859.079
858.271
868.357
858.271
866.135
856.992
856.494
860.223
862.213
856.469
856.547
853.275
855.502
853.459
851.962
852.948
851.414
850.220
847.993
847.892
847.893
839.052
836.848
836.367
839.678
838.067
847.290
838.727
839.159
836.412
837.233
836.404
836.760
837.718
836.409
837.247
835.883
835.950
832.110
836.972
833.298
834.449
829.660
829.451
821.417
821.401
818.876
818.841
816.840
813.903
814.944
814.032
813.293
812.259
818.520
818.563
811.194
811.977
835.132
809.494
808.277
808.212
809.381
803.381
803.381
803.296
805.095
801.695
801.695
800.686
809.226
802.125
805.200
801.021
815.123
804.553
805.268
799.570
799.436
799.568
798.890
798.700
797.012
796.995
798.344
796.888
796.691
796.691
796.474
795.548
800.016
796.260
794.781
795.204
794.093
793.948
786.169
789.879
780.748
781.437
780.748
781.882
779.032
791.512
779.032
778.207
776.849
782.825
777.090
777.595
791.214
776.842
776.842
776.842
777.870
788.290
776.112
770.834
770.927
771.070
770.438
770.482
779.004
772.458
770.482
771.242
769.422
769.389
769.637
789.499
767.974
768.272
767.645
767.744
767.799
766.893
764.840
764.778
766.062
755.639
765.816
758.851
756.337
755.643
754.120
754.232
753.827
754.972
754.862
748.791
746.941
739.328
741.138
738.867
740.479
738.702
733.990
734.016
724.608
736.399
775.812
724.192
720.400
720.400
721.088
722.102
717.100
718.627
719.892
717.598
717.908
716.662
718.563
719.501
716.117
717.793
715.756
725.461
717.594
715.805
718.440
715.756
717.284
715.132
715.229
715.452
715.940
703.827
705.306
708.944
703.827
704.064
704.499
710.098
703.807
704.140
708.147
703.906
703.330
701.756
703.840
701.758
701.758
702.384
704.453
702.088
701.991
703.734
701.758
701.746
701.636
700.522
699.673
699.850
700.177
703.336
697.835
716.560
699.624
698.075
695.583
697.455
695.583
695.168
695.054
697.453
696.829
695.348
694.094
693.925
695.494
693.925
698.167
692.892
692.039
692.161
694.156
700.604
692.086
688.292
685.926
690.922
691.910
694.729
685.920
685.365
683.211
683.268
683.136
680.359
679.358
679.475
673.427
672.677
669.129
667.430
666.716
666.573
667.662
675.810
666.554
666.224
666.417
668.557
675.038
666.066
668.280
666.219
666.219
675.166
667.777
666.973
671.803
666.961
663.942
662.485
663.273
662.560
661.352
661.382
660.219
664.022
662.502
660.704
660.426
660.198
673.175
660.223
661.010
660.198
660.214
659.919
659.919
659.301
651.256
651.300
651.459
644.748
644.680
644.678
644.488
644.472
644.669
644.037
643.475
633.428
640.956
633.567
633.428
637.580
631.596
631.996
630.937
630.740
630.487
630.997
630.487
643.575
631.912
630.630
631.019
630.016
628.557
628.455
628.455
628.176
629.610
629.457
628.541
630.514
628.557
628.372
630.205
629.604
629.543
628.266
628.443
628.084
628.017
632.339
628.339
631.370
628.185
628.089
627.725
630.360
626.861
625.674
621.749
626.809
621.746
621.659
621.961
621.862
621.521
621.521
621.300
621.358
619.072
606.905
604.643
603.137
603.074
602.819
602.447
603.800
602.914
596.975
596.594
596.712
596.698
596.632
598.027
596.594
610.016
597.030
596.838
592.570
593.686
593.406
593.109
591.314
594.365
597.808
592.974
585.904
585.904
586.001
587.927
585.904
588.558
586.503
588.113
590.524
585.909
583.029
586.573
583.114
582.737
584.777
583.480
586.595
565.857
569.362
565.545
567.153
565.545
565.932
565.545
565.545
565.940
565.682
565.398
565.370
566.345
566.429
565.165
584.116
567.064
565.328
565.366
567.046
565.506
564.944
564.641
563.865
563.501
564.698
565.013
563.599
563.501
560.397
560.397
560.859
560.944
560.530
559.414
556.012
558.012
555.937
566.347
555.700
551.698
551.985
553.353
550.977
551.236
552.329
554.587
550.386
549.578
550.125
557.408
550.553
548.721
548.721
548.710
548.845
548.781
548.721
548.932
549.069
548.859
548.072
548.441
548.135
551.933
494.999
494.958
498.322
500.603
494.331
494.262
495.227
494.929
495.400
497.247
494.150
494.847
495.820
494.148
499.876
494.174
495.259
494.193
493.600
495.397
495.785
493.591
493.471
492.998
495.834
493.832
493.499
499.142
493.684
493.342
492.295
492.228
484.411
496.266
484.412
485.571
485.047
483.526
484.142
486.109
483.770
483.834
487.516
484.777
483.512
483.427
483.541
483.393
484.058
483.393
483.449
483.400
483.486
483.300
483.300
483.505
484.346
481.343
487.880
481.343
484.554
481.455
482.735
481.320
499.993
482.174
479.970
479.989
482.308
480.142
480.296
481.810
533.357
480.565
479.367
482.154
469.928
469.928
469.931
467.633
466.979
466.127
466.428
466.326
468.215
466.146
467.487
465.967
462.619
463.065
462.725
462.558
470.905
464.812
462.743
465.676
462.558
462.768
465.118
463.456
462.948
462.473
468.147
462.456
461.319
462.813
462.918
461.876
459.169
459.064
459.064
465.191
463.232
462.029
459.354
459.567
461.071
459.246
458.836
458.797
461.292
460.238
456.700
456.865
455.494
455.421
455.341
449.491
450.446
449.429
449.429
449.763
448.576
447.731
450.717
446.302
444.681
444.681
444.852
444.630
444.626
444.570
444.437
445.179
444.546
447.322
445.098
444.685
444.838
439.336
439.837
443.327
439.245
439.071
438.724
439.441
438.757
439.577
438.785
419.454
419.644
419.299
419.035
419.035
419.614
419.172
418.499
418.633
420.552
418.466
419.320
418.466
418.770
422.343
418.689
418.912
418.466
418.398
417.855
417.239
417.314
418.947
417.307
417.163
417.140
421.646
415.013
460.394
415.302
412.678
413.100
419.675
415.565
384.022
382.798
382.968
382.756
383.166
381.881
382.397
381.872
381.459
381.678
380.920
381.062
381.011
381.031
387.620
376.910
378.748
376.948
401.181
376.699
376.524
378.108
376.435
376.445
376.400
376.709
376.348
376.318
376.530
376.311
376.793
375.219
375.178
375.422
375.169
376.503
375.041
378.445
388.380
375.557
376.586
374.724
374.732
374.446
374.765
374.416
374.405
374.838
374.832
374.405
374.949
375.627
374.506
379.885
374.356
379.944
374.451
382.100
374.609
375.089
374.405
374.412
375.999
374.500
374.830
376.246
374.601
374.666
376.372
377.024
374.768
374.611
374.215
374.093
372.125
372.166
372.125
372.430
372.378
372.782
372.611
372.424
372.500
372.432
372.771
372.432
372.397
372.421
375.733
372.326
365.997
366.297
366.088
364.693
377.520
364.733
364.629
364.672
364.477
364.661
365.028
365.715
366.749
364.556
364.660
364.071
365.971
364.534
364.469
364.413
363.082
363.033
363.196
363.226
363.379
361.169
361.496
360.631
360.474
358.826
358.826
358.893
359.052
358.720
356.897
354.824
355.027
357.757
354.817
354.811
355.038
355.065
354.764
354.764
354.553
355.329
354.790
355.973
354.679
354.732
355.666
353.599
353.684
357.220
352.755
359.491
352.755
345.009
345.126
345.033
345.190
347.425
346.809
345.151
349.975
345.041
390.697
344.804
344.934
344.886
344.415
345.715
344.639
342.748
342.644
344.577
342.927
342.587
343.095
343.455
341.586
342.038
343.156
341.917
341.618
341.489
341.926
342.588
335.268
335.665
332.269
332.095
332.042
331.714
331.935
332.678
331.556
333.212
335.239
331.226
331.451
339.882
331.550
337.212
331.433
332.323
332.319
332.968
331.144
331.248
331.660
331.144
332.534
331.144
326.254
326.296
326.377
326.240
326.722
326.759
327.087
326.721
327.041
326.884
327.148
327.574
326.250
326.359
324.652
324.667
332.527
324.560
326.280
325.650
324.551
324.661
325.327
324.422
324.421
323.641
323.191
323.430
325.420
323.766
322.871
323.692
321.638
322.686
319.839
319.624
322.718
319.932
320.068
318.790
319.448
318.790
318.557
320.312
318.544
318.887
319.375
315.954
315.927
316.421
316.117
315.736
314.966
315.464
318.359
314.980
315.005
317.167
325.056
314.279
314.279
313.697
313.933
314.613
313.531
313.995
316.622
313.164
313.284
313.224
313.859
312.831
312.916
314.549
314.099
315.679
316.690
312.940
312.819
317.276
315.945
313.192
312.280
310.722
310.865
310.649
310.502
312.380
310.224
310.502
310.729
310.457
311.640
310.585
310.540
311.099
310.699
310.683
310.520
310.607
310.451
311.738
313.593
310.457
310.346
309.214
308.105
306.114
306.097
306.097
305.676
305.800
305.790
305.792
305.676
306.779
305.621
305.687
306.109
305.651
301.772
302.990
310.464
302.637
302.919
301.327
300.513
300.513
300.700
300.106
300.510
300.266
299.995
300.131
301.549
300.054
299.893
299.893
299.883
300.110
299.889
301.770
299.401
298.596
298.286
295.350
295.356
295.422
295.594
296.295
296.902
295.350
295.350
295.406
296.669
295.381
295.381
295.359
296.032
295.310
296.963
295.240
295.240
297.040
296.360
295.241
295.206
295.225
295.180
295.174
295.139
295.139
295.495
295.836
295.190
295.021
294.045
294.020
293.743
294.207
293.891
293.978
293.438
292.211
292.191
294.269
293.076
292.564
292.152
292.161
292.039
292.033
291.978
291.988
290.695
291.740
290.557
290.514
290.456
291.004
290.506
289.198
290.637
296.708
289.567
287.640
287.120
287.147
289.384
287.232
287.398
287.476
287.016
287.095
285.053
291.083
285.105
279.335
279.386
279.609
279.051
279.052
279.031
283.286
279.146
279.503
279.952
280.045
279.119
279.985
283.692
280.212
280.004
281.173
279.966
279.743
279.937
279.743
279.786
279.780
279.835
280.994
283.509
281.894
279.762
279.420
279.421
279.316
279.432
279.074
279.074
279.195
279.209
279.962
279.115
279.263
278.022
278.205
276.897
276.924
276.928
277.693
276.955
276.269
276.281
276.272
276.262
276.814
276.131
275.075
275.075
275.073
274.883
274.871
275.335
277.060
275.376
275.129
274.782
275.759
274.995
276.202
274.354
275.436
274.820
274.062
274.630
273.988
274.077
274.309
273.977
273.971
273.941
275.104
273.960
273.941
275.823
275.080
277.699
277.596
273.941
273.907
274.058
274.109
274.234
274.532
273.882
273.945
275.341
273.907
273.728
274.377
273.913
288.737
273.738
273.757
273.780
280.744
273.951
273.750
273.727
273.761
273.211
273.535
273.224
273.042
272.770
272.917
272.791
272.740
272.711
273.142
273.131
274.256
274.918
273.181
272.759
273.101
272.326
272.293
272.274
272.063
271.466
271.463
271.484
270.965
270.965
270.969
270.869
270.408
270.416
270.211
270.114
268.486
268.455
268.367
268.380
268.492
268.357
268.557
268.384
268.355
268.248
268.507
268.197
272.868
269.282
268.470
267.062
266.943
267.144
267.096
267.061
267.109
267.002
268.161
266.945
267.023
266.723
267.167
267.363
266.992
266.990
266.752
266.752
266.593
266.754
265.899
265.730
265.731
266.115
266.029
265.628
265.095
263.826
263.953
264.026
263.765
263.766
263.806
263.895
263.956
263.443
263.398
263.387
263.436
263.350
263.356
263.649
263.120
264.106
263.134
263.124
263.983
263.124
263.609
263.112
265.991
263.029
263.027
263.104
263.248
263.126
263.287
263.248
263.938
263.634
263.305
262.419
265.281
262.720
262.600
262.300
262.531
264.865
262.186
262.009
261.950
262.115
262.027
261.968
262.019
275.605
262.173
261.968
262.006
262.035
262.222
261.996
262.196
261.984
261.844
261.502
261.527
261.509
261.399
261.375
261.935
261.393
260.888
260.556
263.726
260.504
260.162
260.162
260.082
260.360
260.580
260.248
260.454
264.674
260.237
261.184
260.164
260.986
260.147
260.712
260.105
257.502
257.421
257.616
257.421
260.151
257.835
257.632
257.825
259.024
257.474
258.283
257.172
257.246
257.190
257.029
257.040
258.178
258.277
257.032
256.375
256.037
256.981
257.056
256.361
256.453
256.564
256.456
256.575
256.466
256.561
257.134
256.355
256.611
261.128
256.639
257.625
255.726
255.322
255.768
254.963
254.656
257.648
254.656
254.793
254.379
254.708
255.170
254.617
254.617
254.727
255.093
254.617
254.965
254.630
264.855
253.458
254.875
254.714
260.491
254.832
254.595
257.162
254.553
253.961
253.559
253.899
252.573
252.582
252.516
252.434
252.807
252.586
252.096
252.064
252.160
252.914
252.914
252.720
252.673
253.026
252.856
254.233
252.673
252.786
252.685
252.382
252.421
252.169
252.169
252.175
252.169
251.481
251.716
251.600
251.463
251.534
251.216
251.897
254.291
251.594
251.451
259.023
252.076
251.445
251.208
252.755
251.034
250.975
251.131
251.209
246.418
246.288
246.288
246.263
247.290
246.428
246.378
246.210
246.207
246.207
246.533
246.952
246.856
246.856
247.287
246.748
246.781
246.947
246.897
246.654
246.654
246.960
246.558
246.557
246.566
246.564
245.594
249.117
245.691
245.602
246.565
245.627
245.662
244.665
245.593
245.790
245.149
244.644
244.233
244.234
243.808
243.808
243.944
246.409
243.607
244.532
243.863
243.753
244.440
243.759
245.660
243.685
243.732
243.620
243.613
248.254
249.170
246.492
243.778
243.620
243.623
243.608
243.608
243.566
245.722
243.595
243.543
244.720
243.645
243.569
243.570
243.807
243.733
244.124
243.569
243.596
243.569
246.787
243.577
243.587
243.570
243.383
243.429
243.340
245.521
243.193
243.258
243.545
243.524
243.665
242.969
242.971
242.869
242.869
242.956
244.264
242.588
242.985
243.607
244.517
243.085
241.443
241.635
242.157
241.427
240.392
240.578
240.378
240.470
240.471
241.147
241.347
239.843
244.156
240.434
239.895
239.844
240.382
240.152
240.157
239.840
239.838
239.217
239.037
239.131
239.191
240.169
238.904
239.191
239.111
240.191
238.441
238.346
238.348
238.799
238.837
240.548
239.137
240.211
248.806
238.936
238.810
238.903
238.708
245.341
238.708
238.674
238.685
238.674
238.674
238.031
238.792
238.155
238.030
238.027
237.925
237.972
237.925
238.185
238.571
237.849
235.165
235.271
233.000
233.286
232.960
233.830
233.310
232.918
233.217
233.250
232.796
232.806
232.961
232.689
232.761
232.798
233.079
232.812
232.799
232.800
236.933
232.936
233.453
232.800
233.148
234.169
235.363
232.822
232.330
232.393
232.332
232.323
232.355
232.279
232.270
232.330
233.003
232.325
232.270
232.384
232.078
232.877
232.945
232.020
232.020
231.862
233.043
232.689
232.509
231.862
231.889
232.930
231.575
231.612
231.575
231.596
231.725
231.613
231.648
235.609
231.581
231.747
233.006
231.674
231.541
231.724
231.641
233.632
231.528
231.584
231.348
231.762
231.018
231.619
230.184
230.178
230.163
230.107
230.208
233.607
230.942
230.471
230.163
230.873
231.267
230.163
230.140
230.353
230.225
230.190
231.494
231.583
232.403
231.472
231.739
231.593
231.195
230.989
230.895
230.778
230.889
230.893
230.895
231.057
230.894
230.920
230.915
231.212
230.911
230.038
229.985
237.302
225.912
226.247
225.871
225.878
225.790
225.981
226.202
225.804
225.900
225.311
225.302
225.302
225.347
225.007
225.030
225.278
225.437
228.081
225.573
225.027
223.217
224.338
223.215
223.214
223.814
223.196
223.187
223.206
222.662
222.688
222.939
223.327
222.688
222.804
222.899
223.217
222.854
222.721
222.533
222.533
227.525
222.132
221.233
220.108
223.918
219.498
219.521
219.644
219.503
219.647
219.445
219.751
219.373
219.593
219.373
220.575
219.338
219.264
219.763

--------------------------------------------
Accuracy for SA1 after 0 training iterations:
--------------------------------------------
Correctly classified (TEST) 1534.0 instances.
Incorrectly classified (TEST) 1783.0 instances.
Percent correctly classified (TEST): 46.247%

Correctly classified (TRAIN)3588.0 instances.
Incorrectly classified (TRAIN) 4150.0 instances.
Percent correctly classified (TRAIN): 46.369%

--------------------------------------------
Accuracy for SA1 after 250 training iterations:
--------------------------------------------
Correctly classified (TEST) 2202.0 instances.
Incorrectly classified (TEST) 1115.0 instances.
Percent correctly classified (TEST): 66.385%

Correctly classified (TRAIN)5162.0 instances.
Incorrectly classified (TRAIN) 2576.0 instances.
Percent correctly classified (TRAIN): 66.710%

--------------------------------------------
Accuracy for SA1 after 500 training iterations:
--------------------------------------------
Correctly classified (TEST) 2665.0 instances.
Incorrectly classified (TEST) 652.0 instances.
Percent correctly classified (TEST): 80.344%

Correctly classified (TRAIN)6277.0 instances.
Incorrectly classified (TRAIN) 1461.0 instances.
Percent correctly classified (TRAIN): 81.119%

--------------------------------------------
Accuracy for SA1 after 750 training iterations:
--------------------------------------------
Correctly classified (TEST) 2825.0 instances.
Incorrectly classified (TEST) 492.0 instances.
Percent correctly classified (TEST): 85.167%

Correctly classified (TRAIN)6637.0 instances.
Incorrectly classified (TRAIN) 1101.0 instances.
Percent correctly classified (TRAIN): 85.772%

--------------------------------------------
Accuracy for SA1 after 1000 training iterations:
--------------------------------------------
Correctly classified (TEST) 2964.0 instances.
Incorrectly classified (TEST) 353.0 instances.
Percent correctly classified (TEST): 89.358%

Correctly classified (TRAIN)6923.0 instances.
Incorrectly classified (TRAIN) 815.0 instances.
Percent correctly classified (TRAIN): 89.468%

--------------------------------------------
Accuracy for SA1 after 1250 training iterations:
--------------------------------------------
Correctly classified (TEST) 3012.0 instances.
Incorrectly classified (TEST) 305.0 instances.
Percent correctly classified (TEST): 90.805%

Correctly classified (TRAIN)7044.0 instances.
Incorrectly classified (TRAIN) 694.0 instances.
Percent correctly classified (TRAIN): 91.031%

--------------------------------------------
Accuracy for SA1 after 1500 training iterations:
--------------------------------------------
Correctly classified (TEST) 3045.0 instances.
Incorrectly classified (TEST) 272.0 instances.
Percent correctly classified (TEST): 91.800%

Correctly classified (TRAIN)7070.0 instances.
Incorrectly classified (TRAIN) 668.0 instances.
Percent correctly classified (TRAIN): 91.367%

--------------------------------------------
Accuracy for SA1 after 1750 training iterations:
--------------------------------------------
Correctly classified (TEST) 3065.0 instances.
Incorrectly classified (TEST) 252.0 instances.
Percent correctly classified (TEST): 92.403%

Correctly classified (TRAIN)7118.0 instances.
Incorrectly classified (TRAIN) 620.0 instances.
Percent correctly classified (TRAIN): 91.988%

--------------------------------------------
Results for SA1: 
--------------------------------------------
Correctly classified (TEST) 3081.0 instances.
Incorrectly classified (TEST) 236.0 instances.
Percent correctly classified (TEST): 92.885%

Correctly classified (TRAIN)7164.0 instances.
Incorrectly classified (TRAIN) 574.0 instances.
Percent correctly classified (TRAIN): 92.582%

Training time: 131.660 seconds
Testing time: 0.123 seconds


Error results for SA2
---------------------------
1177.965
1186.540
1184.293
1197.510
1195.243
1203.844
1195.243
1199.624
1194.244
1179.687
1069.068
1063.822
1056.979
1096.848
1058.166
1056.098
1040.746
1053.766
1038.523
1050.030
1036.941
1040.411
1037.498
1039.566
1040.361
1037.252
1038.755
1038.163
1041.230
1032.348
1032.348
1032.348
1038.535
1031.840
988.298
988.298
1000.194
988.631
1020.265
990.647
1006.440
988.782
930.333
938.363
930.333
916.992
942.795
914.935
926.059
895.906
912.547
895.937
895.657
895.299
896.504
917.791
890.944
893.151
890.944
866.476
866.642
866.922
866.939
863.936
878.890
864.818
842.237
849.703
843.224
843.828
845.423
835.857
836.062
835.852
830.060
806.484
808.515
806.919
808.315
805.738
801.344
799.540
798.319
797.819
800.431
761.449
760.035
759.901
762.266
750.615
752.635
740.064
754.680
736.628
736.628
737.106
748.559
735.872
748.351
734.024
734.187
734.024
734.784
734.024
732.479
732.479
744.736
734.987
742.381
732.479
734.240
734.304
729.281
719.874
747.286
719.828
723.095
713.818
711.923
711.917
707.833
708.169
705.302
704.343
703.995
705.764
705.403
706.866
692.625
698.010
689.501
689.488
686.917
688.661
675.777
678.611
675.777
673.336
675.377
673.282
674.066
692.968
670.979
670.648
671.332
668.514
667.724
670.497
654.971
658.964
655.768
654.629
654.672
654.856
654.831
676.971
650.252
649.943
650.358
645.036
644.705
650.136
667.915
644.191
643.095
643.302
643.784
645.851
631.645
631.510
615.826
624.388
621.448
622.065
616.941
619.348
615.924
613.770
610.954
611.200
623.803
610.900
625.722
607.801
613.016
603.362
604.440
605.167
605.533
603.532
613.361
601.217
601.908
601.191
596.759
606.011
612.803
596.763
596.297
596.763
597.337
603.506
591.447
591.886
590.967
593.120
591.680
592.302
604.728
583.604
583.908
584.213
583.594
587.109
584.755
583.381
583.414
576.336
574.915
575.047
574.306
574.057
572.732
574.406
570.702
570.799
566.286
566.527
566.027
569.341
566.193
565.214
565.214
639.339
565.214
563.674
563.634
564.265
564.956
558.864
579.117
560.162
574.047
558.679
562.075
553.573
561.585
553.412
550.834
546.494
547.182
549.505
542.502
559.540
542.243
543.625
542.388
542.506
542.251
542.665
542.565
546.219
542.273
548.376
542.572
548.585
541.520
541.997
541.447
536.568
537.124
536.998
536.654
534.644
534.866
535.721
542.129
534.880
535.513
529.941
529.941
528.947
530.469
528.940
529.197
529.595
526.719
526.411
526.719
526.719
520.376
520.837
519.210
519.210
518.832
526.953
513.645
516.482
515.712
514.112
513.645
512.615
512.715
512.615
512.615
512.408
512.347
511.868
513.118
511.868
511.967
512.354
511.151
509.522
511.636
510.451
509.798
505.193
505.404
505.725
506.050
504.582
507.130
504.773
537.133
490.803
505.222
500.099
491.287
487.513
486.937
486.833
487.667
499.172
486.833
487.386
486.942
488.471
483.565
482.253
483.704
481.481
490.669
487.078
469.551
488.261
470.729
470.211
470.044
471.773
478.510
471.156
471.482
466.187
463.559
464.079
463.879
469.987
463.593
463.304
462.503
462.494
465.895
463.814
462.742
464.187
462.431
461.206
461.161
461.161
461.709
461.161
461.151
459.922
458.261
457.876
460.230
458.161
457.559
455.866
455.561
453.719
453.777
453.719
453.540
453.903
454.906
457.954
453.835
453.242
453.288
453.289
453.264
453.242
453.191
455.685
434.073
440.158
434.064
434.096
434.176
430.375
430.799
431.359
429.053
428.766
428.468
438.413
431.240
429.810
425.567
429.934
425.424
426.107
425.424
416.955
416.607
426.499
419.874
416.800
417.690
416.917
417.083
416.627
430.297
415.257
410.799
414.269
415.531
411.481
410.797
414.026
411.185
410.797
410.431
410.287
414.493
402.814
403.280
400.831
400.829
400.842
402.683
401.518
401.049
400.421
400.421
409.262
399.558
399.426
399.426
399.426
399.665
402.471
401.434
400.700
398.792
401.122
410.376
400.117
403.424
399.217
398.648
398.053
398.053
398.053
392.674
391.238
391.228
393.194
391.772
394.232
392.145
395.436
397.931
393.631
392.007
391.636
391.259
391.364
391.866
387.530
387.530
388.515
388.452
389.235
388.661
387.248
387.302
384.570
386.778
385.684
392.902
384.533
385.543
386.199
394.073
384.919
384.385
378.788
378.788
385.790
383.453
378.654
379.449
378.370
380.920
377.925
378.503
378.251
378.250
386.240
378.452
376.454
376.401
377.955
375.541
375.997
374.861
374.904
376.426
374.236
374.456
377.054
374.059
380.547
374.034
374.961
373.193
373.318
372.543
373.277
372.543
372.403
372.532
372.403
371.959
378.948
371.366
371.366
369.006
370.079
371.602
369.726
370.748
369.908
369.064
368.572
368.853
368.570
369.765
368.107
368.091
368.195
368.179
368.203
368.278
368.332
369.153
368.993
368.819
369.329
368.782
369.022
370.803
369.161
368.371
355.381
356.102
356.298
355.474
355.403
355.450
354.167
356.536
354.208
354.296
353.043
356.442
353.472
353.285
353.379
357.446
352.918
357.844
352.859
352.648
353.666
354.002
352.648
352.620
352.434
350.801
349.900
350.142
354.660
349.606
353.171
349.634
350.161
350.249
349.606
348.310
348.875
347.737
347.846
347.972
349.307
352.388
348.113
352.177
346.731
352.134
347.029
346.280
343.864
351.995
343.089
343.068
342.916
342.433
344.092
342.449
351.317
347.066
344.480
342.418
342.738
346.051
342.186
342.349
342.628
345.340
334.822
335.589
335.107
334.938
335.190
335.005
334.735
335.236
334.743
334.577
335.816
334.808
334.716
334.791
333.752
333.746
334.028
332.273
332.466
333.797
332.556
332.051
333.323
332.326
332.152
332.008
334.002
331.453
331.316
331.334
332.182
332.824
331.465
331.899
337.370
331.293
331.944
331.137
331.400
331.412
331.668
331.469
331.401
331.458
329.094
329.561
343.505
329.311
328.505
330.590
327.810
328.518
328.505
328.541
329.650
328.521
328.744
326.932
327.928
326.919
328.207
327.780
326.359
326.359
330.143
325.590
328.374
326.156
325.481
325.562
330.600
325.035
327.808
331.785
327.649
325.030
325.379
325.353
327.070
325.313
322.368
322.201
322.235
321.098
321.187
324.865
321.098
320.913
320.894
322.384
325.899
320.974
320.691
325.366
326.397
321.956
324.583
321.371
331.623
321.524
320.544
320.962
320.709
322.526
320.895
318.886
318.640
322.632
318.595
322.174
318.595
318.624
318.170
318.434
318.170
318.503
318.150
320.135
318.044
318.291
318.836
327.017
318.348
315.672
315.567
315.415
315.373
313.261
313.261
313.265
312.864
312.688
312.894
313.287
315.031
315.150
313.290
313.115
315.123
313.114
313.871
313.874
313.444
313.644
313.347
313.300
315.815
317.948
313.288
313.517
313.191
313.434
312.556
315.254
312.715
312.394
312.376
313.183
312.978
309.789
310.153
309.396
310.710
309.880
309.468
310.392
309.497
313.664
309.243
311.235
309.893
310.677
309.615
309.326
309.257
309.801
308.326
309.745
310.249
309.029
308.469
308.981
308.312
308.452
309.056
315.225
308.717
312.799
308.435
308.303
319.037
308.143
308.157
307.302
307.102
306.810
306.824
306.479
306.734
306.743
306.721
310.261
306.338
305.951
305.940
305.578
305.766
310.941
304.953
303.568
303.568
303.959
303.664
303.664
303.746
304.441
303.865
303.775
304.490
301.461
301.461
301.238
301.259
301.583
301.498
301.707
301.705
305.596
302.119
301.878
294.023
294.165
293.725
286.702
286.645
287.673
290.979
286.798
289.433
285.570
285.546
283.285
284.075
285.052
284.072
283.415
283.285
283.550
285.420
282.953
282.865
283.781
285.491
283.098
282.957
283.547
282.865
282.727
282.759
283.764
282.720
282.720
282.717
282.806
282.878
282.912
282.936
283.475
285.537
283.078
283.153
283.021
283.842
280.964
280.961
284.371
281.293
280.170
280.206
280.077
280.279
279.071
279.111
281.928
279.195
278.821
278.669
276.283
278.970
276.751
276.555
277.539
277.028
276.747
276.643
275.945
275.671
277.007
275.940
275.920
276.289
275.920
276.453
284.479
275.351
275.251
275.283
275.905
277.428
275.549
275.313
276.528
275.250
275.250
276.633
275.240
278.463
275.299
274.896
274.981
274.767
274.845
274.880
275.057
276.312
274.808
276.563
274.723
274.619
275.348
275.443
274.591
274.871
276.295
274.531
272.993
274.077
272.994
273.032
275.710
275.478
272.807
273.289
273.133
272.761
272.119
270.339
270.348
270.565
270.641
269.778
268.538
268.473
269.387
270.300
268.411
269.765
269.012
269.215
268.744
268.031
267.340
267.340
268.438
267.714
267.059
267.151
260.310
260.244
260.305
270.235
260.354
260.109
260.146
260.289
265.052
261.642
261.660
266.644
268.012
263.120
258.363
258.867
259.157
258.912
258.031
259.092
258.394
258.197
258.685
258.110
259.015
258.573
258.501
258.474
260.281
258.682
258.197
260.512
258.223
269.095
258.119
257.779
258.862
257.856
257.777
260.907
259.829
257.608
257.609
256.771
261.194
257.820
256.713
256.709
254.844
255.078
254.838
258.466
259.296
255.029
254.459
254.780
255.172
255.180
255.282
254.105
252.876
252.838
252.944
256.013
252.925
252.888
253.115
253.404
254.409
254.691
254.543
254.676
254.543
253.694
253.263
253.802
254.194
257.363
255.391
254.775
258.557
253.718
253.694
253.668
253.676
253.787
253.668
255.564
253.464
253.464
256.829
257.275
253.657
253.813
253.762
254.156
255.870
253.466
254.709
253.770
255.290
254.127
253.547
253.549
253.497
253.629
253.630
263.612
253.461
254.730
253.303
253.316
253.437
257.033
253.324
253.657
253.951
254.933
253.466
252.647
252.797
253.658
252.864
252.773
253.018
252.411
252.339
251.956
252.211
252.035
253.972
253.342
254.609
252.007
251.959
252.294
252.150
251.956
252.602
251.488
251.997
251.628
253.554
251.262
251.376
251.604
252.424
252.302
251.322
254.819
251.529
253.052
251.735
251.290
251.354
251.074
251.324
251.317
252.253
251.574
252.255
251.317
251.344
252.508
251.341
251.365
250.937
250.704
251.061
250.607
250.608
251.781
250.630
250.475
250.632
251.044
250.604
250.578
256.157
251.191
250.570
250.578
251.205
250.484
250.578
250.871
249.984
251.065
251.058
251.723
251.862
250.953
250.748
251.133
250.845
251.909
251.780
251.210
252.273
252.952
250.551
250.551
251.034
250.569
251.399
250.594
251.080
251.172
252.167
251.572
251.079
250.830
250.885
251.311
250.801
250.317
250.649
250.352
250.119
250.491
250.519
250.429
251.551
250.263
250.193
250.221
250.944
250.623
250.193
250.367
250.150
250.581
250.150
250.646
249.404
249.888
254.101
253.525
250.302
249.390
249.577
250.498
249.404
250.173
250.211
258.262
255.659
250.071
250.434
249.478
250.219
249.364
249.574
245.013
248.395
244.967
244.773
244.495
244.980
244.773
246.623
244.773
244.785
244.767
245.816
244.725
246.049
244.767
244.623
246.197
244.263
244.526
244.172
244.186
244.514
244.144
246.030
244.486
244.174
244.368
244.420
243.506
244.381
244.293
246.719
243.857
244.398
244.252
243.850
243.908
244.146
243.844
243.899
246.392
243.841
243.852
243.296
243.860
243.729
243.736
243.729
244.079
243.550
243.497
243.279
243.457
244.434
244.337
244.575
249.376
244.422
244.422
244.422
244.123
244.511
244.511
244.140
244.159
244.047
243.715
244.076
244.565
243.995
244.079
248.310
243.836
244.078
243.887
243.974
243.836
244.716
243.658
243.836
244.222
243.765
243.233
244.237
245.161
243.971
243.771
243.793
248.074
243.785
243.713
243.976
241.090
244.424
241.077
239.674
239.721
239.680
241.595
239.246
238.912
238.990
239.604
239.852
239.582
239.749
240.068
244.662
240.227
238.904
241.363
238.866
244.270
239.361
238.672
238.468
240.250
239.625
240.236
238.330
238.025
238.313
238.127
238.005
238.349
239.039
238.132
238.131
238.501
239.463
238.269
238.682
237.096
245.579
237.978
236.580
236.965
237.409
236.530
237.255
236.452
239.423
239.212
235.991
236.280
240.355
236.005
237.984
235.938
237.180
236.120
236.469
235.803
236.936
236.595
236.753
236.568
236.574
236.600
236.635
236.892
236.815
240.406
235.346
235.371
235.307
235.130
234.911
236.954
234.712
234.630
234.630
236.186
236.972
238.132
234.663
239.444
234.759
234.832
234.840
234.148
234.118
237.518
234.108
231.942
232.051
236.853
232.050
232.947
232.044
231.723
231.716
233.066
233.835
232.044
232.057
233.195
232.144
234.150
234.411
231.969
232.901
233.893
231.910
232.286
231.874
233.065
231.903
232.514
231.814
231.825
231.939
231.487
232.924
233.040
231.898
231.733
231.800
231.759
232.526
233.310
231.863
231.965
232.115
231.934
231.753
231.948
231.654
231.826
232.105
231.642
231.890
233.082
232.914
234.256
231.887
231.831
231.826
232.068
231.825
232.196
231.725
232.041
232.773
231.710
231.805
233.473
231.874
232.122
232.318
231.526
233.300
231.106
231.134
231.853
231.058
231.237
229.799
231.709
228.647
229.515
229.798
229.479
229.842
229.817
230.122
229.956
229.499
230.271
229.304
235.949
232.290
229.499
229.479
229.191
229.635
229.586
229.990
231.458
229.378
233.149
228.531
230.174
228.815
228.744
229.371
229.425
228.731
229.769
228.990
228.150
228.139
233.487
228.342
228.132
227.554
228.341
228.323
236.313
228.342
227.659
227.371
227.865
227.413
227.927
229.042
234.365
227.664
227.269
227.408
227.489
227.404
228.094
227.410
227.493
227.803
227.979
228.597
230.080
227.977
228.071
227.915
228.005
227.942
230.498
228.372
228.631
228.000
230.270
228.852
229.164
227.942
228.124
227.680
227.848
228.197
228.611
234.289
227.291
226.551
227.352
227.659
227.143
228.464
228.359
227.504
227.295
227.280
227.280
227.426
227.520
228.092
227.755
227.257
232.347
226.885
227.094
226.935
228.685
226.896
226.842
230.073
227.500
226.998
226.841
226.928
226.578
226.745
226.356
226.745
228.524
226.741
227.304
227.465
232.890
227.304
227.939
227.616
227.317
227.478
227.332
227.227
227.736
227.755
229.592
227.736
228.753
227.713
227.579
228.009
227.355
228.040
228.348
227.804
227.399
227.441
227.879
227.976
227.554
227.566
228.025
228.670
227.729
231.307
228.562
228.574
227.648
228.181
227.559
229.475
225.532
228.654
226.000
225.877
225.476
225.494
225.539
225.456
226.362
225.599
225.612
225.601
226.083
225.523
228.028
225.264
224.698
229.209
225.146
225.152
224.946
225.131
225.156
225.099
226.577
225.569
224.976
225.573
227.802
224.969
232.468
224.931
224.085
224.603
224.195
224.085
224.179
224.047
224.492
224.053
224.132
224.047
226.918
223.905
224.029
224.268
223.803
223.515
223.947
223.148
224.340
224.957
224.385
223.535
223.963
223.541
223.544
223.426
223.261
223.277
224.259
223.263
225.556
223.145
223.462
226.360
223.123
223.525
223.895
223.365
223.911
222.869
223.358
223.153
223.101
222.937
222.942
222.984
222.915
222.713
222.922
222.970
222.841
222.815
222.905
223.692
223.057
223.457
223.845
224.374
223.926
223.788
223.693
223.815
223.985
223.851
223.882
224.576
223.544
225.554
224.241
223.829
225.147
223.871
224.524
224.194
224.628
224.892
224.211
223.494
224.205
225.179
224.205
224.137
225.084
223.728
223.714
224.087
223.915
226.916
223.791
223.328
223.326
225.388
227.081
223.395
223.380
223.829
223.596
224.220
226.127
223.323
223.570
223.428
226.096
223.313
223.439
227.268
223.485
223.371
223.140
223.561
227.521
223.285
223.364
224.207
225.946
223.356
223.591
223.614
223.821
224.149
223.821
224.340
224.072
224.397
224.189
224.034
224.185
224.024
224.036
223.854
223.905
224.273
223.903
223.952
224.414
224.059
223.979
223.900
223.075
224.102
223.214
223.232
223.282
223.168
223.012
222.917
225.523
224.675
223.016
223.051
222.825
222.112
223.101
226.593
223.091
224.689
223.136
223.129
223.384
223.179
225.393
223.433
226.818
223.518
223.108
223.181
223.179
223.080
221.033
220.845
222.509
220.546
222.032
220.405
221.337
222.201
220.368
220.847
220.405
219.878
221.202
219.812
220.103
219.799
219.958
219.481
219.483
219.432
219.955
219.554
219.401
219.428
219.468
219.327
219.231
219.437
219.650
220.402
219.267
219.921
219.847
218.743
218.786
218.743
218.722
219.019
219.070
218.514
218.469
218.210
218.185
218.537
219.263
217.937
218.064
221.231
218.188
218.180
218.902
217.806
218.253
218.731
218.591
218.574
219.014
217.677
217.677
218.846
217.536
218.074
217.587
217.441
217.572
217.580
218.153
218.107
217.580
221.520
217.451
217.350
217.688
217.350
217.735
216.781
217.116
217.192
223.458
217.025
216.999
217.013
221.344
216.828
217.417
221.047
218.900
217.013
217.017
216.116
216.116
215.473
215.481
220.801
215.223
215.594
215.405
215.641
215.487
215.526
216.177
220.162
215.469
215.473
215.475
216.192
215.955
215.650
215.776
215.444
215.559
216.318
216.730
216.546
216.538
216.799
215.988
220.256
215.986
216.030
215.819
216.587
216.118
216.141
216.110
215.609
216.354
216.776
215.780
215.754
215.834
216.683
215.730
215.765
218.325
216.122
215.951

--------------------------------------------
Accuracy for SA2 after 0 training iterations:
--------------------------------------------
Correctly classified (TEST) 1630.0 instances.
Incorrectly classified (TEST) 1687.0 instances.
Percent correctly classified (TEST): 49.141%

Correctly classified (TRAIN)3810.0 instances.
Incorrectly classified (TRAIN) 3928.0 instances.
Percent correctly classified (TRAIN): 49.238%

--------------------------------------------
Accuracy for SA2 after 250 training iterations:
--------------------------------------------
Correctly classified (TEST) 2695.0 instances.
Incorrectly classified (TEST) 622.0 instances.
Percent correctly classified (TEST): 81.248%

Correctly classified (TRAIN)6337.0 instances.
Incorrectly classified (TRAIN) 1401.0 instances.
Percent correctly classified (TRAIN): 81.895%

--------------------------------------------
Accuracy for SA2 after 500 training iterations:
--------------------------------------------
Correctly classified (TEST) 2916.0 instances.
Incorrectly classified (TEST) 401.0 instances.
Percent correctly classified (TEST): 87.911%

Correctly classified (TRAIN)6832.0 instances.
Incorrectly classified (TRAIN) 906.0 instances.
Percent correctly classified (TRAIN): 88.292%

--------------------------------------------
Accuracy for SA2 after 750 training iterations:
--------------------------------------------
Correctly classified (TEST) 2970.0 instances.
Incorrectly classified (TEST) 347.0 instances.
Percent correctly classified (TEST): 89.539%

Correctly classified (TRAIN)6939.0 instances.
Incorrectly classified (TRAIN) 799.0 instances.
Percent correctly classified (TRAIN): 89.674%

--------------------------------------------
Accuracy for SA2 after 1000 training iterations:
--------------------------------------------
Correctly classified (TEST) 3052.0 instances.
Incorrectly classified (TEST) 265.0 instances.
Percent correctly classified (TEST): 92.011%

Correctly classified (TRAIN)7089.0 instances.
Incorrectly classified (TRAIN) 649.0 instances.
Percent correctly classified (TRAIN): 91.613%

--------------------------------------------
Accuracy for SA2 after 1250 training iterations:
--------------------------------------------
Correctly classified (TEST) 3059.0 instances.
Incorrectly classified (TEST) 258.0 instances.
Percent correctly classified (TEST): 92.222%

Correctly classified (TRAIN)7106.0 instances.
Incorrectly classified (TRAIN) 632.0 instances.
Percent correctly classified (TRAIN): 91.833%

--------------------------------------------
Accuracy for SA2 after 1500 training iterations:
--------------------------------------------
Correctly classified (TEST) 3076.0 instances.
Incorrectly classified (TEST) 241.0 instances.
Percent correctly classified (TEST): 92.734%

Correctly classified (TRAIN)7150.0 instances.
Incorrectly classified (TRAIN) 588.0 instances.
Percent correctly classified (TRAIN): 92.401%

--------------------------------------------
Accuracy for SA2 after 1750 training iterations:
--------------------------------------------
Correctly classified (TEST) 3098.0 instances.
Incorrectly classified (TEST) 219.0 instances.
Percent correctly classified (TEST): 93.398%

Correctly classified (TRAIN)7167.0 instances.
Incorrectly classified (TRAIN) 571.0 instances.
Percent correctly classified (TRAIN): 92.621%

--------------------------------------------
Results for SA2: 
--------------------------------------------
Correctly classified (TEST) 3111.0 instances.
Incorrectly classified (TEST) 206.0 instances.
Percent correctly classified (TEST): 93.790%

Correctly classified (TRAIN)7194.0 instances.
Incorrectly classified (TRAIN) 544.0 instances.
Percent correctly classified (TRAIN): 92.970%

Training time: 169.275 seconds
Testing time: 0.080 seconds


Error results for SA3
---------------------------
1094.889
1094.889
1093.192
1093.863
1092.368
1093.892
1094.808
1096.300
1093.685
1095.972
1092.413
1092.293
1098.961
1085.750
1094.467
1091.385
1089.271
1089.769
1085.560
1086.104
1086.109
1081.380
1098.192
1091.248
1080.163
1079.492
1082.708
1079.050
1077.248
1076.112
1071.328
1071.346
1075.796
1071.024
1073.222
1075.803
1069.651
1079.423
1071.249
1073.576
1072.498
1064.551
1064.732
1067.434
1064.579
1053.216
1051.837
1051.837
1081.486
1051.686
1063.997
1052.838
1054.931
1051.278
1042.509
1043.591
1039.445
1037.704
1045.785
1037.133
1038.065
1038.245
1038.363
1069.949
1033.203
1032.140
1032.140
1032.051
1035.310
1033.367
1032.362
1032.781
1031.847
1031.496
1024.247
1025.667
1020.882
1021.179
1020.364
1023.775
1021.808
1019.189
1017.010
1017.090
1018.629
1018.187
1016.873
1019.413
1018.288
1017.188
1027.626
1017.634
1015.479
1013.232
1017.869
1014.079
1013.704
1011.623
1013.097
1015.007
1013.097
1005.447
1006.001
1005.517
1005.397
1001.123
1000.494
1003.836
997.952
997.586
1042.212
997.558
1003.419
999.769
996.609
997.065
1006.072
997.397
997.301
989.415
990.194
989.415
989.415
989.867
989.242
998.899
989.626
993.848
986.079
987.611
989.619
986.079
986.008
986.573
986.187
985.089
990.018
985.360
981.870
987.979
985.008
982.239
990.185
976.825
976.831
976.397
997.833
976.397
975.731
1002.784
975.560
979.257
980.534
974.813
975.667
975.982
974.840
969.059
975.014
969.126
966.901
982.575
967.307
976.476
966.739
966.875
967.028
966.875
966.632
966.624
939.568
941.815
927.870
926.892
926.892
926.892
914.968
914.175
915.909
913.719
912.590
912.080
912.419
911.429
913.077
911.952
914.186
919.864
912.026
911.952
908.025
907.777
908.124
907.777
908.782
907.777
908.785
908.939
943.137
903.283
904.650
904.616
902.759
902.921
902.982
904.115
905.970
902.505
902.431
902.099
903.540
904.564
902.099
913.667
902.230
904.113
902.397
899.540
899.281
899.196
893.434
892.563
890.527
890.326
913.484
889.736
881.537
881.504
881.507
881.504
885.421
881.504
878.937
879.034
879.860
877.785
878.761
877.780
877.744
877.826
876.201
875.923
875.923
875.808
876.383
876.349
873.404
873.729
878.725
873.732
874.054
874.706
882.013
872.116
867.679
872.147
867.984
867.640
863.698
862.277
862.032
900.820
859.412
859.027
859.027
872.658
859.897
855.859
856.457
856.775
854.719
862.152
858.547
859.912
854.516
852.265
854.063
852.333
853.373
852.333
848.347
848.347
848.129
846.881
850.478
863.809
856.957
848.508
847.220
848.630
843.583
843.740
843.583
843.975
840.910
841.085
846.705
842.050
846.166
841.708
843.559
838.673
834.420
834.640
835.372
834.769
832.180
832.167
832.538
831.949
834.603
831.949
830.455
830.201
834.422
830.349
831.523
833.986
836.647
831.071
831.232
827.184
827.764
826.757
828.631
827.321
826.275
825.576
826.286
827.611
816.463
816.463
812.831
798.885
795.051
795.035
788.411
788.411
788.410
788.447
795.994
800.611
788.909
788.411
786.581
786.593
789.693
787.938
785.931
784.966
785.939
786.863
782.437
789.643
784.453
782.396
783.676
782.391
782.421
782.396
782.621
753.803
753.803
755.319
753.805
756.959
753.803
756.142
755.156
753.935
753.803
753.899
753.803
753.947
750.662
746.933
746.133
740.706
741.836
742.066
741.901
742.318
739.834
739.430
740.566
733.967
734.020
732.490
737.670
732.805
733.065
737.020
733.306
732.867
732.684
729.922
730.784
728.385
728.467
740.088
729.098
729.048
730.341
722.807
722.929
723.198
723.173
722.983
728.486
720.316
720.512
692.123
692.447
692.361
695.601
690.626
690.626
690.453
689.769
687.726
687.080
691.547
687.541
687.080
688.166
687.093
687.383
691.525
700.817
689.303
688.426
689.542
687.868
687.190
689.071
687.278
698.398
687.080
688.336
687.080
688.128
680.457
678.282
676.717
676.717
677.859
676.747
676.924
669.358
669.406
670.831
669.515
668.501
667.885
662.962
663.559
667.396
662.170
662.170
663.385
660.202
660.202
660.141
660.721
660.580
660.388
673.710
665.910
660.083
658.013
658.202
659.641
656.900
657.441
657.011
657.181
658.474
656.505
655.015
674.711
654.356
654.425
654.356
656.274
654.356
654.228
654.365
654.192
649.110
649.815
649.229
654.190
649.101
648.956
650.842
649.138
662.516
652.979
649.282
648.922
653.815
667.757
648.922
649.205
648.571
653.815
649.283
648.786
649.086
648.541
648.541
648.692
647.781
649.224
652.288
647.292
647.352
644.748
645.050
644.833
650.739
644.172
644.359
644.610
645.161
644.225
644.495
643.164
635.047
632.767
634.541
632.746
650.672
632.932
632.423
628.147
628.328
628.542
628.124
626.848
638.109
629.588
629.391
623.790
617.447
617.440
618.684
617.045
619.065
620.598
617.041
613.791
618.008
623.000
603.929
603.955
602.887
619.284
603.210
591.914
591.186
591.494
590.121
592.339
590.121
590.495
595.099
592.357
590.035
589.988
588.688
590.219
586.177
587.853
584.824
590.053
582.329
581.818
585.417
583.476
581.814
581.778
581.844
580.198
575.220
575.388
579.802
616.356
575.954
575.965
575.555
575.148
579.052
575.831
576.584
554.224
557.363
553.876
554.224
555.085
554.716
554.349
554.224
554.471
553.913
553.722
549.965
549.637
547.387
547.533
547.210
549.996
544.663
544.237
544.237
545.826
524.688
527.628
524.432
528.384
524.520
524.158
523.766
523.155
522.676
522.515
521.178
522.088
520.878
520.885
523.607
520.885
521.259
522.704
519.643
518.991
518.576
518.759
519.359
520.536
518.944
518.567
503.858
497.917
499.541
498.173
498.612
504.372
497.824
497.717
496.424
496.424
497.646
495.946
496.702
496.068
495.779
495.029
493.794
493.953
495.829
494.352
492.774
492.873
493.022
492.895
492.303
492.768
496.819
494.768
492.303
495.010
492.130
491.159
511.748
491.745
488.763
488.861
491.924
487.935
486.548
487.192
488.099
485.408
486.046
486.027
485.629
485.630
488.759
481.115
482.579
493.250
472.482
472.524
472.467
468.185
444.552
444.560
444.977
442.913
442.913
443.528
442.016
448.889
442.592
442.043
442.167
442.540
440.741
440.661
442.067
440.661
440.186
438.331
444.440
438.837
438.594
438.331
438.444
439.680
439.164
439.253
443.442
438.331
442.421
438.410
458.006
438.635
438.927
438.013
437.075
438.422
437.341
437.028
429.040
441.945
428.681
427.091
428.998
426.110
425.958
426.335
428.607
425.976
424.278
424.278
425.070
424.285
430.238
424.068
425.085
424.826
424.699
423.168
425.542
403.166
408.332
409.547
403.205
403.071
403.474
403.701
402.456
402.710
401.057
410.637
412.278
400.818
401.017
400.023
394.223
391.849
395.711
392.021
391.790
391.468
394.694
391.463
391.475
391.609
391.115
397.239
391.136
390.872
390.821
391.560
393.099
390.977
390.821
390.760
389.514
390.846
388.811
389.277
390.275
388.387
386.599
386.957
385.973
386.055
392.441
385.973
385.973
385.411
385.111
385.089
385.262
384.445
383.500
385.341
383.688
383.153
383.256
386.448
388.528
383.166
379.118
379.118
378.962
378.999
378.883
383.940
378.859
378.887
382.103
375.560
375.376
376.425
376.151
375.139
375.433
374.722
373.283
376.135
373.283
374.977
373.056
373.025
374.048
374.414
372.977
373.147
374.746
373.171
380.131
372.977
371.286
371.355
371.154
371.200
371.150
371.255
372.129
370.779
370.986
372.085
370.812
367.040
365.662
365.896
366.884
366.559
365.246
365.431
365.246
364.996
368.497
366.716
364.851
364.628
364.861
364.628
364.830
364.628
367.474
360.958
361.463
360.209
360.256
360.705
367.510
362.548
360.107
360.672
361.761
360.575
359.472
359.384
358.984
358.686
357.247
358.278
363.763
357.247
357.247
357.878
357.171
371.713
357.262
359.075
357.162
354.424
354.050
354.536
355.468
353.692
354.291
358.296
354.395
351.710
351.169
353.291
351.484
351.687
353.970
355.989
350.786
350.842
351.366
351.282
350.987
350.826
350.933
350.411
351.692
351.768
349.766
350.277
349.376
349.494
349.603
351.477
356.853
350.169
349.697
349.188
349.315
349.496
360.267
349.103
347.500
347.620
350.460
346.524
344.260
342.839
344.329
342.839
342.875
343.372
342.327
341.671
341.757
340.764
340.759
340.287
337.172
336.029
337.224
335.957
340.009
335.908
334.786
334.808
334.661
334.970
337.403
334.197
334.703
334.160
334.679
333.263
333.434
333.224
335.337
331.560
331.577
331.302
335.736
331.063
331.044
333.053
331.100
330.988
331.081
331.138
330.988
341.704
330.501
330.879
330.917
330.688
329.422
329.412
326.944
329.406
330.522
329.436
329.953
329.158
329.359
329.858
330.145
329.359
328.904
329.523
329.723
329.724
329.297
329.599
331.058
330.058
329.285
328.546
327.726
329.774
327.115
332.055
333.553
327.556
327.556
327.446
331.273
327.511
330.456
327.574
329.005
328.225
328.715
327.757
327.678
328.318
313.772
315.652
314.091
315.581
313.111
313.239
312.662
312.703
312.861
312.240
312.160
312.770
312.307
312.006
312.400
312.617
311.573
314.027
311.620
311.664
311.799
311.732
312.638
311.579
313.374
311.599
315.398
312.120
310.943
311.800
311.365
310.739
311.042
310.670
312.562
311.562
313.068
309.530
310.160
309.618
309.075
312.381
319.145
312.132
308.419
308.929
308.688
308.854
308.128
307.830
305.234
304.492
311.453
304.492
304.847
310.284
306.977
308.519
306.640
304.498
305.230
304.711
307.962
303.856
303.628
303.419
303.852
301.766
303.967
301.367
300.622
300.622
313.764
300.622
301.141
300.650
299.135
299.049
299.235
297.945
297.805
297.765
297.765
300.687
297.618
300.004
298.763
297.780
297.636
297.532
293.659
293.415
293.485
297.610
294.884
287.962
295.092
287.962
287.582
287.781
303.522
289.353
288.182
287.807
289.685
287.582
287.670
287.656
288.716
288.657
287.378
287.533
287.436
289.482
287.386
287.463
287.399
287.395
287.912
290.618
290.750
287.519
287.919
288.508
287.234
287.339
287.175
288.418
287.234
287.358
288.811
287.234
287.512
288.312
288.956
287.533
286.727
286.781
288.934
286.689
287.735
286.727
291.493
286.751
286.439
286.673
286.748
285.701
285.701
287.652
288.271
286.124
285.668
286.343
283.518
284.232
285.925
284.666
287.338
283.223
283.652
283.906
289.821
273.405
275.146
274.382
273.561
272.234
272.039
274.685
272.315
270.104
269.895
270.096
270.571
270.182
271.440
269.773
270.054
271.545
271.055
270.822
269.698
268.151
268.051
271.079
270.762
267.979
268.077
277.302
267.981
268.931
269.990
267.407
267.407
272.530
268.603
267.530
272.053
269.287
267.403
274.915
267.364
266.694
266.694
266.680
266.568
269.907
266.435
266.347
264.842
264.842
265.398
271.015
267.907
266.089
272.014
263.209
263.524
263.503
262.977
262.963
274.857
262.788
272.253
263.224
264.136
262.629
262.871
262.695
262.680
262.763
262.763
262.254
262.145
264.921
263.629
262.716
262.137
262.132
262.465
260.868
260.868
260.019
259.795
260.535
262.104
259.795
260.677
262.320
259.500
259.602
259.257
258.990
259.828
261.016
260.288
259.257
259.857
263.150
258.328
258.145
261.742
258.267
258.244
258.244
258.195
257.972
258.439
258.195
257.904
258.061
257.866
258.641
257.386
257.931
257.675
258.676
257.251
257.272
257.427
256.835
257.484
257.320
257.251
256.718
258.107
256.593
257.572
256.762
256.581
262.068
258.287
257.963
257.182
257.565
256.616
256.576
256.589
257.717
256.027
256.086
256.083
256.000
255.894
255.425
259.986
255.984
255.646
255.558
255.772
254.410
254.397
254.219
254.952
264.298
254.477
254.208
253.921
253.667
256.896
253.566
253.568
253.574
253.952
254.163
253.677
254.273
253.576
253.613
254.503
253.515
253.535
257.375
253.535
254.048
256.783
253.256
254.174
253.026
253.020
253.026
253.026
255.838
252.732
256.267
258.012
253.740
253.339
257.881
250.707
250.707
252.514
250.740
252.516
250.721
252.382
253.156
250.721
250.263
250.359
252.729
253.140
252.522
265.046
252.535
258.208
252.953
252.390
252.312
252.688
254.175
252.117
253.931
253.229
252.129
252.158
251.900
251.901
252.840
251.878
251.916
253.102
251.933
251.404
253.504
249.725
249.432
248.936
248.959
249.584
249.055
248.959
250.528
249.204
246.625
246.782
246.579
246.542
246.769
245.945
248.265
245.774
246.472
245.789
245.799
245.733
245.788
246.042
245.704
245.866
246.028
245.704
246.257
245.623
251.305
245.730
244.879
245.391
244.809
245.688
244.809
244.836
244.860
245.336
244.836
242.877
243.770
242.889
243.858
243.599
244.005
242.963
244.565
244.653
243.989
242.115
243.156
241.823
241.004
240.834
240.441
247.942
244.802
245.034
245.367
240.343
240.202
240.287
239.391
239.210
238.538
242.837
238.538
239.655
241.482
238.594
238.549
238.890
239.153
242.697
239.094
239.099
238.924
238.346
238.347
237.114
237.523
237.525
236.926
237.143
237.030
236.885
237.786
236.672
236.321
236.321
239.147
236.416
236.314
236.212
235.888
236.385
236.358
240.898
235.241
236.275
236.185
235.847
235.847
235.796
235.252
235.853
235.098
235.437
240.115
235.204
235.019
235.019
235.138
234.989
235.135
235.413
235.128
236.446
237.051
239.452
234.576
238.668
235.013
234.554
235.711
241.392
235.275
235.035
235.551
238.645
235.035
235.035
235.066
233.896
234.241
236.879
235.585
233.612
234.361
233.088
234.223
233.267
233.649
233.593
234.431
235.483
233.608
233.576
233.345
235.638
233.321
231.597
233.137
231.789
232.484
231.726
231.885
231.873
232.050
231.554
237.098
231.697
232.289
231.654
233.744
232.787
232.395
231.348
232.156
232.968
231.658
231.651
231.898
231.566
232.494
231.555
231.500
230.843
233.565
232.076
230.752
230.894
231.115
230.894
230.827
233.284
231.192
231.240
233.154
231.240
232.586
231.424
231.490
231.370
232.631
232.749
231.182
231.308
231.215
230.941
230.676
230.851
230.732
231.068
231.210
233.508
230.868
230.868
230.970
230.268
230.692
231.555
230.326
230.326
230.189
229.922
229.922
230.772
230.198
230.087
230.494
229.917
230.740
230.255
231.170
230.309
233.546
229.775
236.490
230.344
229.767
229.815
233.084
229.814
229.898
229.991
232.328
229.902
229.902
228.830
234.104
229.839
230.080
230.152
229.223
230.264
229.223
229.238
231.223
230.554
229.267
229.676
228.408
228.408
232.525
228.150
235.527
228.417
228.199
231.299
228.122
228.405
228.254
228.682
228.317
227.403
226.865
227.391
227.659
229.376
227.824
228.595
227.209
227.166
227.264
227.021
227.093
227.087
227.796
228.068
228.090
227.137
228.206
227.124
226.852
226.681
226.417
226.753
226.741
226.405
229.217
227.400
228.295
227.585
226.840
227.078
226.840
227.293
227.056
229.702
227.399
226.738
226.604
226.588
226.444
227.125
227.726
231.479
226.588
227.773
226.554
226.571
226.573
223.337
223.365
223.807
223.263
223.479
223.365
223.058
225.111
223.015
222.992
224.099
223.049
223.958
224.968
222.409
222.773
222.409
228.957
223.972
223.039
221.883
222.464
225.717
222.626
223.765
222.621
222.464
222.464
222.729
222.723
222.716
223.197
222.570
222.666
222.596
227.310
222.742
223.841
222.890
222.722
222.742
223.010
222.836
224.979
222.635
222.713
222.640
225.858
222.677
222.424
223.052
222.349
222.793
224.302
222.577
224.133
222.321
222.617
223.077
221.901
222.572
222.983
222.631
222.630
222.604
224.504
228.470
223.488
222.589
222.662
222.662
223.200
222.688
224.670
222.971
222.675
222.600
222.904
222.594
222.589
223.341
222.446
222.355
222.126
221.993
222.535
222.190
221.776
222.071
222.094
222.192
222.050
222.320
221.759
222.050
222.310
222.508
222.477
222.314
222.374
223.712
222.271
221.918
223.492
221.511
223.394
222.432
221.784
221.890
224.615
221.890
221.890
221.916
221.842
223.257
222.019
221.747
221.747
221.533
221.502
221.399
223.209
220.883
221.687
221.559
221.489
221.957
221.643
223.224
222.490
221.765
222.080
221.349
223.340
221.685
221.388
224.252
221.704
221.397
222.346
221.198
222.056
221.756
221.685
222.905
221.161
221.438
221.327
221.377
221.233
221.391
220.954
219.692
219.939
219.692
219.708
219.703
219.710
218.709
218.634
219.072
218.709
218.749
218.713
218.503
218.601
218.351
218.324
218.588
218.770
218.324
218.352
217.884
217.765
217.878
217.883
218.426
219.160
218.036
218.453
217.070
217.725
217.215
217.198
217.188
217.186
216.928
217.157
217.476
216.953
217.228
217.319
217.188
217.166
217.542
225.821
216.914
216.629
217.663
217.166
217.166
217.592
217.006
216.912
217.307
219.574
216.936
217.327
216.960
217.041
217.052
217.263
219.732
217.029
218.101
217.772
216.999
217.913
217.043
217.034
217.396
216.475
216.709
216.738
217.166
217.279
216.372
216.548
216.575
216.351
216.561
216.449
218.128
218.354
216.496
216.415
216.430
216.859
216.289
216.412
217.812
216.669
215.828
216.210
216.713
215.991
220.546
215.794
216.997
215.841
216.660
215.794
215.769
217.683
217.423
216.567
217.387
215.398
215.525
215.078
214.990
215.099
215.000
214.575
215.221
215.053
214.791
214.110

--------------------------------------------
Accuracy for SA3 after 0 training iterations:
--------------------------------------------
Correctly classified (TEST) 1432.0 instances.
Incorrectly classified (TEST) 1885.0 instances.
Percent correctly classified (TEST): 43.172%

Correctly classified (TRAIN)3289.0 instances.
Incorrectly classified (TRAIN) 4449.0 instances.
Percent correctly classified (TRAIN): 42.505%

--------------------------------------------
Accuracy for SA3 after 250 training iterations:
--------------------------------------------
Correctly classified (TEST) 2071.0 instances.
Incorrectly classified (TEST) 1246.0 instances.
Percent correctly classified (TEST): 62.436%

Correctly classified (TRAIN)4858.0 instances.
Incorrectly classified (TRAIN) 2880.0 instances.
Percent correctly classified (TRAIN): 62.781%

--------------------------------------------
Accuracy for SA3 after 500 training iterations:
--------------------------------------------
Correctly classified (TEST) 2642.0 instances.
Incorrectly classified (TEST) 675.0 instances.
Percent correctly classified (TEST): 79.650%

Correctly classified (TRAIN)6127.0 instances.
Incorrectly classified (TRAIN) 1611.0 instances.
Percent correctly classified (TRAIN): 79.181%

--------------------------------------------
Accuracy for SA3 after 750 training iterations:
--------------------------------------------
Correctly classified (TEST) 2859.0 instances.
Incorrectly classified (TEST) 458.0 instances.
Percent correctly classified (TEST): 86.192%

Correctly classified (TRAIN)6693.0 instances.
Incorrectly classified (TRAIN) 1045.0 instances.
Percent correctly classified (TRAIN): 86.495%

--------------------------------------------
Accuracy for SA3 after 1000 training iterations:
--------------------------------------------
Correctly classified (TEST) 2973.0 instances.
Incorrectly classified (TEST) 344.0 instances.
Percent correctly classified (TEST): 89.629%

Correctly classified (TRAIN)6967.0 instances.
Incorrectly classified (TRAIN) 771.0 instances.
Percent correctly classified (TRAIN): 90.036%

--------------------------------------------
Accuracy for SA3 after 1250 training iterations:
--------------------------------------------
Correctly classified (TEST) 3043.0 instances.
Incorrectly classified (TEST) 274.0 instances.
Percent correctly classified (TEST): 91.740%

Correctly classified (TRAIN)7090.0 instances.
Incorrectly classified (TRAIN) 648.0 instances.
Percent correctly classified (TRAIN): 91.626%

--------------------------------------------
Accuracy for SA3 after 1500 training iterations:
--------------------------------------------
Correctly classified (TEST) 3082.0 instances.
Incorrectly classified (TEST) 235.0 instances.
Percent correctly classified (TEST): 92.915%

Correctly classified (TRAIN)7158.0 instances.
Incorrectly classified (TRAIN) 580.0 instances.
Percent correctly classified (TRAIN): 92.505%

--------------------------------------------
Accuracy for SA3 after 1750 training iterations:
--------------------------------------------
Correctly classified (TEST) 3089.0 instances.
Incorrectly classified (TEST) 228.0 instances.
Percent correctly classified (TEST): 93.126%

Correctly classified (TRAIN)7163.0 instances.
Incorrectly classified (TRAIN) 575.0 instances.
Percent correctly classified (TRAIN): 92.569%

--------------------------------------------
Results for SA3: 
--------------------------------------------
Correctly classified (TEST) 3104.0 instances.
Incorrectly classified (TEST) 213.0 instances.
Percent correctly classified (TEST): 93.579%

Correctly classified (TRAIN)7197.0 instances.
Incorrectly classified (TRAIN) 541.0 instances.
Percent correctly classified (TRAIN): 93.009%

Training time: 134.732 seconds
Testing time: 0.064 seconds