Error results for SA1
---------------------------
995.666
1000.609
1005.376
1005.784
1019.952
1019.952
1017.018
1021.160
1010.643
1010.492
1013.056
1026.379
1025.241
1013.023
1012.955
1015.135
1016.501
1016.501
1024.336
1023.390
1004.644
1004.246
1004.633
1005.581
1007.003
1005.577
1009.221
1008.979
1009.289
1009.024
1012.028
981.418
981.425
981.430
981.606
981.443
981.443
980.981
969.110
965.647
968.258
968.258
966.453
968.135
968.135
970.368
952.435
953.259
954.542
949.940
955.699
966.980
967.873
968.809
968.792
968.093
1013.208
1005.791
1005.237
1005.063
1005.063
1005.698
1000.538
998.325
998.714
993.192
997.752
997.821
998.093
997.831
989.289
991.987
991.497
990.728
989.988
989.831
989.661
990.706
991.171
992.518
996.234
996.234
989.044
990.927
987.425
990.009
985.099
985.014
986.727
979.942
980.054
980.054
980.009
974.329
971.872
969.205
969.205
964.599
964.387
961.316
957.213
958.971
959.107
972.616
972.149
972.032
975.865
976.090
966.392
967.938
967.810
965.636
965.756
981.321
974.934
974.329
973.053
972.117
1013.266
1026.030
1023.129
1023.151
1023.151
1023.134
992.308
993.191
993.812
993.772
999.022
994.172
985.703
985.734
985.056
981.105
981.105
980.768
980.065
979.868
979.237
976.650
977.108
977.108
978.995
989.981
989.656
987.804
990.490
1009.659
1005.320
1005.566
1023.997
1024.395
1024.395
1050.673
1056.946
1078.150
1081.508
1083.378
1076.249
1076.540
1076.553
1083.944
1089.133
1081.467
1079.161
1079.161
1082.055
1082.392
1072.948
1075.339
1078.694
1076.363
1073.896
1066.070
1063.807
1048.338
1043.108
1043.108
1044.094
1044.264
1053.049
1052.543
1052.935
1053.611
1053.443
1051.882
1052.656
1053.729
1056.500
1056.480
1054.928
1066.505
1064.812
1064.638
1055.320
1053.802
1051.084
1065.645
1066.155
1063.636
1070.820
1070.169
1079.564
1072.704
1068.297
1068.297
1066.396
1064.108
1083.250
1083.600
1081.122
1089.869
1081.853
1085.948
1085.948
1074.516
1074.530
1087.914
1089.739
1083.522
1094.062
1097.442
1090.221
1098.813
1102.754
1101.300
1095.795
1092.651
1093.137
1093.391
1095.007
1087.762
1087.537
1097.568
1095.559
1093.634
1114.158
1118.343
1119.856
1126.727
1127.234
1123.553
1136.753
1123.853
1123.430
1111.229
1167.020
1171.703
1171.706
1171.351
1170.811
1171.051
1161.872
1158.186
1159.429
1157.508
1157.755
1155.097
1154.837
1155.950
1156.278
1159.828
1158.166
1158.185
1151.502
1160.477
1155.072
1156.845
1157.505
1156.683
1159.160
1165.319
1168.779
1168.779
1165.547
1165.939
1167.390
1165.872
1166.388
1166.648
1166.321
1165.693
1158.376
1142.441
1133.331
1149.579
1111.813
1111.863
1112.740
1114.688
1120.689
1119.333
1118.956
1113.657
1126.671
1123.841
1125.742
1120.140
1123.586
1123.743
1120.942
1116.944
1123.281
1111.742
1110.903
1097.640
1096.846
1094.961
1102.614
1102.614
1098.636
1096.396
1094.298
1090.978
1090.978
1090.978
1090.940
1093.414
1095.255
1094.311
1085.725
1085.689
1097.676
1086.393
1086.670
1087.069
1087.099
1084.623
1094.018
1085.629
1109.856
1095.587
1084.804
1083.475
1087.867
1077.795
1072.349
1076.213
1076.890
1076.007
1076.753
1074.139
1076.839
1072.627
1072.202
1068.921
1071.514
1059.384
1055.737
1055.804
1055.924
1051.175
1051.175
1051.277
1050.906
1045.734
1045.902
1045.770
1046.401
1046.435
1043.929
1044.038
1044.803
1043.941
1045.124
1046.777
1052.285
1044.147
1041.963
1042.345
1035.513
1030.313
1039.250
1029.547
1017.985
1023.266
1079.978
1020.353
1020.403
1020.310
1018.402
1014.088
1013.849
1013.444
1014.539
1011.317
1008.534
1003.641
1004.173
991.903
993.534
995.950
990.696
983.583
978.114
978.711
986.485
975.510
969.010
967.543
968.241
967.716
971.376
975.987
967.882
961.144
963.783
954.454
949.170
953.177
950.706
949.543
948.928
948.928
946.563
946.633
947.184
946.563
947.827
946.344
941.049
939.284
940.624
940.446
939.284
931.602
930.025
929.970
901.159
903.040
894.173
894.289
892.550
892.533
905.845
894.949
892.028
896.911
885.803
883.746
883.426
871.647
871.615
870.884
869.423
869.450
869.672
875.527
869.470
870.617
879.721
867.712
872.238
845.861
841.737
845.213
843.343
840.294
844.552
839.841
832.358
828.556
837.369
827.206
827.206
829.671
826.756
827.814
826.625
827.248
826.625
833.912
824.812
825.973
819.390
818.279
818.791
814.375
816.098
817.442
815.363
818.577
812.781
820.541
810.889
805.709
799.305
795.090
812.069
809.267
796.755
788.242
789.064
787.396
786.032
785.884
781.288
781.481
789.858
781.305

Error results for SA2
---------------------------
1055.399
1054.165
1053.728
1054.137
1056.495
1056.495
1047.580
1048.158
1048.159
1048.123
1040.412
1035.156
1036.723
1036.325
1038.098
1031.988
1038.315
1038.419
1040.726
1043.531
1027.275
1027.323
1028.581
1029.621
1029.034
1029.057
1027.669
1020.265
1020.383
1020.971
1030.288
1029.752
1033.024
1033.241
1032.854
1017.128
1015.098
1015.213
1015.213
1016.629
1016.849
1016.791
1016.812
1017.307
1016.653
1017.469
1017.672
1016.375
1012.829
1013.658
1015.399
1015.399
1015.585
989.474
989.225
933.526
933.124
935.146
934.425
911.400
899.031
898.824
899.730
907.633
910.241
910.047
909.439
909.054
909.654
908.285
908.287
900.992
901.529
904.463
901.782
904.808
905.480
897.948
888.853
888.853
890.329
894.465
897.898
897.454
896.127
892.905
892.178
892.106
892.882
911.548
910.301
910.264
909.433
907.389
905.623
904.942
896.474
897.025
897.456
909.735
909.990
909.990
915.945
910.172
908.667
910.044
910.044
912.220
903.291
902.943
900.175
899.863
896.890
885.077
890.529
889.999
890.146
890.043
888.846
888.585
892.230
892.623
912.247
912.554
912.593
911.980
911.837
935.652
937.401
937.545
951.927
952.119
952.368
950.517
957.747
957.645
959.214
948.730
948.924
948.923
939.915
909.397
909.726
905.013
902.753
902.841
904.876
902.139
902.139
907.377
906.013
906.077
905.969
905.510
907.387
911.670
911.670
912.781
911.751
911.867
913.802
913.802
913.547
913.609
912.480
916.058
915.881
914.743
915.259
901.324
899.769
904.249
905.723
912.587
914.881
915.042
923.986
921.680
919.711
919.328
921.501
921.525
921.546
914.231
908.159
915.807
914.891
909.424
909.910
909.640
909.609
909.894
909.894
909.300
908.526
905.674
900.736
900.736
900.373
900.281
899.168
899.168
903.228
903.228
901.298
903.037
902.861
900.946
899.205
899.670
898.591
899.412
899.017
897.190
890.531
890.629
887.285
888.046
884.726
891.540
890.364
890.407
907.126
910.261
912.081
913.392
908.487
922.467
928.052
929.019
908.456
908.389
908.389
911.919
908.668
929.087
929.957
929.957
923.696
924.920
926.809
923.358
923.353
923.664
926.905
927.376
927.640
914.808
911.726
922.235
922.480
924.667
923.790
916.304
916.304
915.688
914.148
920.725
921.302
922.299
946.651
947.889
946.418
947.714
963.337
963.107
962.598
962.585
955.787
956.158
954.324
955.795
955.795
954.910
980.284
954.737
955.446
951.418
956.197
955.698
957.848
956.492
957.779
947.646
938.272
938.570
939.044
939.064
942.948
944.057
945.296
943.865
942.910
932.729
932.729
932.983
931.181
929.111
926.778
927.463
923.861
925.430
926.201
926.152
931.312
931.312
927.514
927.276
924.358
931.161
923.054
937.023
924.085
921.701
924.388
921.701
922.569
922.583
922.231
925.184
919.835
922.444
916.835
917.530
923.446
923.249
917.371
915.505
915.095
915.650
909.882
898.739
903.878
898.209
887.516
887.656
887.881
876.845
878.014
877.419
876.774
875.857
876.167
876.284
873.852
872.182
868.369
866.111
866.997
869.095
856.112
856.796
856.796
855.428
857.612
854.355
856.654
854.723
861.559
855.008
841.752
841.562
840.390
845.255
842.217
840.397
839.174
831.886
831.781
837.516
829.566
828.342
827.326
826.761
824.617
821.309
821.737
831.753
818.976
816.690
816.690
818.346
816.491
811.986
811.986
819.611
807.769
807.769
807.756
805.675
804.756
809.598
806.621
803.842
804.468
805.339
803.699
795.882
787.849
782.564
782.272
780.452
782.998
781.286
781.632
777.647
777.962
776.479
760.596
762.315
760.596
770.004
761.139
759.881
758.214
758.214
757.139
754.636
751.422
751.020
751.539
747.725
748.478
759.509
745.724
747.031
744.893
749.377
748.392
744.137
743.901
767.525
743.405
742.944
744.835
742.943
744.214
742.917
742.917
738.379
739.184
738.788
736.316
735.623
737.677
735.623
734.762
736.695
734.762
735.462
722.717
723.123
722.155
721.695
721.520
722.824
722.121
722.190
719.874
718.796
719.198
720.986
719.227
718.423
719.770
720.099
719.770
729.712
718.585
718.216
723.962
717.310
712.605
716.141
712.314
724.051
706.959
713.115
706.219
704.290
700.548
700.548
700.634
720.951
706.727
710.171
705.264
698.958
699.488
698.959
697.145
697.705
697.145
694.307
694.326
700.819
688.656
687.843
689.683
687.188

Error results for SA3
---------------------------
1327.150
1329.981
1338.447
1338.844
1338.844
1411.117
1410.636
1417.095
1420.622
1420.541
1413.324
1412.147
1412.147
1419.490
1419.683
1421.659
1422.898
1422.707
1419.554
1388.832
1380.538
1380.171
1385.029
1366.794
1376.795
1376.357
1385.800
1386.124
1390.682
1412.947
1412.429
1414.430
1413.884
1414.810
1414.819
1399.593
1403.259
1395.724
1423.776
1425.978
1423.590
1423.953
1409.305
1409.046
1407.888
1407.888
1408.676
1408.676
1396.575
1387.874
1387.874
1395.020
1393.653
1408.700
1405.226
1429.185
1429.185
1429.185
1428.287
1434.255
1430.732
1432.212
1432.098
1424.690
1431.271
1436.015
1436.521
1520.394
1521.101
1522.389
1534.456
1538.099
1536.745
1534.448
1534.296
1533.964
1528.452
1528.905
1531.655
1532.197
1528.293
1548.613
1549.100
1549.388
1551.463
1563.847
1561.274
1561.659
1559.412
1559.406
1561.529
1562.711
1564.626
1559.003
1558.906
1556.566
1578.312
1578.312
1578.412
1579.547
1570.534
1571.936
1568.760
1571.370
1551.351
1551.351
1547.273
1546.931
1547.382
1546.187
1545.817
1545.826
1539.086
1537.091
1531.234
1533.029
1539.721
1539.571
1539.518
1542.695
1543.634
1545.284
1546.140
1544.668
1543.190
1547.340
1547.318
1528.266
1528.794
1531.928
1531.921
1538.243
1538.603
1534.652
1535.684
1535.638
1537.058
1534.517
1530.400
1525.859
1523.465
1531.945
1526.737
1526.718
1526.906
1531.054
1528.562
1533.530
1528.676
1527.361
1527.039
1529.131
1531.686
1535.611
1535.815
1525.110
1525.942
1526.329
1504.951
1499.991
1503.862
1507.393
1506.539
1507.116
1503.404
1494.214
1499.432
1486.092
1486.546
1505.576
1511.728
1512.028
1515.913
1518.915
1527.440
1527.951
1533.127
1539.039
1538.384
1561.141
1561.920
1556.824
1556.285
1552.421
1548.813
1552.795
1555.038
1555.038
1567.460
1571.209
1573.038
1573.773
1574.884
1585.985
1584.422
1584.802
1588.428
1587.751
1587.805
1599.020
1598.740
1596.484
1595.993
1596.091
1601.594
1597.180
1559.726
1561.255
1557.653
1548.097
1547.145
1555.641
1558.544
1556.502
1564.475
1560.571
1559.070
1559.070
1559.070
1552.332
1553.818
1554.499
1556.043
1546.152
1550.817
1551.068
1550.885
1541.278
1534.921
1533.279
1536.682
1500.678
1502.523
1533.388
1539.023
1539.390
1537.760
1538.094
1537.673
1533.430
1532.468
1533.518
1523.205
1522.914
1539.858
1545.633
1537.346
1535.688
1536.817
1536.817
1536.753
1534.671
1544.426
1556.324
1555.453
1560.497
1553.088
1563.359
1561.454
1561.454
1569.590
1566.093
1565.415
1572.057
1569.429
1569.429
1568.598
1567.673
1571.657
1564.920
1544.269
1544.468
1542.708
1541.850
1544.750
1547.284
1548.278
1549.262
1553.475
1554.993
1557.230
1541.414
1541.802
1541.802
1548.878
1561.011
1552.613
1551.433
1534.180
1534.411
1534.032
1526.194
1512.786
1510.056
1463.474
1462.441
1461.927
1461.927
1457.803
1457.610
1469.729
1470.012
1470.036
1445.839
1443.789
1442.650
1440.920
1440.064
1437.863
1433.939
1433.582
1441.709
1430.937
1430.937
1432.298
1428.148
1423.338
1423.295
1444.577
1418.986
1418.629
1419.142
1418.001
1409.252
1409.252
1394.114
1395.894
1409.892
1392.382
1389.383
1389.963
1387.392
1384.330
1383.984
1383.799
1383.867
1363.582
1397.070
1368.728
1382.921
1383.882
1369.085
1363.297
1363.297
1361.227
1359.858
1359.153
1369.463
1358.650
1368.520
1363.801
1358.157
1359.183
1344.445
1344.596
1346.272
1344.403
1342.143
1322.277
1321.490
1321.136
1324.110
1325.827
1320.176
1325.920
1320.176
1320.184
1320.447
1318.674
1318.756
1318.398
1310.027
1306.027
1313.495
1308.116
1281.993
1284.364
1278.813
1278.818
1276.752
1273.701
1285.911
1273.852
1273.678
1278.974
1312.938
1273.678
1269.502
1268.850
1268.790
1267.421
1270.473
1287.224
1263.092
1266.210
1264.706
1281.289
1249.265
1245.492
1263.605
1242.625
1254.101
1248.455
1242.886
1235.441
1231.288
1231.288
1243.549
1196.736
1135.447
1148.395
1134.420
1138.893
1134.420
1136.548
1120.628
1117.436
1119.564
1117.436
1118.592
1116.630
1117.429
1121.430
1117.386
1117.429
1116.821
1117.461
1119.148
1115.417
1119.974
1116.473
1117.396
1043.438
1043.681
1045.508
1044.370
1043.252
1043.270
1040.769
1040.526
1040.301
1040.526
1039.855
1038.514
1032.463
1029.449
1030.520
1025.535
1025.288
1027.069
1025.600
1020.970
1020.323
1020.295
1020.469
1019.066
1008.816
1004.037
1002.491
1002.683
1005.602
1004.878
1003.213
994.231
994.221
999.003
966.636
993.846
955.280
955.401
959.153
956.087
950.262
958.106
953.094
947.721
949.169
953.504
947.954
949.846
953.334
946.368
943.894
942.866
949.850
938.957
942.974
939.061
938.957
934.715
934.127
933.944
939.112
946.172
932.782
951.859
971.308
932.415
932.571
932.415

Error results for SA4
---------------------------
1224.413
1225.205
1225.205
1224.650
1224.499
1238.978
1238.698
1239.181
1239.881
1230.424
1232.880
1234.857
1252.278
1252.376
1248.553
1249.339
1248.709
1244.286
1243.245
1244.185
1243.504
1271.991
1243.109
1254.577
1255.111
1256.180
1263.925
1264.459
1264.382
1275.793
1274.059
1262.491
1262.558
1261.146
1260.893
1258.865
1259.142
1261.132
1246.537
1246.537
1247.008
1242.552
1234.429
1244.462
1244.235
1237.125
1228.358
1224.442
1219.742
1219.980
1219.530
1220.449
1215.340
1218.379
1220.588
1222.411
1222.411
1224.506
1223.402
1223.979
1221.980
1221.904
1221.868
1222.556
1224.036
1228.653
1222.218
1216.916
1220.848
1223.736
1139.577
1140.027
1134.882
1129.723
1127.161
1148.197
1151.933
1198.729
1199.290
1189.629
1184.997
1183.434
1184.355
1183.718
1182.410
1178.312
1174.886
1170.726
1171.026
1172.316
1173.090
1183.651
1180.382
1180.276
1169.626
1177.328
1178.280
1156.343
1156.322
1153.404
1154.035
1154.035
1154.035
1148.857
1148.956
1148.923
1154.384
1118.309
1099.472
1091.870
1091.988
1055.492
1057.055
1057.127
1051.996
1051.736
1051.721
1051.721
1045.353
1009.526
1009.526
1012.766
1012.766
1037.388
1036.890
1036.890
1037.155
1019.636
1012.057
1011.983
1011.869
1018.480
1017.051
1031.402
1029.250
1029.649
1029.653
1030.139
1022.985
1017.688
1032.686
1030.798
1035.792
1028.126
1028.830
1026.102
1017.078
1017.037
1017.037
1017.300
1020.578
1032.830
1030.713
1028.063
1026.192
1030.825
1030.767
1030.705
1031.536
1033.394
1033.627
1023.441
1023.558
1024.054
1021.493
1021.467
1026.099
1025.815
1025.494
1024.461
1024.461
1024.778
1024.778
1032.725
1045.362
1048.733
1039.772
1037.302
1038.011
1040.143
1040.932
1041.754
1045.876
1047.948
1044.325
1044.397
1043.603
1043.605
1043.691
1046.497
1043.904
1042.323
1031.388
1038.471
1041.515
1047.455
1054.142
1054.756
1062.078
1062.613
1062.613
1055.461
1054.661
1054.458
1057.559
1057.353
1063.720
1064.550
1063.731
1066.390
1073.378
1086.845
1085.618
1080.873
1080.999
1087.162
1098.046
1105.347
1113.988
1113.998
1117.704
1113.178
1116.060
1119.463
1119.367
1120.005
1131.001
1135.227
1132.363
1152.097
1149.579
1145.378
1167.704
1168.014
1168.000
1167.635
1174.431
1174.707
1175.335
1176.944
1177.132
1177.127
1176.488
1180.384
1182.204
1182.204
1182.377
1183.726
1181.159
1182.220
1180.406
1182.821
1189.379
1191.486
1189.864
1189.730
1189.802
1182.479
1182.479
1183.666
1183.973
1191.002
1190.966
1190.133
1190.023
1196.103
1202.196
1209.920
1209.817
1209.152
1212.028
1209.547
1212.757
1214.239
1210.205
1208.234
1211.836
1209.134
1232.192
1204.496
1217.942
1218.557
1222.964
1222.784
1222.766
1216.484
1216.527
1217.754
1218.803
1218.803
1219.366
1220.146
1216.096
1216.235
1218.740
1226.607
1216.159
1216.762
1174.780
1166.499
1166.338
1163.440
1163.123
1163.934
1164.398
1164.398
1180.799
1164.398
1164.780
1161.747
1162.818
1154.494
1157.489
1163.458
1160.754
1164.797
1164.797
1163.369
1163.369
1161.185
1160.876
1143.200
1144.301
1144.372
1147.190
1147.647
1146.999
1146.927
1145.670
1145.807
1145.750
1143.380
1146.621
1149.964
1143.296
1142.875
1143.322
1142.907
1155.933
1134.456
1131.648
1122.739
1123.942
1118.332
1119.711
1116.394
1116.444
1118.431
1117.039
1120.662
1114.659
1114.336
1106.309
1106.562
1103.931
1084.233
1084.134
1092.812
1084.866
1085.334
1085.370
1085.381
1083.050
1077.488
1076.747
1084.346
1080.269
1074.095
1074.442
1073.614
1063.265
1065.298
1061.938
1119.507
1057.706
1055.737
1056.028
1056.028
1052.598
1055.309
1053.521
1052.564
1049.404
1049.827
1051.788
1047.493
1046.992
1046.992
1044.278
1045.345
1044.104
1054.285
1044.104
1044.041
1041.648
1040.035
1040.617
1040.320
1040.035
1038.967
1040.104
1037.935
1032.892
1027.952
1039.644
1028.561
1028.389
1025.964
1024.755
1024.755
1034.240
1024.817
1028.813
1023.879
1021.363
1021.913
1021.613
1021.363
1021.447
1023.013
1019.565
1020.213
1019.529
1015.936
1006.576
1015.622
1007.549
1006.060
1002.990
1005.584
1002.248
1000.274
1007.552
999.727
1001.331
989.754
989.452
1003.836
979.580
976.086
976.669
970.031
968.514
968.503
969.037
967.795
968.190
965.730
963.232
964.555
963.697
955.834
961.984
955.902
964.125
952.386
952.587
941.426
942.849
936.079
934.170
933.409
928.427
921.543
922.325
941.318
921.879
921.713
922.985
921.964
921.299
921.622
934.652
920.855
919.772
919.050
919.744
916.018
913.362
912.014
911.092
963.943
911.770
900.177
891.294
892.633
890.316
887.499
887.551
886.256
881.984
883.081
855.213
857.007
855.391
854.839
851.021
850.730
851.915
853.162

Error results for SA5
---------------------------
1080.862
1080.364
1080.255
1087.200
1087.286
1084.184
1086.227
1086.552
1086.552
1082.299
1083.302
1083.302
1087.695
1082.724
1105.651
1106.819
1118.786
1122.392
1124.810
1124.810
1124.897
1113.978
1112.458
1111.879
1109.951
1080.066
1069.461
1068.681
1069.642
1066.729
1066.601
1066.438
1065.631
1065.227
1064.129
1067.574
1065.437
1066.344
1066.490
1068.408
1069.303
1066.016
1073.493
1070.318
1071.109
1081.614
1080.957
1066.134
1073.273
1099.194
1093.944
1044.628
1044.734
1043.049
1031.043
1029.556
1029.690
1030.086
1027.526
1027.526
1027.359
1026.332
1029.068
1026.960
1027.340
1016.839
1016.839
1016.875
1065.223
1065.608
1072.392
1080.149
1077.744
1080.572
1080.248
1100.717
1102.999
1094.412
1094.594
1090.859
1092.906
1087.632
1092.507
1092.552
1091.858
1093.208
1098.239
1097.238
1095.242
1095.601
1080.489
1080.489
1066.521
1067.869
1091.762
1087.842
1087.289
1060.992
1062.704
1060.415
1060.562
1062.749
1044.651
1049.429
1049.980
1048.853
1049.825
1038.372
1025.217
1031.423
1031.423
1037.966
1037.805
1039.840
1038.809
1038.864
1053.164
1055.448
1047.717
1047.322
1049.357
1075.154
1074.027
1070.091
1080.242
1090.357
1090.256
1102.032
1101.420
1101.361
1099.394
1099.328
1060.015
1020.614
1013.318
1013.153
1013.089
1035.127
1037.260
1058.353
1060.715
1059.258
1058.079
1041.939
1042.295
1052.476
1052.476
1052.202
1051.914
1041.882
1042.700
1040.520
1040.520
1045.961
1002.908
990.914
992.729
992.898
973.867
975.008
975.382
974.620
986.207
990.951
983.111
982.819
981.767
981.767
976.718
980.843
978.095
979.852
984.900
982.174
982.346
965.574
965.555
965.234
969.620
964.107
959.764
960.343
952.855
954.425
954.772
958.450
942.103
938.880
937.264
941.087
945.936
944.557
943.927
955.228
932.590
933.576
939.924
945.689
944.099
943.179
943.288
943.520
942.432
942.432
939.972
931.616
933.623
947.644
951.783
950.456
952.258
951.728
953.748
952.635
954.072
957.366
954.391
962.024
959.139
956.594
956.590
956.163
956.386
954.663
953.633
953.633
954.398
954.592
961.346
961.306
958.347
958.285
958.296
958.339
964.288
966.659
966.173
965.026
962.152
962.152
962.126
958.034
957.914
945.260
944.453
943.996
942.019
945.142
945.142
949.086
944.678
952.330
952.388
952.143
947.033
944.005
952.060
962.281
962.690
966.077
966.077
965.263
954.545
953.715
953.429
951.225
945.132
942.073
939.983
940.489
939.595
944.793
958.161
958.161
957.043
950.671
951.210
941.545
941.545
941.545
941.624
940.830
951.288
949.891
949.428
949.187
950.584
949.498
949.410
967.798
944.530
940.184
938.770
939.389
939.436
945.176
943.659
957.517
943.295
945.495
956.826
956.914
955.045
961.220
960.781
960.781
960.777
961.119
967.776
964.016
960.809
968.634
974.022
968.530
968.530
971.611
968.392
967.319
969.639
961.967
964.861
968.171
975.727
964.861
963.396
952.201
952.270
955.166
959.078
955.890
955.362
952.222
958.125
952.303
954.255
964.106
948.463
948.472
947.717
948.517
947.717
940.897
939.446
937.397
942.386
937.203
935.296
935.262
935.179
934.821
931.389
931.929
943.647
931.888
933.429
936.567
931.847
931.979
931.410
930.578
930.259
930.259
930.441
930.568
929.713
926.954
924.597
919.862
921.180
919.334
920.361
911.212
912.870
907.189
908.083
907.896
914.290
907.640
901.382
902.316
901.469
902.111
901.202
903.920
901.043
900.793
900.903
896.591
895.438
895.411
898.324
895.461
889.490
889.499
889.468
890.433
893.999
895.579
888.985
888.330
888.121
904.112
888.372
878.279
878.555
880.037
879.668
879.097
878.899
882.541
878.857
879.203
882.066
878.596
878.091
878.218
900.517
876.712
876.899
876.804
876.905
876.675
876.866
876.646
877.134
884.378
879.220
872.590
871.354
871.965
872.196
882.523
870.478
870.862
870.480
870.343
872.597
871.096
870.188
870.124
868.930
868.925
869.374
872.459
871.302
873.380
872.705
868.854
870.550
868.738
872.561
869.935
871.429
878.421
867.585
859.786
860.022
859.433
859.760
859.418
855.350
854.851
856.089
855.553
848.523
849.479
848.856
855.653
861.732
849.587
850.107
846.609
846.609
837.957
837.868
838.384
834.640
844.914
840.661
829.935
835.270
830.141
831.909
820.278
819.733
820.751
820.454
822.063
819.733
817.486
817.849
816.100
816.179
826.595
821.232
820.756
819.613
816.590
816.217
814.904

Error results for SA6
---------------------------
1003.739
1004.573
1004.467
1000.690
1000.949
1005.111
1003.027
1003.380
1009.895
1009.373
1010.109
1010.015
1008.583
1001.610
993.202
994.764
994.124
993.518
993.191
995.817
991.485
990.487
987.392
1001.109
1001.267
1004.243
1005.922
1000.858
1002.829
1004.470
1007.940
1004.780
1005.092
1003.581
1016.577
1014.124
1014.709
1025.524
1026.660
1035.650
1055.053
1069.385
1070.317
1071.766
1071.766
1071.883
1072.020
1072.020
1072.020
1073.337
1072.824
1070.768
1065.169
1064.625
1054.583
1054.619
1054.535
1054.198
1054.473
1051.975
1051.699
1048.795
1048.223
1054.580
1056.022
1056.872
1063.986
1064.430
1064.430
1064.970
1067.885
1077.360
1069.605
1068.708
1069.193
1061.436
1058.288
1058.288
1058.288
1054.920
1052.093
1051.905
1051.790
1063.458
1063.271
1063.477
1062.934
1061.419
1050.128
1079.276
1077.130
1077.130
1078.443
1058.752
1058.679
1054.854
1056.560
1055.021
1050.334
1044.282
1044.282
1039.559
1039.995
1044.300
1051.168
1062.302
1064.551
1055.835
1060.964
1060.964
1028.631
1028.631
1020.175
1021.003
1020.626
1005.185
1001.301
987.484
975.002
971.649
972.417
963.528
959.065
959.141
952.920
952.376
948.088
950.381
951.384
951.721
951.724
960.604
960.380
971.568
971.568
970.238
979.932
980.993
983.998
983.133
983.976
967.355
967.742
970.103
970.358
961.425
965.509
962.220
965.052
963.683
974.398
973.218
962.399
959.971
957.301
957.294
964.089
963.441
980.070
979.798
980.694
970.414
971.023
970.826
989.039
988.799
989.680
989.769
991.603
979.830
968.569
976.017
954.353
955.831
956.095
950.697
946.150
932.442
930.196
920.080
922.434
924.441
924.681
924.780
966.271
969.439
973.423
973.423
973.983
975.020
971.549
979.265
988.863
989.452
1007.234
1006.977
1010.041
1013.366
1012.102
1007.958
991.011
987.698
987.867
1001.369
1002.359
997.882
997.596
1013.650
1017.032
1016.691
1017.250
1019.196
998.622
1001.368
1001.320
1001.112
1008.294
1018.039
1020.988
1010.713
1014.594
1014.492
1009.520
1009.609
1007.704
1001.492
1000.721
1002.714
1001.233
998.725
998.826
990.509
982.346
981.530
981.530
973.968
961.358
950.223
949.776
942.757
939.797
938.405
926.832
923.276
920.635
933.818
935.983
935.994
932.242
931.654
931.355
931.259
931.006
926.071
924.290
935.587
938.084
936.324
940.329
936.324
936.094
937.187
936.954
933.395
916.347
916.347
915.060
915.999
921.930
921.952
912.237
910.302
908.634
912.136
922.436
922.681
916.297
916.531
917.862
916.409
915.481
911.897
917.443
918.423
920.278
920.133
919.670
918.070
924.305
920.874
917.406
917.720
917.010
915.329
908.245
908.245
904.567
902.443
902.545
902.591
905.188
905.956
899.722
899.855
900.001
900.001
900.001
890.214
891.804
925.532
896.884
893.787
891.265
890.086
891.869
889.379
887.558
888.942
894.096
893.862
917.478
893.776
891.554
886.962
882.393
883.097
875.501
876.865
875.501
874.630
876.310
876.260
874.603
875.743
874.608
871.748
869.314
936.597
872.119
869.314
866.647
869.345
867.725
854.443
854.892
843.944
842.937
846.437
842.625
842.705
843.010
841.840
841.402
827.210
831.714
827.891
822.429
821.860
821.860
821.747
822.548
820.204
820.204
836.849
822.955
818.813
819.476
822.416
818.813
813.648
808.409
828.805
809.341
808.351
808.594
808.283
809.777
808.283
807.535
816.518
804.887
803.914
801.981
802.019
803.311
800.605
799.433
797.126
808.636
797.807
797.303
797.617
799.941
796.487
795.743
796.728
804.876
770.956
770.385
771.436
767.794
765.972
765.833
766.897
767.834
766.902
760.390
760.780
760.822
759.582
762.623
759.708
758.452
759.489
758.706
760.231
758.794
756.828
754.031
756.950
754.470
754.025
756.986
757.428
754.194
754.107
754.233
758.881
756.225
752.515
773.085
761.054
754.486
751.451
755.235
751.470
751.562
751.254
752.320
745.766
743.145
742.193
742.072
743.460
742.990
743.381
741.756
741.137
740.935
754.431
733.366
733.670
731.615
731.615
740.013
731.766
730.761
730.048
729.722
730.319
728.378
728.286
727.970
727.970
727.071
729.514
727.071
727.541
727.301
724.802
724.562
722.076
724.438
728.782
722.076
719.195
719.420
718.399
718.399
705.978
705.793
709.188
706.837
703.668
702.511
704.561
709.477
702.422
699.475
710.335
698.197
697.374
701.787
693.429
692.591
698.392
691.231
691.753
688.589
688.682

Error results for SA7
---------------------------
906.397
904.796
894.537
895.894
895.857
900.572
896.252
898.117
897.185
896.679
892.920
901.840
899.266
898.334
900.519
903.667
909.830
915.013
913.840
913.296
918.110
918.154
973.580
972.226
961.538
959.098
951.772
951.983
969.708
969.418
965.711
966.525
966.276
951.540
949.046
965.054
964.852
960.297
960.297
956.297
955.611
955.289
954.725
957.091
964.920
962.458
957.622
956.549
957.130
958.078
958.518
972.799
965.902
966.268
956.658
951.921
951.013
956.658
955.479
967.489
975.659
976.221
979.689
983.973
984.558
984.717
984.785
987.828
988.817
989.717
992.960
991.714
991.970
991.476
991.114
993.773
990.788
985.676
983.738
981.022
972.191
973.104
973.599
975.446
965.293
965.335
965.170
968.419
949.628
950.822
946.635
948.790
952.312
950.703
948.602
949.536
949.540
954.560
936.195
933.538
936.917
937.918
938.699
931.551
935.557
933.022
936.618
961.489
957.761
957.650
950.007
954.644
953.978
953.494
955.046
957.469
963.242
963.718
960.769
959.001
952.649
952.649
951.449
947.239
963.154
957.574
931.725
930.301
930.580
930.127
930.113
929.460
930.197
939.965
934.067
934.334
932.331
931.119
933.343
933.951
938.762
935.826
937.169
935.051
932.363
931.662
929.305
929.222
929.993
930.017
937.126
938.110
933.787
930.568
931.332
929.574
929.011
929.003
929.227
922.835
923.124
922.366
921.099
920.984
903.705
903.705
890.391
890.449
883.909
884.406
884.711
886.339
892.076
892.103
891.592
891.592
892.133
897.157
896.750
896.699
896.792
906.012
902.684
902.579
904.666
906.860
902.548
906.243
905.290
908.334
908.410
912.727
910.478
913.857
912.188
911.451
911.381
916.231
916.300
916.249
912.312
912.325
913.645
922.409
922.183
920.079
921.498
921.008
924.747
924.747
928.881
927.284
933.163
932.708
936.967
936.277
935.998
928.333
922.827
922.269
923.702
923.702
932.192
933.422
919.811
926.149
919.497
921.747
923.097
918.938
917.085
917.075
917.166
909.367
904.881
905.071
903.721
905.352
893.447
908.925
918.726
908.225
917.005
917.496
912.761
914.699
911.320
917.908
917.545
928.491
928.806
928.914
933.073
928.591
926.097
935.279
926.722
926.871
928.039
938.924
941.382
941.172
941.357
939.903
939.356
944.422
964.234
969.411
966.284
966.519
966.519
958.352
966.349
967.977
977.509
966.824
962.976
962.353
960.939
962.887
967.605
967.501
968.869
957.851
952.239
951.507
941.464
921.556
921.241
921.672
924.131
917.068
916.426
916.426
914.352
913.728
911.129
911.364
913.381
917.590
902.924
901.548
903.063
901.984
903.362
903.767
903.767
903.881
900.075
904.990
884.601
876.282
876.976
876.969
875.681
875.681
877.484
878.063
878.209
878.466
878.466
898.155
888.797
878.381
878.620
875.603
874.945
868.541
869.654
869.918
871.504
871.785
868.217
972.549
882.129
868.217
867.644
867.557
871.703
867.673
866.941
868.798
867.009
879.734
867.270
867.270
867.098
868.324
864.507
863.599
863.674
865.093
864.402
854.397
854.849
849.414
856.599
845.337
847.105
838.303
845.593
828.679
826.865
826.861
831.086
821.626
822.564
822.323
822.903
824.448
823.059
822.274
821.876
822.980
822.163
823.251
821.474
822.335
807.698
807.698
818.002
807.895
809.420
812.048
807.698
809.305
811.541
828.697
810.970
805.926
805.112
801.431
800.443
800.696
801.434
789.679
779.490
781.076
779.560
779.302
779.563
779.755
779.302
780.090
779.302
762.839
769.662
764.373
746.919
746.774
746.919
757.976
745.898
747.124
749.581
743.560
741.471
738.916
738.963
739.053
737.431
735.688
731.626
729.817
738.045
729.162
725.501
726.084
726.097
728.380
726.097
726.988
726.493
727.145
725.683
723.016
722.870
733.396
722.929
724.434
724.197
722.778
714.476
713.878
714.019
713.878
721.637
721.237
713.216
713.248
727.654
711.194
711.262
712.599
711.208
709.553
708.858
693.832
693.418
691.230
695.203
691.103
691.103
691.871
690.553
693.209
694.932
690.114
691.217
690.928
691.616
698.684
691.185
688.213
688.213
686.932
700.724
684.282
684.414
680.570
677.538
677.379
668.042
667.856
667.250
666.656
662.691
662.798
661.161
661.161
661.161
661.130
658.984
659.458
659.462
658.638
658.558
658.402
659.571
658.790

Error results for SA8
---------------------------
1106.250
1106.362
1107.768
1106.350
1111.140
1111.140
1108.438
1109.175
1109.180
1109.051
1103.770
1101.021
1100.614
1101.684
1105.719
1105.719
1099.632
1103.800
1104.157
1114.787
1114.718
1120.748
1119.403
1120.836
1119.142
1119.836
1120.822
1116.523
1116.722
1114.912
1110.530
1112.707
1111.561
1111.720
1113.498
1124.459
1127.112
1134.849
1129.462
1129.271
1129.271
1124.504
1125.698
1125.193
1131.118
1132.016
1131.313
1131.636
1131.636
1131.115
1132.595
1133.734
1132.974
1114.714
1111.819
1119.418
1119.443
1116.192
1118.127
1128.364
1129.774
1130.928
1133.701
1128.185
1125.148
1118.441
1107.030
1106.694
1108.629
1108.629
1105.960
1107.071
1106.963
1107.099
1084.436
1109.202
1107.956
1109.381
1097.306
1092.855
1073.810
1074.346
1074.401
1074.539
1075.719
1081.801
1084.636
1084.133
1072.317
1075.700
1077.505
1087.068
1087.068
1087.068
1076.834
1069.726
1066.523
1063.131
1063.483
1062.638
1062.638
1063.790
1063.582
1063.598
1064.476
1061.380
1061.379
1061.465
1060.740
1060.716
1063.785
1054.068
1054.068
1050.662
1050.597
1039.917
1039.917
1048.010
1053.306
1045.377
1045.612
1046.126
1046.358
1040.415
1042.131
1040.721
1045.535
1047.137
1047.149
1047.149
1045.981
1045.924
1045.300
1048.556
1053.373
1053.598
1041.429
1041.387
1040.302
1042.600
1049.178
1048.864
1049.873
1049.730
1047.493
1050.087
1049.950
1047.836
1047.867
1047.667
1047.667
1048.314
1044.559
1045.186
1045.768
1037.270
1035.359
1040.213
1039.473
1039.482
1038.425
1042.152
1041.723
1045.137
1044.787
1044.787
1046.669
1045.782
1041.963
1040.395
1027.871
1025.984
1025.327
1024.982
1025.056
1025.433
1034.561
1031.324
1031.228
1037.562
1037.579
1039.269
1036.145
1042.091
1042.885
1033.451
1033.466
1033.852
1036.649
1036.212
1026.732
1028.199
1028.874
1057.411
1054.562
1054.669
1049.196
1050.545
1049.885
1050.849
1042.804
1039.323
1039.286
1031.010
1034.662
1031.255
1033.068
1033.005
1031.645
1031.943
1033.003
1032.545
1031.889
1030.063
1041.568
1041.866
1042.292
1042.455
1039.620
1039.989
1041.862
1042.810
1044.130
1045.472
1044.047
1044.804
1044.804
1045.367
1047.124
1050.078
1045.341
1041.147
1033.936
1041.892
1041.284
1040.714
1045.140
1045.426
1046.209
1046.955
1043.049
1045.541
1045.159
1036.177
1037.882
1041.712
1044.890
1041.559
1037.548
1035.694
1035.008
1027.444
1035.221
1033.034
1033.122
1031.278
1029.377
1022.986
1006.180
1005.939
1005.218
1007.875
1012.799
1010.426
1010.426
1007.870
997.495
999.564
999.513
999.576
1000.268
1001.977
1004.038
1010.334
1009.503
1017.085
1025.315
1011.454
1011.291
1021.175
1022.935
1025.064
1025.385
1024.224
1023.956
1019.848
1019.361
1017.886
1015.435
1012.177
1012.300
1012.484
1016.856
1013.766
1013.984
1016.155
1019.991
1016.688
1016.177
1013.581
1024.817
1020.778
1011.581
1012.987
1013.166
1015.061
1020.375
1052.535
1022.535
1020.524
1020.404
1026.164
1026.436
1026.436
1021.819
1008.308
1007.798
1018.048
1008.399
1011.077
1010.640
1011.514
1011.974
1025.876
1012.317
1012.136
1011.584
1011.879
1013.780
1011.582
1023.231
1011.842
1013.845
1010.511
1008.980
1010.387
1009.914
1008.662
1007.881
1007.377
1015.854
1005.598
1006.069
1006.601
1004.028
1008.468
1003.488
1004.316
1006.719
1005.310
1003.380
1014.580
997.788
1002.181
997.788
997.158
997.005
1056.706
996.135
993.342
995.699
956.034
954.530
957.844
954.454
950.758
950.767
950.453
949.797
950.780
942.960
937.719
937.443
937.461
936.480
936.602
938.579
939.604
930.697
933.482
930.248
930.748
930.248
948.575
934.907
922.176
920.281
920.602
914.835
914.815
914.576
917.760
916.652
922.897
914.041
917.478
913.964
916.206
910.861
912.827
909.011
908.972
909.063
911.442
911.452
910.628
909.366
908.724
905.880
907.634
905.243
905.251
938.018
895.471
892.657
891.578
877.469
873.175
881.555
873.020
866.043
866.687
866.520
866.523
866.043
865.254
847.197
843.868
843.868
842.671
837.999
840.977
842.908
835.780
835.451
832.624
829.976
828.836
827.547
826.411
826.539
825.899
827.840
823.638
822.484
819.672
826.364
823.450
818.913
819.381
829.404
821.160
819.175
817.308
818.349
812.505
814.098
812.049
811.585
810.169
810.169
814.410
802.871
802.216
802.286
802.047
802.236
798.956
798.480
801.035
801.383
799.201
796.196
798.612
794.221
794.211
793.270
792.966
791.372
790.791
789.599
789.646
789.599
789.586
793.068
787.834
791.018
786.909
787.350
786.868
783.609
783.043
803.057
784.381
784.045
787.103
780.077
779.537
776.693
776.858

Error results for SA9
---------------------------
1082.803
1085.483
1075.476
1072.694
1073.638
1078.208
1070.964
1066.466
1066.989
1067.063
1066.864
1065.739
1070.596
1070.596
1079.678
1078.912
1076.769
1070.095
1064.065
1064.017
1063.891
1063.891
1063.999
1073.313
1084.013
1084.111
1084.078
1084.794
1083.648
1073.060
1074.297
1089.215
1092.194
1091.368
1090.841
1090.023
1090.821
1096.698
1097.743
1100.302
1102.136
1104.989
1104.698
1103.569
1103.569
1108.910
1108.744
1108.889
1086.230
1074.267
1070.954
1067.563
1069.783
1075.958
1075.958
1086.949
1072.647
1069.844
1079.623
1085.178
1097.926
1125.481
1124.528
1125.266
1122.455
1120.963
1120.208
1121.347
1119.268
1118.578
1118.578
1119.453
1119.453
1119.519
1081.358
1088.252
1089.112
1088.608
1081.181
1077.057
1080.423
1079.880
1080.634
1076.478
1089.925
1164.249
1159.703
1159.530
1159.139
1158.460
1151.715
1151.715
1151.715
1150.505
1150.206
1165.581
1165.290
1172.739
1174.827
1169.905
1160.104
1159.471
1161.119
1160.044
1156.389
1161.399
1157.716
1164.257
1166.071
1169.364
1170.241
1171.526
1171.059
1158.367
1161.002
1161.617
1165.560
1161.843
1156.437
1156.844
1156.839
1156.731
1156.636
1151.008
1147.988
1152.024
1151.827
1147.325
1163.419
1052.441
1052.448
1052.986
1054.845
1063.271
1063.271
1061.150
1060.022
1048.985
1035.698
1035.658
1035.658
1019.909
1026.612
1027.469
1012.342
996.478
996.478
997.455
999.423
1006.642
1003.129
1003.086
1008.926
1001.551
1000.390
1001.365
998.246
997.390
998.314
999.985
1000.795
1001.005
995.198
997.001
997.001
996.965
987.922
986.684
977.116
974.646
973.160
973.456
974.666
968.130
968.130
963.837
963.261
958.322
957.659
960.848
966.588
964.724
967.920
969.096
969.340
969.122
969.122
966.351
972.376
969.867
968.006
966.102
965.378
964.257
965.119
964.877
977.763
977.964
977.289
978.206
975.548
977.365
977.102
977.263
973.895
976.575
974.721
974.721
1000.736
1001.660
1007.614
1005.571
1004.505
1001.142
1001.158
1007.069
1007.065
1000.399
1003.501
1003.452
992.042
992.502
997.799
997.856
996.281
998.159
998.900
1000.574
1002.644
999.995
999.872
1004.887
1005.579
1005.129
1031.096
1031.066
1027.657
1028.731
1028.355
1057.732
1064.051
1072.700
1092.286
1074.568
1074.604
1075.872
1077.562
1084.847
1086.444
1088.253
1092.326
1094.256
1089.856
1095.666
1095.281
1094.369
1094.472
1087.438
1088.783
1083.546
1131.173
1132.670
1121.470
1119.991
1120.417
1116.851
1135.667
1116.661
1118.485
1122.475
1130.410
1134.689
1135.577
1137.193
1132.354
1131.163
1132.808
1132.808
1135.820
1139.594
1133.111
1133.368
1106.781
1107.080
1104.888
1110.005
1092.360
1095.798
1095.417
1097.021
1097.746
1093.718
1052.454
1029.892
1032.567
1031.777
1022.438
1025.688
1017.173
1012.578
1011.826
1009.829
1009.829
1006.729
1004.412
1004.522
1004.351
996.155
997.196
997.159
997.616
1006.911
1012.400
1013.423
1015.956
1016.027
1016.932
1032.743
1013.552
1016.750
1016.733
1014.499
1016.250
1015.801
1016.366
1017.120
1017.105
1016.959
992.443
992.382
983.880
983.750
982.761
974.990
980.198
975.485
973.732
974.108
960.180
960.756
960.748
959.378
959.407
959.339
959.694
952.179
951.826
949.207
944.343
944.733
943.987
937.566
936.332
948.944
948.873
941.935
945.145
912.493
904.677
903.474
907.322
895.639
896.310
897.386
891.125
880.964
881.916
881.480
881.480
897.588
886.514
878.949
877.832
877.861
877.934
879.697
887.686
878.019
873.051
873.051
873.148
874.859
869.892
872.149
867.468
872.029
872.204
866.556
865.735
865.688
871.173
867.730
865.519
868.159
865.997
865.550
841.649
840.607
840.760
840.278
835.064
837.326
835.064
835.064
834.187
817.545
816.439
818.238
818.247
816.465
813.607
814.595
813.653
813.572
814.531
816.281
842.547
813.572
813.676
814.416
814.263
811.780
824.414
811.421
811.421
807.921
808.615
811.343
807.926
809.154
807.692
800.461
799.312
798.878
799.776
785.160
785.734
770.185
770.253
776.813
769.072
765.107
757.881
757.843
758.460
757.743
776.287
757.593
728.917
728.895
728.400
728.400
728.045
728.071
724.978
724.259
692.525
687.823
688.760
688.229
685.416
685.592
687.852
683.976
683.976
684.018
682.234
683.774
725.632
683.155
682.207
682.434
681.065
680.765
680.160
679.913
679.509
679.509
680.170
677.763
678.132
677.854
677.581
677.635
674.262
675.247
673.805
666.417
666.414
666.417
666.507
667.634
665.680
665.233
664.765
664.936
664.160
666.140
664.508
664.329

Error results for SA10
---------------------------
1099.606
1099.606
1067.449
1060.605
1057.796
1068.684
1071.849
1072.335
1072.353
1075.080
1075.080
1075.125
1072.688
1072.637
1069.605
1069.878
1066.685
1066.743
1064.547
1070.600
1072.913
1072.913
1072.913
1074.940
1073.210
1073.162
1073.160
1073.147
1073.147
1073.555
1073.660
1073.881
1074.890
1062.698
1063.914
1039.009
1043.330
1040.895
1041.493
1043.243
1046.146
1057.905
1061.756
1072.011
1072.545
1078.951
1079.022
1086.761
1084.476
1085.288
1079.515
1079.515
1079.623
1077.317
1075.428
1078.553
1072.402
1073.094
1072.181
1072.440
1071.039
1050.825
1050.944
1050.944
1041.599
1042.391
1038.428
1046.152
1043.581
1042.377
1042.219
1041.096
1039.436
1018.691
1024.159
1026.192
1038.980
1041.001
1041.135
1040.747
1040.024
1041.370
1040.231
1040.971
1040.971
1038.340
1045.687
1044.837
1058.655
1062.775
1063.444
1064.509
1064.746
1065.428
1065.353
1052.500
1051.680
1051.486
1044.597
1047.214
1047.145
1057.164
1122.195
1130.125
1128.945
1124.850
1123.643
1121.534
1120.909
1132.578
1134.855
1135.605
1134.326
1159.051
1159.081
1159.004
1161.248
1130.007
1155.532
1158.375
1140.236
1144.449
1141.416
1150.092
1148.478
1149.770
1148.624
1144.568
1144.568
1142.814
1126.761
1112.693
1113.572
1116.720
1116.724
1112.410
1115.847
1126.978
1113.971
1122.060
1121.569
1109.711
1104.364
1098.975
1098.975
1093.357
1081.995
1081.995
1080.913
1084.514
1086.152
1086.184
1090.613
1093.277
1092.986
1092.537
1092.385
1092.385
1112.194
1112.194
1112.249
1113.930
1113.930
1114.807
1119.586
1117.217
1085.685
1084.366
1079.852
1079.687
1090.429
1089.382
1088.798
1099.987
1070.736
1039.298
1038.870
1038.476
1037.645
1037.335
1037.359
1037.698
1037.725
1040.222
1041.674
1007.792
1012.540
990.250
989.853
993.581
994.051
1003.437
1006.385
1001.989
1004.634
1008.938
1011.853
1009.905
1014.470
1032.203
1031.542
1031.542
1012.989
1006.698
1007.177
991.405
993.658
993.532
993.515
999.116
999.055
1001.476
999.271
1006.762
1009.975
1000.879
1000.932
990.112
990.005
990.005
991.377
996.376
990.027
982.420
984.264
992.018
1003.345
1003.345
1004.508
1004.588
999.303
1000.240
999.841
1001.622
1005.952
1005.873
997.601
1002.239
1002.239
996.323
996.321
996.332
996.245
1003.665
1002.909
990.662
991.183
991.183
979.819
983.917
992.331
992.863
993.970
993.970
997.709
996.406
997.410
1001.455
999.276
999.276
1014.263
1009.716
1002.626
1002.039
1038.858
948.781
952.598
954.018
951.057
962.426
946.348
947.196
946.982
946.948
948.185
949.417
949.343
948.601
948.793
948.572
947.664
947.664
940.663
940.705
938.767
936.307
936.900
941.533
941.085
940.213
936.917
938.928
938.828
939.037
945.517
936.659
934.451
935.503
939.562
935.165
940.861
938.041
937.755
936.497
936.607
928.354
912.285
909.885
913.284
915.058
915.341
918.370
918.843
907.669
907.559
908.229
909.594
910.869
908.605
908.468
907.630
907.993
893.394
894.680
894.515
891.292
880.409
883.667
882.024
882.024
882.041
879.981
896.604
882.357
879.867
880.547
880.547
880.559
879.184
873.774
872.044
909.633
871.411
871.153
869.999
870.111
842.338
842.410
842.358
857.998
842.410
838.404
837.133
837.336
832.090
830.766
822.955
832.060
822.116
821.980
824.103
821.748
816.190
814.281
812.756
811.900
812.491
827.623
813.705
805.631
805.631
799.193
800.521
801.190
799.171
797.252
797.132
805.968
804.668
797.046
796.762
796.698
796.805
796.681
795.915
796.032
795.369
796.551
795.369
785.467
785.820
785.652
785.275
784.141
793.270
793.613
786.100
785.275
791.272
785.369
789.134
792.624
784.116
746.017
750.149
744.409
744.947
754.026
745.953
744.991
756.483
744.409
736.034
736.675
736.018
736.018
740.709
748.526
736.653
739.332
738.610
735.968
732.271
733.334
732.151
732.115
735.597
731.235
736.261
732.115
730.267
729.979
769.263
729.766
729.735
728.247
728.255
732.124
728.675
721.639
724.713
724.563
721.817
721.742
738.488
720.218
720.626
719.989
720.667
718.056
713.368
718.246
713.979
719.001
708.941
703.509
704.376
705.311
704.404
699.130
700.209
696.934
697.310
696.639
696.133
693.225
692.590
699.556
692.590
693.876
693.431
692.191
694.430
692.735
693.668
742.551
690.215
691.049
689.722
694.319
685.849
690.474
686.194
683.153
683.461
682.508
682.079
680.518
676.027
677.282
677.492
674.910
686.935
675.596
673.462
670.283
670.269
666.231
666.231
676.950

--------------------------------------------
Results for SA1: 
--------------------------------------------
Correctly classified (TEST) 2287.0 instances.
Incorrectly classified (TEST) 1030.0 instances.
Percent correctly classified (TEST): 68.948%

Correctly classified (TRAIN)5506.0 instances.
Incorrectly classified (TRAIN) 2232.0 instances.
Percent correctly classified (TRAIN): 71.155%

Training time: 38.507 seconds
Testing time: 0.185 seconds

--------------------------------------------
Results for SA2: 
--------------------------------------------
Correctly classified (TEST) 2554.0 instances.
Incorrectly classified (TEST) 763.0 instances.
Percent correctly classified (TEST): 76.997%

Correctly classified (TRAIN)5988.0 instances.
Incorrectly classified (TRAIN) 1750.0 instances.
Percent correctly classified (TRAIN): 77.384%

Training time: 34.725 seconds
Testing time: 0.097 seconds

--------------------------------------------
Results for SA3: 
--------------------------------------------
Correctly classified (TEST) 2030.0 instances.
Incorrectly classified (TEST) 1287.0 instances.
Percent correctly classified (TEST): 61.200%

Correctly classified (TRAIN)4653.0 instances.
Incorrectly classified (TRAIN) 3085.0 instances.
Percent correctly classified (TRAIN): 60.132%

Training time: 35.565 seconds
Testing time: 0.100 seconds

--------------------------------------------
Results for SA4: 
--------------------------------------------
Correctly classified (TEST) 2195.0 instances.
Incorrectly classified (TEST) 1122.0 instances.
Percent correctly classified (TEST): 66.174%

Correctly classified (TRAIN)5099.0 instances.
Incorrectly classified (TRAIN) 2639.0 instances.
Percent correctly classified (TRAIN): 65.896%

Training time: 32.811 seconds
Testing time: 0.114 seconds

--------------------------------------------
Results for SA5: 
--------------------------------------------
Correctly classified (TEST) 2275.0 instances.
Incorrectly classified (TEST) 1042.0 instances.
Percent correctly classified (TEST): 68.586%

Correctly classified (TRAIN)5282.0 instances.
Incorrectly classified (TRAIN) 2456.0 instances.
Percent correctly classified (TRAIN): 68.261%

Training time: 32.996 seconds
Testing time: 0.093 seconds

--------------------------------------------
Results for SA6: 
--------------------------------------------
Correctly classified (TEST) 2478.0 instances.
Incorrectly classified (TEST) 839.0 instances.
Percent correctly classified (TEST): 74.706%

Correctly classified (TRAIN)5803.0 instances.
Incorrectly classified (TRAIN) 1935.0 instances.
Percent correctly classified (TRAIN): 74.994%

Training time: 32.818 seconds
Testing time: 0.091 seconds

--------------------------------------------
Results for SA7: 
--------------------------------------------
Correctly classified (TEST) 2562.0 instances.
Incorrectly classified (TEST) 755.0 instances.
Percent correctly classified (TEST): 77.238%

Correctly classified (TRAIN)5907.0 instances.
Incorrectly classified (TRAIN) 1831.0 instances.
Percent correctly classified (TRAIN): 76.338%

Training time: 32.847 seconds
Testing time: 0.097 seconds

--------------------------------------------
Results for SA8: 
--------------------------------------------
Correctly classified (TEST) 2320.0 instances.
Incorrectly classified (TEST) 997.0 instances.
Percent correctly classified (TEST): 69.943%

Correctly classified (TRAIN)5333.0 instances.
Incorrectly classified (TRAIN) 2405.0 instances.
Percent correctly classified (TRAIN): 68.920%

Training time: 28.990 seconds
Testing time: 0.063 seconds

--------------------------------------------
Results for SA9: 
--------------------------------------------
Correctly classified (TEST) 2524.0 instances.
Incorrectly classified (TEST) 793.0 instances.
Percent correctly classified (TEST): 76.093%

Correctly classified (TRAIN)5924.0 instances.
Incorrectly classified (TRAIN) 1814.0 instances.
Percent correctly classified (TRAIN): 76.557%

Training time: 26.018 seconds
Testing time: 0.106 seconds

--------------------------------------------
Results for SA10: 
--------------------------------------------
Correctly classified (TEST) 2519.0 instances.
Incorrectly classified (TEST) 798.0 instances.
Percent correctly classified (TEST): 75.942%

Correctly classified (TRAIN)5882.0 instances.
Incorrectly classified (TRAIN) 1856.0 instances.
Percent correctly classified (TRAIN): 76.014%

Training time: 25.981 seconds
Testing time: 0.067 seconds