Error results for SA1
---------------------------
1035.991
1040.449
1036.846
1036.103
1036.258
1044.687
1031.864
1031.983
1035.075
1035.217
1039.568
1039.568
1040.577
1038.565
1038.382
1038.639
1032.983
1036.292
1026.507
1024.110
1024.110
1024.543
1026.085
1017.656
1022.285
1017.530
1017.505
1019.905
1021.978
1017.098
1015.168
1015.160
1014.473
1015.412
1019.392
1011.721
1006.908
1006.501
1014.648
1006.629
1019.690
1006.783
1003.024
1004.101
1002.989
1002.328
1012.134
1002.788
1001.979
1000.876
999.452
999.051
990.130
989.569
993.811
986.682
997.997
986.696
988.573
983.860
982.846
982.846
982.724
981.925
966.271
966.948
966.347
968.704
965.788
965.392
962.038
960.256
959.696
934.037
932.038
931.744
931.744
931.415
934.550
931.872
949.125
934.700
931.415
932.000
933.801
929.017
933.816
927.265
929.047
930.009
927.546
926.932
935.365
940.691
927.322
926.488
922.723
922.262
923.208
921.427
913.918
907.756
915.914
910.247
914.735
908.585
907.942
913.514
906.747
906.452
918.536
905.631
910.816
921.907
906.947
902.235
903.850
903.750
903.293
901.772
909.428
901.709
898.022
906.602
897.645
897.029
897.520
909.574
901.466
887.657
887.657
889.796
887.657
895.799
886.574
893.125
889.631
884.418
881.810
901.057
883.414
880.243
879.519
868.385
860.258
860.258
860.226
858.696
856.235
857.298
856.458
857.572
855.860
854.820
855.986
854.643
852.576
852.428
853.475
852.936
855.293
856.359
856.442
855.584
859.605
875.527
852.185
851.185
849.370
848.546
848.436
848.274
848.517
822.997
825.007
813.163
813.177
814.225
812.610
812.581
810.931
810.931
810.917
811.222
810.963
809.846
810.294
809.846
809.832
809.743
809.313
807.647
809.002
807.636
808.957
803.312
803.312
803.350
802.664
781.699
773.374
768.792
769.102
771.045
769.664
770.950
772.306
767.910
768.615
767.731
760.661
760.788
762.783
760.669
760.520
767.725
750.172
759.245
752.292
744.326
749.400
752.148
743.314
743.258
745.722
743.271
747.533
735.439
735.285
732.650
733.402
732.598
732.648
730.033
723.789
725.315
723.826
722.397
722.642
717.104
721.101
709.428
709.597
709.112
710.307
707.747
707.716
710.607
708.182
702.357
704.055
700.690
701.871
703.545
701.192
700.522
699.235
677.462
678.388
677.148
677.111
676.238
685.558
675.712
664.924
665.188
665.774
664.916
666.863
662.038
664.006
663.340
662.038
665.182
662.031
647.269
646.889
656.966
646.889
646.958
647.871
652.608
633.682
633.721
644.480
638.284
625.937
625.394
625.394
625.768
628.927
625.394
625.458
625.377
629.454
625.591
628.325
624.902
623.134
624.312
622.615
625.100
644.960
622.521
622.037
621.910
627.291
621.833
631.378
630.415
627.217
621.327
623.399
618.980
617.690
623.203
619.214
617.623
617.641
619.201
617.391
622.459
622.530
617.787
617.246
617.213
615.887
612.856
612.188
619.053
611.388
611.388
611.077
610.546
610.387
607.813
607.554
607.627
607.003
601.519
601.284
601.184
603.412
597.865
595.726
595.869
595.584
595.668
596.036
595.945
595.674
595.620
595.593
595.578
595.584
595.511
607.110
595.531
594.860
594.641
594.287
594.417
592.362
588.987
595.998
589.141
590.683
589.050
588.667
576.612
576.986
577.187
580.315
577.808
576.642
577.457
577.064
576.612
571.028
567.008
569.251
567.321
564.644
564.634
566.186
564.716
564.541
564.622
564.637
566.078
565.925
571.306
564.944
563.710
549.446
549.533
549.487
550.862
549.446
547.275
546.236
549.817
546.934
547.222
546.409
546.344
546.306
546.102
533.040
533.423
534.750
533.448
533.220
535.911
533.437
532.842
533.184
534.940
533.312
534.198
520.478
511.942
512.737
512.638
511.804
511.804
512.844
509.422
509.822
509.792
509.907
512.369
509.422
509.454
507.818
509.273
508.014
507.588
506.744
507.817
505.288
503.838
505.538
504.031
503.939
504.102
505.225
510.711
516.390
503.838
504.191
503.845
503.583
513.711
503.429
503.816
503.429
502.159
503.171
499.416
499.308
499.587
499.898
499.963
494.641
494.885
495.923
495.119
495.132
494.484
494.678
496.054
498.765
493.518
493.642
493.307
495.397
492.820
492.825
483.481
483.887
483.541
483.767
482.370
482.348
482.967
481.818
481.347
483.062
482.333
482.083
486.867
482.083
483.731
470.091
469.997
466.977
466.992
467.098
466.990

Error results for SA2
---------------------------
1115.117
1116.960
1115.008
1114.259
1112.668
1195.463
1194.883
1194.675
1194.465
1194.800
1201.037
1205.413
1204.745
1199.017
1199.268
1201.259
1188.503
1189.912
1185.761
1185.705
1183.961
1183.416
1180.031
1179.031
1178.772
1177.742
1176.087
1172.142
1172.592
1164.939
1162.684
1164.002
1162.744
1162.749
1162.184
1162.498
1162.534
1158.609
1158.390
1155.424
1152.482
1160.868
1152.888
1151.561
1151.561
1150.003
1137.118
1136.566
1123.544
1124.115
1121.178
1091.502
1086.626
1084.505
1083.796
1082.841
1082.841
1082.908
1082.841
1083.061
1081.804
1080.629
1083.002
1080.616
1070.423
1072.252
1071.066
1082.925
1073.135
1068.961
1068.961
1068.569
1068.626
1068.598
1063.167
1059.177
1061.205
1057.391
1057.207
1056.529
1050.724
1050.163
1042.637
1018.732
1018.304
1019.520
1015.402
1016.046
1035.755
1025.228
1017.300
1015.402
1006.972
1006.972
984.281
982.917
984.505
983.445
984.888
981.476
981.703
977.409
981.387
979.418
990.506
975.025
996.984
969.252
969.222
970.645
970.248
965.139
963.748
962.191
958.415
971.705
963.724
959.327
965.770
953.442
950.254
950.254
952.273
941.385
940.620
944.876
943.425
940.844
946.636
939.009
938.412
950.578
938.622
951.274
938.486
938.519
936.364
936.478
935.994
936.327
931.731
931.336
933.127
928.209
928.238
927.592
927.824
933.223
929.169
923.324
923.840
920.001
925.835
919.829
919.838
929.847
918.824
919.349
918.196
920.608
918.923
916.958
917.712
914.239
914.311
909.168
908.671
908.578
910.289
909.705
913.058
899.035
896.612
892.331
877.533
877.533
876.610
891.187
876.654
878.344
874.496
874.868
874.264
873.311
875.153
859.898
861.833
863.693
861.027
859.304
859.303
858.796
853.504
853.504
861.545
852.025
851.215
848.431
837.818
839.999
833.500
833.138
836.398
834.383
833.191
829.562
836.959
828.889
828.908
825.344
825.390
822.819
822.571
821.875
824.697
826.329
812.031
812.035
817.035
808.107
808.023
809.920
808.896
804.689
803.691
804.014
802.485
802.506
806.684
805.890
810.662
811.610
803.823
798.712
803.501
798.040
802.590
795.859
829.633
794.009
794.438
801.695
793.056
803.696
793.500
795.209
794.655
793.801
808.930
795.541
795.687
789.121
792.494
789.121
790.935
789.121
794.371
796.718
787.161
788.865
792.062
788.942
786.648
785.654
784.022
783.142
782.869
783.140
781.367
777.434
781.791
788.323
810.952
777.428
774.797
773.849
773.780
773.613
773.832
772.002
770.597
770.308
770.298
782.371
779.486
771.679
770.592
769.422
769.806
768.056
767.397
773.667
767.618
777.721
776.136
767.397
764.343
767.553
764.343
764.584
761.459
761.349
758.238
758.932
758.304
758.612
757.865
758.051
762.760
758.014
760.296
758.098
755.521
755.338
755.338
757.644
754.218
754.900
760.482
752.979
750.823
757.770
750.752
751.024
750.899
752.158
756.131
749.620
752.035
750.873
756.777
749.620
749.615
751.295
747.454
762.227
746.719
746.871
746.882
746.213
749.874
746.213
743.906
743.182
742.036
743.433
741.378
744.074
742.609
742.065
742.448
741.687
743.371
736.792
739.616
740.883
736.792
742.615
740.851
741.821
737.546
739.506
737.593
729.109
729.806
721.028
746.985
719.228
721.067
716.763
715.897
716.342
715.996
727.986
709.642
709.462
713.424
710.134
710.067
708.143
710.359
710.450
708.143
708.483
708.098
719.057
706.355
706.929
706.012
705.576
706.687
707.659
699.428
700.692
699.367
701.253
699.295
700.880
698.762
697.651
696.593
699.988
706.231
698.446
696.631
694.867
691.344
691.344
693.145
688.969
692.344
689.053
690.161
689.344
688.608
687.428
687.452
694.395
691.301
694.723
686.939
690.028
682.699
684.587
672.720
662.911
662.785
662.609
667.902
662.503
662.752
664.546
661.815
662.355
661.253
664.830
658.951
658.955
658.153
664.412
657.095
659.663
655.743
655.750
655.743
656.223
652.589
667.513
655.334
666.893
665.595
654.229
652.589
654.293
651.188
650.240
650.021
718.104
650.367
651.815
649.472
650.468
649.455
650.515
656.652
649.455
649.541
644.617
644.568
643.884
643.529
645.392
642.814
642.991
642.149
642.795
643.808
642.986
642.563
644.779
643.300
642.330
642.149
638.811
638.363
638.809
639.283
638.363
639.540
643.585
638.188
625.898
627.045
625.898
623.601
630.084
624.610
618.369
618.568
624.538

Error results for SA3
---------------------------
1168.422
1167.831
1167.656
1151.062
1138.889
1143.620
1144.709
1157.488
1148.691
1217.869
1226.961
1217.869
1218.644
1237.693
1215.161
1223.180
1215.309
1213.807
1169.468
1173.840
1166.751
1164.963
1165.662
1166.345
1172.840
1167.504
1164.319
1164.337
1162.674
1167.072
1162.804
1159.023
1163.676
1148.401
1147.921
1148.223
1148.035
1140.289
1140.289
1140.593
1132.028
1131.947
1133.318
1140.492
1126.323
1122.279
1127.165
1128.073
1122.281
1122.820
1123.025
1120.575
1117.962
1117.368
1117.343
1108.679
1110.122
1083.697
1082.372
1087.463
1076.896
1080.854
1076.416
1047.911
1047.097
1039.440
1037.606
1040.746
1037.712
1040.074
1028.087
1027.169
1026.350
1025.401
1025.256
1024.392
1022.613
1019.942
1019.455
1018.007
1016.284
1016.896
1017.633
1016.913
1021.563
1009.734
1009.166
1003.730
1004.363
1005.065
1003.269
989.358
989.358
987.570
988.203
978.433
978.308
977.427
979.100
977.431
984.410
979.899
977.730
975.786
976.134
975.766
975.766
996.161
976.144
974.216
976.039
974.216
973.857
974.157
974.874
971.861
971.861
976.641
950.114
954.341
952.291
951.790
955.029
950.233
951.215
950.114
955.778
950.196
952.243
937.452
937.358
937.082
937.028
937.028
966.298
934.136
922.015
925.129
922.015
920.465
926.989
919.654
921.732
923.823
916.843
917.022
918.336
901.630
901.433
902.129
901.486
901.855
906.786
895.944
896.880
895.787
891.337
888.403
889.247
889.538
893.346
888.431
885.455
885.455
894.521
886.712
892.534
883.512
883.034
883.033
883.262
883.093
871.684
871.556
865.885
872.895
866.719
868.089
867.985
856.164
860.834
857.185
856.676
859.358
848.947
848.947
856.928
849.824
848.919
850.704
847.169
816.714
824.043
813.641
813.636
814.180
813.631
815.554
812.821
812.145
812.134
812.177
812.174
813.056
812.063
812.063
811.967
818.652
813.084
812.005
811.683
811.882
807.142
812.381
807.235
806.323
803.279
802.536
803.374
802.442
802.340
796.132
795.497
798.772
795.497
791.917
793.154
793.091
791.917
790.237
791.801
791.463
790.297
796.657
790.010
790.018
790.010
788.727
791.409
788.727
790.950
785.658
779.264
780.086
778.517
778.869
781.001
789.753
781.474
775.690
772.761
772.952
766.709
768.776
766.672
762.948
762.746
762.460
766.907
764.020
763.148
760.696
758.054
755.721
742.978
742.814
742.671
746.256
743.589
742.335
739.931
733.456
735.653
730.095
729.170
729.354
729.530
738.466
734.073
733.167
728.607
729.600
727.041
727.774
727.238
726.534
726.534
722.136
722.780
724.191
724.427
721.194
721.641
721.839
721.194
721.178
720.494
719.419
718.432
717.965
714.317
715.375
711.177
710.895
713.165
717.543
711.177
711.566
711.962
717.662
711.239
713.951
715.841
709.799
709.938
718.222
713.547
709.799
710.218
708.107
710.480
708.107
708.133
716.442
707.485
697.860
698.253
697.944
700.837
704.171
698.062
697.922
697.922
708.453
695.809
694.214
702.518
690.031
691.447
690.106
712.955
687.232
687.200
686.819
687.687
687.513
687.200
686.309
686.321
690.479
688.176
686.434
686.309
687.548
687.591
688.232
683.613
683.613
683.258
684.396
682.348
678.862
678.977
680.558
677.709
677.445
676.498
676.038
690.470
676.628
685.523
675.122
675.204
676.309
675.165
673.407
678.888
673.576
673.464
673.407
673.394
673.394
671.251
684.827
670.230
670.942
665.920
665.537
665.537
666.677
665.706
669.837
673.910
663.419
662.894
661.887
661.960
661.940
658.463
659.745
651.772
655.530
651.533
650.873
655.543
685.366
649.745
651.570
651.803
649.868
649.625
650.262
648.154
652.574
647.722
648.205
648.076
649.327
647.791
634.868
634.459
633.241
631.769
632.783
632.042
634.136
631.873
631.026
635.343
630.811
631.026
632.642
633.606
631.828
631.307
632.495
636.804
630.663
632.540
630.663
632.171
630.677
633.005
638.699
630.677
629.447
626.496
626.496
625.244
625.801
622.015
615.231
613.784
612.386
613.756
614.856
613.482
614.188
612.392
614.879
615.318
612.151
611.514
611.193
603.978
605.401
604.252
604.028
603.981
603.630
598.943
598.897
597.335
590.634
594.331
591.026
590.355
591.245
592.268
590.402
592.085
593.469
589.841
589.777
589.859
587.579
587.485
589.581
587.126
584.109
586.301
585.185
583.427
581.489
579.901
580.618
576.546
577.661
576.673
577.480

Error results for SA4
---------------------------
1067.261
1067.801
1067.516
1064.442
1066.337
1066.270
1060.969
1064.053
1061.426
1061.507
1058.233
1053.030
1054.736
1054.861
1053.090
1053.030
1053.030
1047.854
1040.247
1039.362
1041.921
1039.530
1037.950
1036.666
1043.892
1037.923
1036.666
1037.171
1038.694
1037.101
1041.979
1046.147
1036.666
1036.694
1036.477
1038.458
1011.693
1012.216
1005.731
1005.092
1027.491
1006.170
1009.353
998.350
1000.235
998.293
998.224
998.504
997.040
1010.241
1001.280
990.718
990.699
992.194
989.401
991.614
989.672
989.817
989.920
989.729
989.823
989.615
990.047
997.217
993.860
993.370
988.319
992.207
978.387
978.578
981.481
978.168
987.399
978.581
978.168
1003.569
978.168
980.186
978.130
978.130
977.859
977.276
977.276
977.994
987.887
976.741
974.215
976.368
974.769
968.755
952.637
952.944
951.548
949.981
950.188
949.981
949.791
952.123
949.936
953.063
949.523
947.859
947.350
947.350
945.893
936.504
938.329
936.480
936.869
936.535
935.254
936.151
935.028
935.674
935.993
935.674
932.744
932.744
934.412
933.365
933.365
933.813
933.052
933.072
932.194
938.244
921.772
923.289
937.080
918.496
918.733
918.116
921.856
918.519
918.459
918.278
918.130
918.579
918.318
919.265
911.919
910.966
911.404
910.966
910.206
911.527
910.966
912.908
904.328
903.704
908.752
898.660
898.203
898.022
895.347
896.254
893.694
900.297
893.818
893.818
894.314
893.818
898.358
894.816
881.009
881.087
880.734
881.553
881.409
880.654
879.407
874.579
874.689
869.673
866.840
866.469
866.380
866.074
863.644
865.800
864.886
864.991
863.644
863.995
864.802
864.427
862.066
862.605
860.918
862.199
859.060
859.822
858.887
858.636
858.636
853.907
853.940
853.903
853.903
855.445
853.903
853.137
855.909
859.886
854.775
853.137
853.464
853.531
852.048
845.645
845.645
840.044
840.706
841.671
822.576
820.981
830.345
826.528
820.985
821.498
823.522
820.530
819.871
820.283
827.561
823.806
820.202
825.448
820.868
807.065
796.612
796.872
797.324
794.864
794.698
793.812
803.455
794.873
791.031
789.806
789.741
789.805
791.129
765.497
775.813
766.544
769.465
764.454
763.405
757.346
757.346
759.318
748.436
748.038
748.436
750.219
748.944
748.983
747.950
748.025
745.379
745.379
744.560
744.727
744.370
744.208
751.119
746.347
744.719
744.215
744.198
742.876
731.886
732.094
731.897
730.571
730.043
731.403
722.770
721.524
722.054
719.921
719.969
719.881
719.881
719.718
720.268
704.368
704.368
704.102
704.797
703.711
703.967
702.289
703.053
702.098
702.289
702.301
703.624
707.458
703.535
714.532
701.763
705.067
701.862
702.353
703.207
702.256
702.885
706.923
701.049
701.807
701.134
695.228
695.202
695.563
694.699
686.764
686.764
676.627
678.591
676.861
687.393
679.396
680.965
672.006
672.474
672.770
671.959
673.399
670.662
670.728
670.590
655.091
656.243
660.607
655.100
655.527
655.100
657.444
655.306
654.764
656.184
654.044
653.595
654.461
653.593
653.305
653.271
659.823
656.297
653.271
653.972
654.438
653.263
653.309
653.836
653.959
653.263
651.054
651.054
651.255
680.419
656.103
651.054
651.054
651.596
651.352
649.590
652.220
648.088
643.653
642.302
642.032
643.476
638.702
649.543
638.735
640.429
633.826
633.106
633.106
639.862
633.951
633.561
623.492
628.283
622.749
623.052
621.970
622.370
625.087
625.591
621.629
621.457
621.226
622.410
620.708
619.614
619.440
619.397
619.061
619.122
616.522
616.610
616.997
616.624
615.107
619.158
615.338
614.538
614.565
614.346
615.100
614.444
614.463
623.249
610.379
607.711
608.378
601.444
601.022
599.136
599.562
598.737
598.975
599.089
602.677
599.105
599.322
598.255
598.255
602.006
597.270
596.329
596.108
596.294
594.848
594.772
594.841
591.076
591.081
587.373
587.793
587.363
587.197
586.984
597.422
586.886
587.304
582.645
585.020
582.163
584.404
582.645
581.865
583.400
587.335
580.986
578.983
596.703
581.244
581.354
579.127
581.248
581.282
579.228
582.381
579.999
578.493
578.143
578.079
578.108
578.079
579.040
580.856
579.304
571.760
578.494
572.341
571.801
573.351
571.744
572.462
571.572
571.562
570.419
570.889
568.786
568.738
568.793
573.730
567.797
572.507
569.385
577.920
565.298
563.210
562.393
562.971

Error results for SA5
---------------------------
1083.884
1090.252
1100.158
1100.158
1098.357
1097.699
1097.368
1093.084
1088.964
1088.954
1090.736
1087.323
1090.002
1088.497
1090.435
1089.876
1093.650
1087.647
1089.049
1089.480
1069.614
1069.901
1076.898
1069.965
1065.997
1058.935
1058.986
1073.047
1059.384
1057.395
1056.634
1063.925
1056.715
1064.057
1057.912
1066.638
1058.669
1056.581
1058.776
1062.363
1056.637
1056.631
1055.948
1055.446
1059.976
1047.841
1032.676
1035.286
1031.679
1031.447
1031.297
1032.010
1027.013
1026.966
1025.564
1026.420
1032.731
1026.985
1025.950
1024.294
1025.805
1023.518
1021.648
1031.594
1023.526
1021.648
1017.797
1018.339
989.730
990.864
990.673
985.627
985.097
984.522
984.910
987.094
984.527
989.690
986.276
970.978
970.978
962.826
961.862
962.577
962.048
964.181
961.862
970.934
960.276
960.276
957.462
957.230
950.880
950.609
949.186
952.180
950.419
957.250
949.453
959.292
948.541
937.330
937.008
937.351
936.996
935.100
926.482
925.725
926.455
925.519
928.657
929.278
925.482
924.659
922.434
915.761
914.972
914.535
915.144
914.535
912.976
912.681
945.146
920.775
919.035
912.721
912.144
911.896
915.565
912.156
913.082
912.622
911.906
911.699
903.730
903.863
903.843
903.530
903.530
913.062
899.600
898.803
898.803
900.574
897.981
897.774
897.110
895.000
895.558
901.119
899.804
893.912
893.603
893.451
893.476
893.457
904.625
893.409
894.144
894.064
894.484
896.927
886.799
883.548
874.805
873.514
872.441
871.204
871.204
882.962
879.619
868.183
868.498
868.164
866.826
865.996
858.559
860.884
852.330
851.892
852.330
852.881
851.450
839.481
837.466
829.174
828.210
828.584
825.654
818.463
814.543
814.261
814.288
814.220
813.865
816.164
815.208
808.638
808.084
806.491
796.431
799.402
798.953
796.431
796.774
795.996
812.371
810.766
795.995
794.087
796.468
789.533
789.401
794.725
788.692
788.599
785.484
784.339
780.085
780.134
768.912
769.698
769.061
769.444
770.960
768.888
771.730
770.354
768.888
768.995
769.097
768.880
770.873
767.537
768.742
767.511
764.368
764.368
765.464
764.368
759.899
760.029
763.305
759.877
767.466
759.404
759.877
759.877
760.092
761.452
760.243
766.696
759.782
761.025
758.702
749.581
748.701
756.964
749.555
747.685
751.597
747.882
743.387
742.923
743.346
743.508
740.184
743.885
739.086
756.870
732.528
734.242
733.012
732.625
757.210
735.445
731.016
721.524
719.018
719.018
719.457
719.343
714.696
717.447
714.696
714.484
715.795
716.128
714.484
711.771
718.392
751.882
713.780
711.722
709.937
707.997
710.046
710.869
704.917
706.463
704.133
708.676
697.332
686.394
686.943
686.356
686.466
686.068
685.998
686.367
684.552
684.559
677.622
679.930
675.568
674.205
674.205
674.291
676.143
672.126
676.432
679.995
670.565
674.832
672.153
672.126
669.047
669.029
668.878
667.730
667.730
666.025
664.944
663.969
663.969
663.910
664.138
678.252
664.712
661.993
660.174
664.739
677.720
661.012
662.528
667.009
660.530
661.805
661.358
719.660
660.174
662.373
660.205
660.833
658.729
659.341
655.753
655.802
661.288
661.763
655.907
652.934
647.280
647.933
646.510
647.874
645.141
667.383
645.718
646.152
645.156
646.449
645.438
642.317
641.593
643.537
640.581
638.878
638.677
637.921
634.233
659.708
635.603
632.744
613.819
619.667
613.724
621.577
613.159
614.420
619.623
613.159
613.348
612.469
612.025
612.609
614.429
618.054
609.712
614.256
608.029
608.029
609.056
608.028
607.333
611.612
607.333
605.199
605.199
605.598
605.707
608.372
605.199
611.097
605.641
607.589
608.819
606.210
605.463
605.242
604.781
604.832
606.311
605.545
604.832
603.484
603.153
603.871
605.288
603.207
602.392
602.068
600.605
603.853
600.169
600.544
600.362
597.744
597.700
612.208
597.610
597.073
597.516
595.170
599.134
574.247
574.070
576.516
580.344
574.022
572.707
572.834
574.567
573.931
573.931
573.512
573.230
573.278
573.025
580.743
595.969
573.021
573.830
572.937
573.110
595.662
577.532
571.653
571.442
563.880
563.720
566.502
577.860
564.880
563.563
562.378
563.003
561.971
561.602
561.962
554.353
552.399
551.793
551.793
551.603
551.780
552.099
555.735
544.983
545.885
551.782
545.398
544.459
544.269
544.295
544.253
544.344
549.160
548.737
548.793

Error results for SA6
---------------------------
1138.451
1138.451
1134.505
1133.884
1130.416
1136.654
1127.025
1127.025
1126.823
1129.214
1129.419
1129.147
1129.291
1126.601
1125.543
1125.025
1125.025
1134.636
1127.162
1125.622
1130.100
1126.975
1126.503
1127.783
1125.433
1122.610
1120.919
1121.373
1122.034
1121.655
1118.218
1117.007
1119.051
1120.003
1118.964
1110.401
1106.276
1106.039
1102.559
1102.484
1102.692
1099.117
1096.679
1093.869
1090.652
1090.677
1093.644
1091.594
1085.226
1107.962
1085.196
1084.940
1086.603
1087.316
1079.026
1074.885
1074.363
1074.374
1074.363
1073.288
1071.291
1056.501
1056.443
1054.020
1051.993
1065.463
1052.188
1046.235
1046.109
1046.116
1045.870
1031.970
1023.569
1023.569
1019.367
1018.699
1013.435
1021.413
1012.599
1003.631
1005.436
1003.662
1003.631
1001.390
1001.299
1002.572
1000.023
995.470
987.472
984.372
980.861
994.685
974.704
976.113
971.379
960.674
961.719
977.056
973.341
961.506
961.415
958.154
957.749
951.545
952.492
952.944
934.380
931.097
931.195
946.485
931.097
926.107
922.518
924.187
913.236
902.663
889.965
895.211
900.102
897.078
881.541
883.530
871.254
865.546
865.470
864.577
864.397
879.665
864.542
861.512
862.711
859.374
859.629
858.458
860.057
862.009
855.534
855.534
857.665
855.991
838.290
834.713
836.139
831.479
833.603
838.380
831.541
836.757
832.902
830.866
840.007
832.991
838.216
829.917
826.673
826.673
839.003
826.658
837.649
830.539
816.897
814.811
814.759
807.652
807.183
807.170
806.346
806.772
804.047
803.768
796.208
796.868
796.189
796.639
794.311
794.250
794.622
793.893
793.843
788.819
788.722
788.722
783.641
784.793
783.342
785.290
796.307
781.041
787.757
779.397
777.020
780.841
774.665
771.895
772.506
771.680
772.920
771.745
769.715
772.834
774.507
769.715
769.818
772.128
766.763
768.233
769.246
767.403
784.680
765.663
767.087
765.530
765.311
765.311
775.389
765.129
749.002
755.783
748.458
751.380
747.942
747.132
738.014
738.027
738.251
732.911
734.698
733.458
736.701
732.911
730.283
718.944
717.279
728.516
716.693
714.055
713.482
709.708
709.785
710.959
714.986
687.942
688.322
687.713
687.365
689.677
688.099
688.000
687.340
686.747
686.230
684.929
678.833
678.508
677.773
674.472
674.615
674.373
673.791
674.498
673.359
670.636
670.848
671.247
671.126
734.258
669.871
691.857
670.019
669.871
669.451
670.463
673.635
669.451
673.383
669.355
668.170
668.304
667.984
670.053
689.112
663.834
663.755
673.782
665.331
660.346
655.774
654.950
653.360
653.677
653.385
655.988
648.512
652.850
646.829
645.123
645.179
642.473
642.857
650.823
643.658
642.275
625.625
655.030
622.589
620.894
620.717
622.632
620.717
620.155
628.017
622.395
620.023
623.121
620.023
619.058
620.186
619.058
607.664
608.639
609.158
607.664
607.165
609.874
607.174
606.977
610.072
604.716
604.716
605.661
605.627
607.675
603.725
603.966
605.157
608.890
603.982
604.634
607.094
603.744
601.456
604.938
599.535
610.575
603.611
596.416
599.386
598.250
574.870
575.966
574.752
572.111
571.845
579.840
572.093
571.845
584.244
571.649
573.445
571.492
571.862
573.228
572.487
570.607
585.647
589.285
580.832
577.961
573.629
570.607
569.716
569.602
569.667
570.052
569.975
570.706
569.967
567.887
568.884
568.797
574.721
568.199
567.923
569.251
570.592
559.521
561.767
556.520
555.838
558.656
556.935
563.288
559.039
557.943
555.956
556.377
554.750
552.620
552.617
552.490
553.398
552.274
554.010
551.095
549.400
549.256
554.254
562.786
552.522
553.897
549.258
548.773
550.539
550.558
549.283
553.305
551.458
546.101
545.728
545.728
545.756
550.111
545.691
547.383
551.096
549.309
543.656
550.577
547.737
543.746
556.236
543.727
543.982
544.149
543.603
546.063
543.524
550.028
543.205
543.173
543.730
543.296
543.222
548.256
542.614
546.339
542.985
542.528
540.187
543.044
549.555
540.534
537.351
523.692
527.158
523.490
525.254
531.209
521.173
523.103
523.061
520.168
522.184
518.209
518.209
517.214
517.236
515.520
516.256
517.556
508.663
508.303
508.303
509.903
528.677
513.318
508.460
508.287
508.456
508.305
509.680
508.193
508.531
511.124
512.542
508.063
509.050
510.036
507.977
508.276
511.271
508.677
507.903
508.131
508.309
507.820
507.227
507.040
506.192
505.261

Error results for SA7
---------------------------
931.941
932.207
932.455
931.530
929.219
929.293
929.748
929.748
929.764
929.334
929.184
929.384
928.358
930.882
928.146
928.146
926.785
927.790
927.387
927.127
926.556
918.800
918.103
914.252
914.252
913.982
914.083
914.391
915.715
915.441
921.555
896.144
894.013
893.840
896.863
894.011
893.959
893.558
885.060
886.470
893.401
886.522
885.168
888.035
875.910
862.886
871.443
862.724
862.885
868.389
861.827
850.531
850.320
850.024
859.497
850.988
848.165
844.802
843.607
843.607
841.588
841.591
838.332
845.291
840.773
838.332
838.369
835.126
830.183
826.229
827.586
836.292
833.719
826.582
830.142
828.589
827.613
829.135
825.626
825.699
843.975
824.961
824.272
824.363
824.762
824.886
828.703
825.938
845.043
820.901
820.984
824.242
820.901
823.032
822.411
820.046
830.319
819.530
819.756
825.973
846.423
816.138
818.725
821.550
813.750
821.397
815.698
809.919
807.149
807.047
808.028
807.165
807.047
809.763
807.066
807.047
809.786
807.086
806.969
805.447
806.682
804.920
804.599
801.868
799.086
797.812
794.411
799.070
794.398
791.859
795.270
789.035
796.741
788.620
798.091
799.427
783.278
789.340
783.458
790.666
773.270
778.059
770.885
773.333
770.407
770.127
770.120
769.124
775.658
771.130
778.671
769.410
771.481
768.413
770.275
769.122
768.510
767.171
764.544
759.858
763.386
759.858
759.158
759.152
759.354
759.552
754.925
766.361
753.905
761.119
754.522
754.912
749.859
748.145
748.100
747.521
750.566
760.101
749.387
747.574
748.424
749.307
745.452
749.981
749.244
745.477
744.911
744.821
743.416
741.920
751.860
742.036
743.332
749.855
738.615
742.240
733.972
733.972
751.953
732.280
746.867
734.253
736.538
731.744
696.880
699.947
698.020
696.568
697.422
690.336
690.336
690.358
692.022
692.081
690.185
692.494
691.599
690.200
675.796
677.112
668.518
668.513
668.296
680.838
666.893
666.578
666.056
666.058
666.043
665.615
666.294
665.259
665.248
665.227
664.782
665.002
686.866
665.108
662.909
662.991
660.913
660.753
660.720
660.846
664.346
666.884
664.835
665.007
665.250
663.239
663.171
658.051
658.987
657.965
658.355
657.356
657.109
651.654
653.776
651.630
654.377
650.563
657.609
651.575
649.608
649.637
649.781
653.662
651.283
644.064
641.783
642.148
635.910
635.161
629.606
629.004
630.473
629.019
627.842
630.959
625.367
620.574
622.354
620.103
619.658
619.662
623.873
619.653
619.800
619.718
619.763
618.713
619.716
620.102
618.713
620.474
639.251
618.713
618.918
618.662
617.804
620.398
618.112
626.282
617.966
617.937
621.250
618.004
615.947
615.947
614.861
620.454
614.593
614.793
617.009
614.658
614.795
613.045
613.159
613.166
619.689
620.655
613.045
612.863
612.183
612.477
612.537
614.071
615.789
616.679
615.286
610.607
612.203
628.350
609.373
610.244
606.064
600.548
603.148
601.264
601.239
601.415
600.135
593.784
594.126
592.249
592.428
593.151
597.434
584.855
569.554
569.579
575.005
569.945
567.713
566.088
568.560
566.052
567.400
566.095
566.358
565.861
565.487
565.861
536.612
536.906
535.463
535.463
535.448
535.480
535.886
535.355
536.491
535.398
534.950
535.198
534.950
533.604
533.481
535.828
533.398
535.779
533.398
533.984
533.137
536.962
533.399
533.330
533.337
534.858
543.017
532.991
532.991
532.002
530.934
530.910
530.515
533.422
540.115
531.507
530.475
531.369
530.862
528.435
520.181
502.881
504.736
492.705
487.631
488.041
490.206
487.993
487.693
484.556
484.494
486.029
480.144
481.174
479.184
480.498
478.990
490.445
477.801
478.195
476.729
477.617
475.679
475.679
478.206
475.932
475.932
476.015
475.945
476.034
480.618
480.376
476.593
476.363
476.538
478.455
476.356
478.063
473.948
473.948
474.349
473.235
473.704
472.829
472.697
472.285
468.602
467.278
467.822
467.382
465.628
467.597
466.653
466.381
462.007
463.067
459.574
459.577
460.908
459.578
461.234
509.557
459.537
463.141
461.058
459.506
460.906
459.873
449.042
452.292
445.270
445.207
445.207
439.802
441.651
441.081
439.785
439.807
439.812
439.943
439.785
438.869
438.967
438.843
437.676
438.245
438.828
448.050
437.159
437.071
437.107
443.420
436.417
437.824
435.031
434.986

Error results for SA8
---------------------------
1084.553
1084.066
1083.987
1083.496
1079.821
1079.821
1082.902
1092.213
1092.213
1092.121
1102.414
1102.414
1102.414
1097.963
1096.781
1094.964
1094.918
1094.805
1097.680
1107.107
1093.908
1094.050
1093.256
1091.062
1093.503
1088.269
1090.620
1088.009
1096.461
1089.229
1088.457
1089.750
1102.597
1095.262
1089.688
1094.285
1088.466
1088.009
1088.009
1084.265
1085.553
1088.139
1095.261
1083.561
1083.720
1086.438
1076.885
1090.003
1076.932
1076.979
1074.375
1073.700
1073.612
1073.318
1073.318
1083.251
1074.235
1073.820
1071.576
1072.278
1071.433
1074.876
1070.845
1071.644
1070.398
1067.308
1065.707
1065.707
1068.685
1055.178
1059.567
1061.237
1056.190
1051.897
1052.537
1052.271
1050.285
1050.263
1047.353
1049.598
1050.109
1051.262
1047.783
1045.131
1043.653
1046.340
1043.499
1043.524
1043.961
1043.082
1045.390
1044.856
1043.947
1042.452
1043.257
1041.172
1038.845
1037.663
1042.064
1039.868
1040.898
1036.952
1036.235
1039.475
1036.235
1037.713
1036.235
1035.688
1042.261
1038.362
1038.867
1036.418
1038.340
1036.613
1034.648
1034.580
1025.937
1023.457
1022.289
1023.110
1022.272
1022.102
1023.195
1026.610
1014.294
1095.003
1014.173
1028.067
1014.769
1013.652
1014.505
1013.652
1009.686
1007.924
997.707
997.934
998.600
997.853
995.086
995.803
997.099
995.104
996.322
997.309
994.539
998.939
994.531
998.349
995.576
991.279
991.220
991.506
989.740
989.428
989.606
989.353
990.486
989.291
989.291
993.055
990.397
987.137
986.987
989.902
989.605
985.949
984.493
983.579
984.031
983.394
982.027
982.986
981.816
982.751
983.948
986.517
978.076
957.704
957.704
959.559
957.609
957.158
956.807
956.943
954.407
953.915
954.958
951.433
951.433
951.570
949.804
953.639
943.648
943.233
943.853
942.448
945.050
944.175
942.677
932.729
933.036
935.869
932.442
928.015
928.195
929.748
927.526
929.557
926.625
927.107
943.729
926.810
926.473
925.973
920.462
920.462
919.845
922.247
919.720
913.041
912.930
909.299
909.321
909.315
909.333
909.901
911.317
910.049
909.820
908.951
908.943
908.943
908.668
908.327
908.327
907.392
912.436
906.838
907.908
907.886
906.122
904.447
904.982
905.897
903.652
906.466
911.857
903.650
903.621
902.465
907.045
902.299
903.023
902.057
908.516
901.841
904.381
902.338
900.031
899.563
899.086
898.830
891.717
891.717
891.997
892.497
892.075
908.003
891.717
889.933
889.388
889.297
887.236
887.746
888.609
884.795
887.037
884.410
884.331
884.581
884.664
885.556
882.086
883.224
892.405
883.058
882.008
881.037
879.522
880.212
880.002
878.625
877.496
877.606
877.760
877.246
877.284
877.203
877.203
878.194
874.331
873.804
873.557
873.281
891.419
873.281
873.162
874.424
870.717
870.304
871.328
870.425
872.905
866.642
867.686
877.713
866.961
867.372
866.459
866.641
866.642
869.270
864.234
866.311
866.694
865.602
865.664
866.847
865.533
865.089
867.501
868.927
865.455
855.563
874.919
855.563
856.007
855.647
855.124
855.927
853.854
850.256
849.132
849.290
844.592
844.070
843.803
844.475
838.723
838.470
838.470
838.369
838.218
838.669
843.728
838.521
841.793
839.105
838.521
839.474
837.684
837.439
836.958
836.855
837.169
836.746
839.490
845.456
834.306
830.310
830.139
828.235
828.372
830.058
828.912
828.371
828.511
827.550
822.642
824.053
825.280
818.709
819.890
820.134
818.297
824.428
819.846
821.022
818.809
818.744
818.998
820.282
818.130
820.812
819.175
818.585
818.691
828.032
816.653
808.034
807.744
816.934
805.278
806.166
803.129
803.093
803.158
809.265
801.855
801.226
801.721
801.088
800.231
800.231
803.140
801.103
800.183
802.101
798.310
799.652
852.436
799.633
798.310
798.533
799.920
799.250
798.839
804.196
799.168
799.168
800.325
798.669
797.343
798.392
798.568
799.343
797.520
797.694
799.025
796.427
796.869
801.265
796.819
797.697
799.682
789.163
789.771
789.163
789.305
783.660
783.660
784.515
783.669
784.431
783.657
783.722
786.272
785.255
783.930
783.985
784.224
784.480
785.093
783.899
783.649
784.786
784.582
784.204
788.018
784.186
783.732
778.777
791.548
778.636
778.777
779.633
778.723
810.543
778.997
828.823
786.012
743.719
743.322
753.446
741.558
739.781
743.510
741.422
740.973
740.720
737.479
737.383
737.479
737.499
736.869
736.869
736.250
736.250
736.250
739.000

Error results for SA9
---------------------------
1157.583
1140.970
1144.655
1141.187
1138.519
1142.860
1167.869
1170.520
1171.443
1179.644
1189.136
1190.396
1200.658
1193.948
1196.641
1182.646
1177.271
1177.271
1118.362
1122.127
1126.585
1115.292
1117.178
1128.955
1102.560
1099.226
1117.231
1100.949
1101.138
1095.505
1108.518
1062.486
1066.839
1083.083
1070.794
1062.496
1057.274
1057.274
1050.325
987.823
1003.737
987.238
1015.135
988.827
996.380
992.676
999.636
972.461
956.443
961.239
956.513
974.654
950.448
950.465
951.478
948.792
1003.061
951.980
926.134
928.045
921.061
903.945
903.972
905.185
906.693
909.237
927.510
903.973
902.325
900.361
898.016
906.836
901.498
899.183
899.684
898.502
897.722
903.655
919.054
894.717
894.363
905.209
888.642
886.981
887.302
877.242
879.585
877.672
888.533
877.617
874.088
874.974
875.126
849.018
821.924
820.316
820.288
822.616
820.288
820.462
819.081
818.799
808.051
811.701
808.051
796.611
796.673
794.934
786.502
784.023
785.933
800.806
783.566
787.449
779.418
779.338
785.669
779.784
780.182
778.969
776.664
778.898
778.607
764.887
764.887
766.072
765.128
765.029
764.651
764.106
764.243
771.568
765.045
770.745
761.418
761.581
762.511
774.861
765.047
756.499
757.695
760.377
750.393
756.964
750.393
751.173
757.483
750.923
747.638
743.515
744.026
743.752
743.823
740.464
741.134
741.134
742.423
738.787
738.466
746.486
739.196
736.669
736.538
737.735
737.405
733.423
735.266
740.050
734.282
734.704
733.423
734.029
733.836
737.194
725.195
723.223
723.910
724.726
738.345
722.938
722.314
726.074
722.938
723.060
721.193
721.875
722.990
720.951
720.951
724.126
719.810
718.720
718.873
731.215
719.058
716.883
717.102
715.750
723.762
716.372
717.866
718.267
714.847
714.611
713.418
707.226
719.160
707.850
703.625
700.986
700.811
699.899
687.890
684.067
683.789
685.881
683.697
683.364
682.286
684.891
682.290
685.527
681.725
681.336
682.495
680.905
680.902
680.269
678.676
678.761
680.054
679.940
679.253
674.824
693.736
674.381
674.214
675.370
674.770
674.900
670.392
670.200
665.712
660.062
660.256
663.423
659.271
659.271
652.698
652.661
653.851
647.580
649.396
647.580
647.900
648.336
647.397
656.041
648.794
671.054
648.610
649.439
646.686
646.435
645.809
644.961
644.496
645.132
646.142
645.031
646.849
643.729
644.406
646.294
647.007
640.672
640.696
640.533
641.479
643.162
640.310
640.270
640.270
638.305
649.562
641.629
638.305
641.714
637.006
636.811
636.811
636.819
640.456
636.811
646.017
636.811
640.075
637.334
637.388
641.428
639.928
637.552
636.228
633.869
643.856
634.290
628.569
629.675
628.060
624.075
624.075
624.075
624.064
625.483
624.085
624.424
627.464
624.289
617.846
618.250
618.154
620.550
620.574
619.177
623.812
625.557
618.590
627.031
618.154
617.442
616.702
614.888
623.238
619.423
620.384
616.191
614.888
616.230
617.021
609.621
608.652
609.056
607.808
606.848
609.158
619.077
607.347
607.023
607.055
605.121
605.139
604.956
604.501
605.780
611.407
603.223
603.460
601.752
601.752
601.752
601.019
600.803
600.653
608.444
601.940
600.156
601.473
603.587
600.315
607.780
596.704
596.854
595.770
596.756
595.390
595.218
595.155
593.604
592.997
593.892
593.154
596.440
590.686
590.078
590.208
585.252
585.188
585.680
585.188
587.020
586.827
584.897
584.897
584.064
583.496
585.206
583.746
583.377
586.161
583.206
584.980
583.192
579.986
579.970
579.277
581.511
563.929
563.506
575.435
567.613
566.823
562.535
568.450
565.551
569.452
562.285
562.698
560.943
560.454
560.701
558.090
557.335
560.959
560.397
557.534
557.346
556.108
555.356
555.086
554.902
555.137
554.732
552.667
542.648
543.500
542.199
542.853
541.798
541.373
541.787
541.738
544.433
541.131
541.094
541.990
535.088
533.386
533.431
533.431
532.740
532.813
533.905
531.548
535.667
530.832
538.302
530.534
532.280
532.454
528.669
534.130
526.793
537.903
526.209
526.215
526.209
526.824
526.234
526.517
516.542
515.801
517.640
514.906
515.966
514.969
515.402
513.962
519.171
513.868
514.787
515.267
513.593
526.943
513.593
515.202
516.211
513.553
513.615
522.284
508.350
519.549
510.947
509.207
508.350
512.147
509.612
508.190
510.504
508.296
508.296

Error results for SA10
---------------------------
1033.556
1036.785
1006.752
1003.877
1002.442
1005.521
1006.721
1003.113
1005.796
1004.687
1000.893
1000.879
1006.537
996.437
998.127
1002.164
997.313
996.335
998.077
996.667
998.399
996.335
998.388
990.617
990.478
988.152
990.130
987.244
987.710
987.244
996.077
992.067
990.366
988.041
988.161
931.832
899.809
899.813
899.371
895.471
898.687
895.411
895.411
896.416
892.402
886.651
880.432
880.468
879.330
880.693
879.330
881.066
882.338
879.229
882.075
878.519
877.489
882.291
877.585
877.489
877.826
878.634
877.639
873.797
872.350
872.230
871.841
871.264
861.056
851.462
842.784
842.786
842.001
856.880
845.838
842.433
842.227
849.810
839.781
839.481
837.968
837.930
836.805
836.805
835.329
835.274
829.551
829.827
829.758
829.827
820.162
820.214
830.663
819.660
820.106
819.631
821.015
819.608
839.720
811.382
811.164
811.164
815.804
812.533
811.652
809.926
816.430
809.926
809.996
809.964
809.718
821.810
808.204
806.618
805.435
815.257
808.596
806.948
805.312
805.641
807.340
805.570
802.759
799.935
794.680
795.986
793.863
769.762
769.816
769.150
812.896
773.154
771.602
769.839
768.179
768.025
767.272
768.785
770.278
767.483
767.978
757.879
761.286
757.873
758.122
758.129
753.694
754.171
754.232
754.377
754.014
759.411
753.977
757.942
753.028
758.270
752.622
751.557
752.058
752.781
750.163
752.593
757.815
751.199
748.555
745.764
745.351
745.721
745.346
745.303
748.890
745.683
743.099
741.112
741.143
740.787
736.714
737.389
736.683
735.587
742.674
740.129
735.539
728.651
727.773
728.198
727.773
708.905
707.396
707.102
705.870
708.214
703.270
703.166
703.166
705.797
702.965
702.965
701.996
702.915
697.411
697.274
697.881
694.118
695.000
693.397
693.769
693.457
702.319
694.073
694.594
694.150
695.335
694.329
693.486
693.481
692.516
692.507
693.561
688.166
688.166
688.255
694.665
688.166
688.004
689.413
688.387
687.939
687.886
697.448
686.565
686.954
686.455
683.874
683.877
683.766
683.247
683.247
683.332
685.785
687.267
683.195
678.831
679.963
689.822
685.037
678.834
675.820
675.499
675.721
675.946
675.673
655.602
655.212
653.592
652.216
649.241
653.789
652.216
652.111
685.927
658.870
652.111
651.347
654.618
654.844
654.990
653.863
650.997
648.230
648.229
649.145
647.040
649.141
647.004
643.693
643.075
638.540
638.370
619.236
619.331
623.033
625.158
618.027
619.056
618.027
618.822
618.361
620.376
617.645
625.039
623.266
617.545
617.476
619.964
624.964
621.323
623.731
615.715
616.742
616.108
615.642
615.549
615.383
615.784
615.387
615.668
620.080
616.602
621.460
612.382
612.382
617.143
612.104
612.204
612.261
612.804
613.232
622.699
624.661
613.844
612.690
612.046
612.145
608.258
611.699
606.180
605.279
605.759
602.253
607.510
632.865
605.098
602.253
601.410
601.410
601.071
601.385
600.496
617.568
602.309
610.205
600.462
600.235
598.198
598.944
597.260
591.455
591.368
591.375
590.082
591.473
590.046
592.215
590.285
590.774
589.119
583.495
582.872
579.547
580.529
579.620
585.703
579.946
581.016
578.330
579.818
581.571
579.253
578.330
582.515
577.324
583.927
577.027
577.038
578.534
576.955
576.220
573.700
573.562
575.133
575.339
583.010
568.234
569.060
577.134
570.427
553.028
546.424
546.120
546.408
545.888
546.746
545.706
538.663
541.547
539.487
540.916
535.384
530.874
531.971
530.874
530.490
530.787
530.021
529.658
529.675
526.761
522.594
523.291
522.579
524.374
521.562
524.374
510.735
516.395
510.491
510.214
514.110
504.038
504.038
504.038
499.178
499.178
501.517
492.745
492.965
494.902
492.641
492.726
492.641
490.360
491.205
489.105
486.744
486.851
486.062
486.039
486.039
487.427
478.890
479.556
477.771
477.771
477.952
477.771
477.926
477.805
481.946
492.046
477.504
479.375
481.866
476.041
478.232
475.990
475.914
475.868
475.840
475.840
469.801
469.779
470.528
469.779
473.128
466.769
466.733
465.719
467.086
480.020
465.118
465.325
468.900
464.725
466.064
465.370
466.804
464.076
463.887
464.077
463.276
461.933
461.713
465.559
462.221
463.600
461.876
461.622
482.870
457.982
457.870
458.191
458.001
457.870
457.870
456.890
456.890
456.471
456.738
456.751

--------------------------------------------
Results for SA1: 
--------------------------------------------
Correctly classified (TEST) 2812.0 instances.
Incorrectly classified (TEST) 505.0 instances.
Percent correctly classified (TEST): 84.775%

Correctly classified (TRAIN)6563.0 instances.
Incorrectly classified (TRAIN) 1175.0 instances.
Percent correctly classified (TRAIN): 84.815%

Training time: 25.913 seconds
Testing time: 0.124 seconds

--------------------------------------------
Results for SA2: 
--------------------------------------------
Correctly classified (TEST) 2582.0 instances.
Incorrectly classified (TEST) 735.0 instances.
Percent correctly classified (TEST): 77.841%

Correctly classified (TRAIN)6069.0 instances.
Incorrectly classified (TRAIN) 1669.0 instances.
Percent correctly classified (TRAIN): 78.431%

Training time: 25.419 seconds
Testing time: 0.072 seconds

--------------------------------------------
Results for SA3: 
--------------------------------------------
Correctly classified (TEST) 2633.0 instances.
Incorrectly classified (TEST) 684.0 instances.
Percent correctly classified (TEST): 79.379%

Correctly classified (TRAIN)6171.0 instances.
Incorrectly classified (TRAIN) 1567.0 instances.
Percent correctly classified (TRAIN): 79.749%

Training time: 24.631 seconds
Testing time: 0.063 seconds

--------------------------------------------
Results for SA4: 
--------------------------------------------
Correctly classified (TEST) 2777.0 instances.
Incorrectly classified (TEST) 540.0 instances.
Percent correctly classified (TEST): 83.720%

Correctly classified (TRAIN)6434.0 instances.
Incorrectly classified (TRAIN) 1304.0 instances.
Percent correctly classified (TRAIN): 83.148%

Training time: 24.619 seconds
Testing time: 0.068 seconds

--------------------------------------------
Results for SA5: 
--------------------------------------------
Correctly classified (TEST) 2766.0 instances.
Incorrectly classified (TEST) 551.0 instances.
Percent correctly classified (TEST): 83.389%

Correctly classified (TRAIN)6370.0 instances.
Incorrectly classified (TRAIN) 1368.0 instances.
Percent correctly classified (TRAIN): 82.321%

Training time: 24.542 seconds
Testing time: 0.069 seconds

--------------------------------------------
Results for SA6: 
--------------------------------------------
Correctly classified (TEST) 2825.0 instances.
Incorrectly classified (TEST) 492.0 instances.
Percent correctly classified (TEST): 85.167%

Correctly classified (TRAIN)6626.0 instances.
Incorrectly classified (TRAIN) 1112.0 instances.
Percent correctly classified (TRAIN): 85.629%

Training time: 25.386 seconds
Testing time: 0.070 seconds

--------------------------------------------
Results for SA7: 
--------------------------------------------
Correctly classified (TEST) 2892.0 instances.
Incorrectly classified (TEST) 425.0 instances.
Percent correctly classified (TEST): 87.187%

Correctly classified (TRAIN)6699.0 instances.
Incorrectly classified (TRAIN) 1039.0 instances.
Percent correctly classified (TRAIN): 86.573%

Training time: 28.648 seconds
Testing time: 0.066 seconds

--------------------------------------------
Results for SA8: 
--------------------------------------------
Correctly classified (TEST) 2459.0 instances.
Incorrectly classified (TEST) 858.0 instances.
Percent correctly classified (TEST): 74.133%

Correctly classified (TRAIN)5637.0 instances.
Incorrectly classified (TRAIN) 2101.0 instances.
Percent correctly classified (TRAIN): 72.848%

Training time: 31.648 seconds
Testing time: 0.069 seconds

--------------------------------------------
Results for SA9: 
--------------------------------------------
Correctly classified (TEST) 2823.0 instances.
Incorrectly classified (TEST) 494.0 instances.
Percent correctly classified (TEST): 85.107%

Correctly classified (TRAIN)6543.0 instances.
Incorrectly classified (TRAIN) 1195.0 instances.
Percent correctly classified (TRAIN): 84.557%

Training time: 32.392 seconds
Testing time: 0.066 seconds

--------------------------------------------
Results for SA10: 
--------------------------------------------
Correctly classified (TEST) 2873.0 instances.
Incorrectly classified (TEST) 444.0 instances.
Percent correctly classified (TEST): 86.614%

Correctly classified (TRAIN)6696.0 instances.
Incorrectly classified (TRAIN) 1042.0 instances.
Percent correctly classified (TRAIN): 86.534%

Training time: 26.316 seconds
Testing time: 0.064 seconds