Error results for SA1
---------------------------
1063.290
1077.943
1077.962
1074.666
1073.347
1073.367
1066.632
1066.236
1066.283
1049.344
1049.344
1043.727
1040.663
1040.663
1040.203
1039.587
1039.587
1039.990
1039.990
1040.286
1045.324
1062.194
1063.524
1058.208
1038.784
1042.206
1034.171
1034.588
1040.657
1034.274
1034.274
1033.407
1032.524
1049.732
1048.858
1032.909
1032.594
1039.040
1027.277
1032.971
1027.547
1028.286
1011.264
1013.105
1010.677
1018.311
1019.633
1009.789
1011.286
999.773
1000.850
999.725
998.876
998.890
999.296
998.248
997.325
988.419
994.503
1007.704
991.878
988.268
992.670
990.794
993.427
991.054
988.486
988.268
988.268
981.827
981.827
982.374
982.033
973.595
970.939
970.939
970.970
973.863
970.383
976.220
970.489
969.967
974.113
970.148
970.712
964.988
959.587
950.058
948.795
963.672
945.571
946.087
949.138
969.243
946.601
945.716
949.479
945.747
941.978
940.953
911.107
911.130
911.221
890.650
883.041
890.235
878.601
879.258
883.131
879.852
877.063
878.969
879.337
905.085
877.038
880.610
876.885
875.859
874.802
872.871
872.939
899.034
870.874
872.378
970.494
870.908
872.603
870.874
870.874
871.574
871.423
870.874
871.531
870.424
883.365
870.424
871.824
871.348
870.424
869.094
868.159
869.859
868.651
868.778
870.868
869.375
867.619
876.438
855.264
855.472
853.102
854.554
854.026
852.796
849.209
852.784
851.927
853.034
853.214
847.280
850.357
847.281
848.289
843.294
844.135
837.713
830.405
837.077
830.750
837.220
833.850
821.510
809.162
814.475
798.752
797.433
805.610
783.690
785.291
783.690
784.304
779.831
779.877
782.469
781.238
780.872
780.759
781.692
778.854
766.596
769.924
766.399
766.378
766.646
766.331
765.889
756.174
756.216
753.570
754.885
754.046
753.110
753.232
751.462
751.757
750.836
756.368
754.910
752.989
750.798
750.798
758.733
750.221
751.946
750.223
750.997
758.380
750.425
750.303
745.096
735.040
732.262
731.902
733.389
730.378
730.374
730.373
730.514
727.347
727.332
727.347
727.347
726.423
726.864
725.545
720.195
725.737
720.357
722.556
720.195
720.869
719.748
727.882
715.950
715.680
716.039
714.302
709.591
705.253
705.732
705.231
710.569
705.515
704.995
704.995
704.999
702.428
702.428
694.704
693.290
693.290
699.234
693.767
693.313
694.217
696.173
695.669
693.789
704.121
693.176
692.955
692.955
689.854
690.303
689.913
691.898
687.524
688.308
683.201
682.889
683.282
685.038
683.717
682.719
682.794
680.949
680.944
680.926
681.895
679.493
679.493
719.058
679.496
679.988
679.920
675.629
676.453
658.309
659.303
659.996
659.079
658.423
658.264
657.431
656.963
660.901
656.131
659.344
655.961
655.775
655.950
656.406
656.166
656.968
655.827
655.424
653.714
649.807
649.338
649.336
649.239
652.973
649.608
647.293
652.554
645.913
647.501
646.026
644.272
646.353
650.801
644.143
645.673
647.079
644.246
643.687
599.872
598.991
601.459
599.727
599.549
599.200
603.879
592.855
596.154
592.855
596.287
593.027
592.364
592.364
592.632
595.791
591.292
591.292
588.711
588.711
582.888
590.309
581.961
581.766
584.248
583.150
582.423
583.052
580.563
586.610
574.876
575.113
574.649
575.124
578.349
573.998
572.285
572.298
572.612
575.520
571.535
575.612
571.900
570.823
570.823
567.456
564.784
588.432
564.784
564.735
565.000
564.484
573.679
564.438
564.164
557.353
557.100
557.372
558.531
556.928
566.517
555.557
561.864
554.971
554.833
554.951
554.366
576.142
560.410
557.508
558.329
554.834
553.408
553.252
553.265
552.853
553.141
553.137
557.441
557.175
553.249
553.253
553.763
552.650
557.187
555.323
552.661
553.074
573.425
552.755
552.431
552.912
552.648
549.436
549.337
548.745
550.584
552.777
548.745
546.934
548.094
549.779
545.986
541.497
541.722
541.497
543.338
541.685
539.655
539.368
539.011
538.199
530.176
529.934
514.510
512.488
512.520
514.096
516.400
512.520
533.105
511.695
511.608
510.082
511.705
513.022
510.572
513.244
510.435
512.790
510.902
512.254
510.375
513.334
510.382
509.329
510.511
510.361
510.361
510.598
510.598
515.901
511.360
509.843
511.215
506.339
505.984
506.579
506.340
506.737
506.737
506.737
506.743
522.665
508.258
507.111
506.253
510.448
506.149
502.487
500.838
502.040
500.988
504.415

Error results for SA2
---------------------------
1087.008
1085.663
1085.943
1084.205
1091.229
1099.128
1102.454
1106.637
1104.832
1103.532
1096.980
1094.519
1094.519
1072.887
1085.118
1085.216
1083.032
1085.618
1079.711
1086.669
1085.880
1086.240
1086.318
1091.311
1087.946
1085.083
1084.543
1084.566
1080.979
1072.555
1073.294
1076.579
1072.769
1049.400
1048.986
1049.203
1048.922
1034.633
1018.963
1029.761
1019.455
997.132
995.085
990.009
991.962
999.404
990.218
989.242
989.697
996.000
989.836
988.469
968.663
965.030
956.150
970.213
952.569
960.991
953.189
964.681
941.617
950.916
946.270
934.409
946.000
930.424
930.440
930.119
937.000
940.263
935.019
932.421
939.977
922.810
922.705
933.116
923.005
923.005
922.664
906.432
903.481
912.867
903.587
907.158
897.799
893.206
893.105
893.105
892.779
893.260
893.935
892.903
893.563
852.729
851.624
853.419
851.743
851.395
851.216
851.216
851.216
851.216
841.436
842.029
840.291
841.895
824.086
822.852
822.072
822.059
823.859
821.307
820.864
820.864
821.502
819.667
819.660
819.136
819.136
819.136
819.304
819.790
823.686
821.567
830.863
819.753
818.574
814.084
814.455
814.559
815.284
819.677
815.881
812.056
806.544
808.941
812.128
802.932
804.019
805.902
803.905
803.462
804.909
801.883
806.659
802.024
787.861
791.418
785.638
785.638
787.321
787.159
782.392
783.090
782.695
781.326
781.617
791.442
773.396
769.561
764.629
760.698
754.765
755.779
740.870
734.681
731.220
729.025
728.935
728.241
722.664
721.904
723.434
722.473
721.944
725.810
722.557
723.364
731.215
722.886
722.584
721.403
721.504
680.975
681.149
681.106
683.501
687.042
683.048
684.532
680.866
682.219
680.863
675.775
674.157
674.359
674.367
674.359
674.517
674.359
674.469
674.733
675.944
673.597
679.038
673.967
672.456
672.456
666.893
666.893
670.791
668.328
663.685
662.185
672.356
661.292
661.090
664.098
661.735
658.357
657.296
656.715
656.884
656.785
655.707
655.575
659.987
654.354
654.276
654.695
654.930
651.247
651.247
652.565
651.299
651.211
653.381
651.333
649.210
649.506
652.879
650.781
649.935
651.330
644.988
645.392
644.981
645.134
645.267
643.843
637.913
638.491
639.469
646.912
638.608
637.568
637.568
639.756
629.313
627.286
630.101
628.406
630.009
628.318
627.181
627.835
625.858
626.055
640.449
628.192
626.552
625.211
625.067
626.604
625.173
624.773
635.570
628.082
625.033
624.709
624.531
609.925
609.891
610.995
609.791
609.749
616.296
610.337
632.280
611.440
609.741
613.607
609.761
608.878
618.873
617.594
603.811
602.842
606.883
603.850
602.842
666.483
602.807
607.262
605.770
599.105
604.217
602.550
600.030
598.639
602.991
598.418
595.583
595.583
596.513
595.528
599.110
593.154
586.892
587.393
595.125
586.834
586.419
598.613
586.991
586.275
584.050
584.523
584.164
585.256
583.967
588.864
586.712
583.925
585.968
584.251
583.904
583.530
581.574
588.140
586.585
580.461
588.215
580.869
579.185
584.325
577.784
577.620
578.974
577.170
577.128
577.128
577.376
576.257
570.529
568.367
567.350
567.163
567.186
567.163
573.235
567.182
567.068
579.027
568.038
568.412
547.969
548.081
547.452
546.548
544.286
544.058
543.855
543.545
543.524
543.824
544.034
543.756
550.964
543.524
543.038
542.451
543.429
542.698
546.188
542.404
542.459
541.676
543.135
542.829
542.999
543.302
541.138
544.074
541.632
541.136
542.997
541.015
541.285
541.030
539.743
522.849
522.709
523.964
515.194
517.675
515.194
515.531
514.817
535.179
514.944
514.672
514.357
512.829
513.052
513.372
510.074
511.706
511.913
510.382
509.710
509.511
511.466
508.718
508.681
508.061
508.512
524.458
508.498
507.024
483.698
485.839
483.599
500.649
480.625
481.638
482.907
480.042
480.032
480.287
479.881
479.857
481.214
482.020
479.796
479.401
479.140
479.863
479.880
481.953
478.505
478.502
481.160
478.505
480.282
456.716
458.348
456.842
456.910
456.473
472.821
460.416
457.414
454.804
453.011
453.250
453.267
453.034
451.948
451.186
451.205
451.043
450.385
450.584
450.295
450.274
455.802
449.847
450.736
451.679
450.064
452.417
449.349
449.552
450.096
449.566
449.703
451.376
450.554
450.510
451.459
451.171
450.710
450.155
448.701
449.879
449.337
449.460
449.155
449.255

Error results for SA3
---------------------------
938.388
938.071
938.071
940.014
939.963
946.302
943.380
943.380
944.348
935.552
949.193
948.948
948.650
949.211
969.326
938.504
936.997
943.974
948.786
951.190
948.430
950.855
964.968
958.995
958.820
960.895
962.186
962.186
961.501
957.075
956.794
950.431
961.630
972.384
950.405
945.614
947.903
944.383
944.332
940.368
943.442
955.846
935.792
936.656
935.037
951.826
933.856
931.926
932.392
932.041
932.151
932.258
930.296
931.305
932.358
938.324
933.028
930.662
917.831
920.413
917.979
917.876
941.737
917.951
918.292
918.836
917.831
919.896
920.650
926.072
918.026
917.313
922.356
917.468
916.071
914.829
908.975
908.410
900.187
900.187
899.380
899.614
901.717
900.260
898.991
901.169
900.943
891.759
893.491
891.804
890.802
892.820
891.054
891.736
899.265
894.201
890.932
892.948
880.337
880.445
882.966
878.314
878.796
875.142
875.928
870.830
867.261
867.018
866.881
868.467
866.881
867.593
866.881
868.668
864.312
861.338
861.095
862.038
861.920
856.209
856.251
858.690
852.645
853.793
852.581
853.598
854.783
850.474
851.980
850.226
850.380
850.607
849.252
847.996
849.680
847.596
845.870
837.039
835.671
837.609
835.468
835.574
835.468
834.544
828.376
829.964
828.736
828.730
829.133
826.313
824.915
822.301
822.301
821.273
827.446
821.427
821.273
813.614
820.870
811.988
820.961
812.623
813.358
814.648
813.723
806.085
806.085
805.931
794.588
788.237
788.069
788.945
785.368
786.749
785.030
784.632
790.072
785.679
784.359
778.347
775.015
773.671
774.023
776.811
775.366
773.654
772.566
778.835
773.464
772.221
771.074
763.279
764.662
763.626
762.048
761.722
763.098
760.486
758.610
762.067
758.131
762.027
757.832
773.380
758.913
758.583
756.832
758.350
756.772
758.264
759.284
756.054
760.893
757.059
772.370
756.949
756.948
772.300
755.915
767.595
756.296
755.133
762.430
755.334
765.531
755.769
753.691
743.071
746.005
744.743
744.630
745.550
741.343
741.575
741.737
741.390
742.382
740.497
740.497
740.494
741.553
739.576
739.463
741.307
737.838
739.255
739.809
735.283
735.533
735.471
772.182
726.988
727.889
737.410
748.606
718.666
719.891
720.957
717.865
718.603
723.803
710.548
718.078
715.087
707.860
709.488
707.751
700.415
710.603
697.481
698.337
700.630
697.751
698.804
697.481
696.918
695.366
696.902
703.822
695.271
695.854
692.687
693.063
696.280
692.619
695.283
692.619
693.434
691.799
692.693
690.316
690.593
687.570
681.841
681.930
655.422
672.866
653.692
651.090
652.167
656.041
651.085
648.680
647.798
647.798
645.808
644.132
647.002
643.873
643.873
632.007
632.650
631.248
631.433
654.523
632.804
636.246
631.353
632.479
644.294
634.865
631.265
630.994
631.115
619.706
619.009
619.912
619.341
615.545
618.297
615.889
615.476
613.977
612.978
613.098
611.890
616.084
613.494
608.735
608.753
614.838
607.613
613.724
607.613
607.052
606.160
607.302
624.334
599.069
598.905
597.311
597.493
597.311
598.122
598.176
590.740
593.304
590.190
590.211
590.792
592.062
588.142
588.921
588.004
594.077
588.008
589.472
625.842
588.022
586.892
590.477
588.205
586.833
588.776
591.517
588.035
585.626
584.286
582.797
582.797
576.704
578.197
583.211
581.738
573.433
573.376
573.580
576.458
575.435
574.437
572.839
572.840
573.539
574.034
571.635
571.644
570.957
572.244
566.531
566.949
566.029
565.181
567.192
565.133
572.107
565.165
565.205
567.436
566.806
566.945
565.094
567.995
562.442
560.166
560.205
560.418
558.782
558.962
560.338
554.887
564.526
554.915
554.814
565.068
559.064
554.887
553.203
552.438
550.493
550.782
549.572
548.305
548.011
549.725
547.532
546.598
546.663
558.974
555.571
548.148
550.392
544.628
545.266
542.033
540.869
540.869
540.373
538.385
536.649
551.107
538.071
537.098
536.649
534.894
533.627
533.937
532.977
534.111
532.977
532.466
534.519
534.149
531.878
528.991
529.363
530.009
529.720
545.144
528.891
528.808
528.124
528.757
526.860
526.737
525.324
528.652
525.589
524.772
524.875
524.786
526.385
525.048
524.145
525.784
524.311
523.070
524.074
525.249
523.002
523.256
526.319
525.004
526.160
527.524
523.260
531.194
517.504
517.696
517.504
515.165

Error results for SA4
---------------------------
1239.958
1237.887
1237.679
1228.926
1226.740
1220.742
1220.880
1231.222
1231.755
1230.152
1230.391
1227.414
1225.547
1212.267
1210.600
1208.329
1218.040
1214.863
1200.185
1196.529
1197.322
1204.076
1194.720
1197.992
1193.406
1187.805
1194.641
1188.343
1188.791
1174.030
1164.334
1163.830
1163.837
1163.672
1170.396
1163.882
1177.327
1163.311
1166.115
1163.244
1166.435
1161.665
1162.498
1161.665
1161.317
1153.787
1154.710
1153.033
1141.041
1140.258
1140.305
1138.545
1137.975
1137.857
1145.108
1137.905
1138.082
1116.457
1121.507
1116.231
1116.231
1109.045
1099.468
1106.120
1099.464
1093.563
1093.610
1075.914
1076.240
1075.914
1072.318
1069.938
1102.779
1073.306
1069.329
1070.010
1069.031
1066.926
1066.540
1066.263
1069.085
1066.694
1058.559
1058.579
1060.462
1057.029
1056.832
1060.424
1057.484
1057.491
1057.070
1057.000
1058.992
1061.197
1060.369
1060.052
1045.566
1044.770
1043.792
1047.714
1048.667
1044.038
1036.335
1036.683
1036.241
1036.205
1028.763
1028.763
1027.476
1031.850
1017.535
1017.999
1028.991
1008.149
1007.934
1008.194
1007.750
1007.952
1007.750
1006.719
1013.271
1006.790
1006.493
1008.442
992.839
988.782
988.818
993.769
1009.285
1000.605
990.644
984.419
983.227
983.227
969.132
974.662
967.961
967.892
969.291
967.360
966.351
966.984
967.313
966.449
964.846
964.846
966.547
966.336
962.242
962.186
962.636
967.328
935.064
935.774
936.225
930.897
945.270
928.283
928.139
925.846
918.217
918.217
919.189
918.279
921.094
923.451
917.777
916.519
916.519
918.329
917.339
914.370
913.096
913.753
913.671
912.339
915.075
917.695
912.554
913.131
914.608
912.426
913.186
912.339
913.299
912.590
912.321
912.797
912.608
913.088
907.141
906.529
909.748
905.539
907.255
927.904
907.117
906.403
905.571
906.354
906.062
910.425
900.417
902.895
901.940
900.747
900.713
900.417
892.601
892.601
893.180
910.321
892.872
894.952
884.731
884.917
881.712
881.696
881.696
879.347
887.624
879.367
879.347
880.352
881.436
879.217
879.350
879.215
880.726
880.429
878.907
889.243
879.714
874.422
874.422
875.235
874.325
868.534
868.770
868.096
864.656
864.322
862.785
864.942
894.744
862.785
864.516
866.292
862.391
850.622
847.122
848.080
846.577
847.285
848.010
847.116
846.932
846.791
845.632
843.089
843.758
842.218
845.587
847.766
842.298
842.848
843.817
840.563
840.582
837.555
837.640
837.714
836.559
836.627
836.162
835.044
848.010
834.626
833.871
836.527
832.203
832.375
832.046
833.799
831.810
831.396
831.637
831.356
831.521
831.399
829.734
830.238
830.055
837.645
831.530
833.619
829.948
825.688
830.374
825.804
825.538
829.350
825.688
829.168
832.679
825.699
826.657
825.932
825.744
826.157
825.699
825.699
825.699
825.605
828.109
828.026
826.832
831.121
825.302
825.437
825.044
830.036
824.712
800.269
801.836
808.795
806.246
803.945
801.173
796.256
794.957
793.296
793.837
794.719
797.389
794.276
791.262
790.969
789.595
789.910
789.947
790.384
786.708
785.540
798.380
789.575
786.066
785.319
786.315
786.994
785.237
784.969
784.338
786.490
784.903
788.934
783.087
783.457
781.435
779.618
778.236
778.259
778.393
778.471
778.278
778.259
778.568
777.854
799.867
777.158
776.940
774.353
774.272
779.814
774.935
772.911
773.268
770.061
771.367
769.848
770.147
763.884
763.777
768.967
763.414
765.233
763.008
762.457
761.223
764.127
757.437
759.992
757.762
754.856
753.585
753.967
755.447
754.976
755.756
753.419
753.421
753.678
756.566
755.121
751.937
756.920
751.436
751.763
753.040
753.298
750.928
748.857
749.357
748.057
749.464
754.398
743.275
743.206
742.165
743.748
744.648
743.209
743.925
742.197
742.666
742.244
741.924
748.250
741.051
745.393
741.114
739.703
740.138
740.171
736.558
736.893
736.584
736.620
736.345
737.557
736.199
737.585
735.398
715.422
712.927
715.449
712.927
713.247
713.935
712.838
713.228
712.682
712.547
712.304
712.864
704.486
700.402
700.734
700.477
701.643
702.630
700.822
698.757
703.273
691.677
690.790
720.639
692.387
687.753
690.100
687.766
687.753
687.563
687.600
688.392
687.845
688.082
687.852
692.360
691.132
691.790
694.449
685.616
685.692
686.320
685.602
685.628
664.315
647.892
647.892
646.717
646.717
646.717
648.005
648.035
646.469
646.546
647.574
646.907
644.982

Error results for SA5
---------------------------
1198.690
1202.031
1247.407
1250.496
1254.528
1234.409
1255.274
1253.394
1294.041
1282.973
1285.236
1273.241
1273.420
1272.102
1272.799
1272.450
1272.540
1271.158
1278.199
1277.297
1278.128
1262.445
1256.663
1265.232
1265.212
1266.644
1284.271
1267.243
1268.357
1267.570
1316.719
1267.820
1264.550
1274.264
1264.468
1253.810
1270.391
1253.928
1254.180
1256.849
1249.813
1247.097
1253.007
1240.884
1240.328
1240.239
1233.213
1233.624
1233.092
1233.092
1233.092
1233.079
1228.147
1227.173
1229.569
1227.777
1224.768
1227.361
1243.437
1235.331
1221.973
1230.129
1229.514
1209.881
1211.852
1208.735
1224.099
1199.546
1200.925
1203.026
1200.726
1200.117
1239.770
1193.375
1193.873
1194.226
1193.417
1195.370
1174.275
1178.840
1164.948
1164.275
1171.264
1158.039
1157.606
1183.806
1149.903
1149.954
1151.273
1149.951
1145.034
1146.334
1124.007
1129.013
1124.797
1123.899
1120.688
1118.091
1118.720
1119.369
1115.074
1115.807
1106.370
1106.139
1106.517
1106.076
1129.479
1109.127
1107.308
1108.011
1105.763
1095.544
1092.952
1094.054
1091.136
1093.027
1085.032
1082.584
1087.276
1020.298
1011.577
1005.267
1003.287
992.100
1004.716
969.505
971.947
959.853
959.169
959.161
939.156
938.153
938.190
932.156
927.680
903.199
902.404
901.447
901.758
913.316
899.525
899.525
900.064
897.551
897.561
899.113
898.352
897.551
896.096
896.078
898.972
895.006
898.740
893.055
891.090
890.732
897.413
885.254
886.367
886.284
887.066
880.641
883.527
880.667
882.160
873.285
869.017
869.017
869.518
869.024
887.015
872.060
867.705
867.687
870.397
867.687
862.992
863.194
862.812
860.645
860.460
867.897
885.415
859.309
861.592
858.864
858.864
853.136
852.731
851.633
851.623
848.376
847.161
860.807
848.833
848.235
850.572
847.161
847.418
871.129
847.830
850.864
850.503
832.091
831.184
830.462
828.095
826.474
868.047
826.776
840.073
827.009
826.474
826.262
826.541
837.541
858.037
824.890
841.832
821.458
821.426
820.812
822.257
822.655
815.447
813.028
812.912
821.374
814.794
812.161
811.729
811.365
819.635
811.365
811.446
807.622
817.022
811.405
808.802
807.769
808.644
809.250
807.622
805.882
806.750
816.707
807.196
806.393
806.462
804.228
802.838
800.621
800.572
802.025
800.222
801.502
800.222
800.061
801.064
801.625
797.832
796.379
796.379
796.379
804.907
801.373
793.962
797.022
794.493
793.640
796.248
770.556
762.809
762.879
771.508
764.241
760.025
761.321
762.657
761.642
760.025
759.124
759.535
759.124
760.049
765.269
755.396
755.396
756.146
755.396
754.945
748.285
748.809
751.995
749.051
750.375
749.748
747.237
747.237
748.109
747.385
747.068
747.472
753.974
748.516
745.810
743.712
741.886
738.161
738.672
735.917
736.115
736.834
736.399
736.503
729.733
732.305
730.527
729.842
729.670
727.805
726.979
726.618
726.584
730.489
726.529
723.385
724.018
721.769
726.018
713.495
714.424
713.572
713.495
715.944
715.805
713.953
712.494
711.785
713.463
713.773
713.710
711.804
711.580
711.248
714.048
713.491
711.888
711.822
712.230
711.861
712.242
707.425
707.591
707.803
707.550
707.881
707.863
708.092
705.149
704.874
706.243
705.247
701.893
704.966
700.630
699.913
701.586
700.702
697.499
702.502
698.239
700.589
696.336
694.763
695.072
694.673
695.468
695.758
689.182
687.866
688.182
687.868
688.100
689.811
688.267
689.458
687.414
687.249
691.206
687.517
687.284
686.985
686.893
686.586
685.257
685.220
689.803
685.217
687.898
687.195
685.843
684.373
685.910
685.314
684.622
684.622
714.955
687.002
684.060
684.005
685.599
683.615
677.618
677.756
677.921
677.618
675.398
675.879
679.398
675.321
675.880
673.291
673.097
673.501
671.401
671.753
669.978
669.499
668.569
671.119
668.634
668.634
668.485
668.634
667.363
662.140
662.345
662.146
666.932
662.140
664.052
662.149
662.420
668.669
662.560
662.145
661.741
662.993
659.383
657.545
655.921
655.921
655.604
655.604
654.895
656.294
654.391
653.476
653.869
653.476
654.464
653.439
653.055
654.656
651.382
651.704
650.964
650.664
648.351
648.262
649.016
648.362
648.370
648.270
648.207
646.179
645.984
649.426
645.699
646.565
645.488
645.046
645.670
646.432
645.046
645.050
647.586
648.655
654.305
644.339
630.206
630.048
629.517
635.123
628.626
628.739
629.911
628.278
627.715

Error results for SA6
---------------------------
1050.986
1046.528
1047.774
1062.077
1059.732
1059.710
1061.606
1049.192
1052.852
1047.864
1048.643
1056.521
1055.718
1059.470
1059.498
1064.344
1063.611
1068.112
1068.105
1050.391
1050.391
1054.870
1055.256
1054.612
1053.594
1053.304
1041.528
1041.621
1033.442
1033.597
1033.425
1037.943
1033.597
1033.554
1030.451
1069.274
1028.399
1032.125
1028.038
1028.094
1025.433
1028.842
1021.788
1020.688
1022.376
1023.522
1027.671
1022.074
1020.770
1024.007
1018.419
1017.192
1017.478
1016.655
1024.074
1018.908
1011.780
1003.342
1011.710
1008.019
1001.038
1001.203
1006.638
1001.728
1003.607
1011.851
1002.927
1000.270
999.245
1000.997
1000.600
1003.586
975.826
976.689
961.814
961.295
961.007
965.136
961.271
959.882
974.263
963.845
960.558
958.710
956.345
956.951
957.119
956.263
958.325
956.820
957.359
950.632
956.741
946.718
944.134
950.714
969.768
972.082
944.149
944.412
953.742
942.558
942.636
942.558
930.902
930.306
928.624
929.027
926.677
930.439
915.569
915.159
914.948
914.948
913.027
913.015
917.627
913.281
913.022
925.275
912.813
912.264
911.104
909.164
906.964
922.965
894.986
894.986
894.675
894.224
898.143
895.622
895.179
894.581
893.654
895.120
896.186
896.988
887.546
887.496
889.135
889.206
888.793
883.706
882.750
895.113
880.267
870.998
871.598
893.510
874.942
864.997
859.512
860.921
860.129
859.512
859.560
859.533
859.228
859.521
859.906
859.481
859.222
860.304
859.267
874.531
860.744
859.222
865.799
859.033
853.573
853.573
851.334
850.877
852.131
850.970
851.367
846.577
844.849
840.831
843.563
841.232
841.704
836.216
836.078
836.649
836.124
834.073
833.815
833.790
838.532
839.895
833.571
833.671
838.130
833.114
832.818
833.136
832.864
832.818
825.262
825.262
840.471
825.985
826.757
816.013
813.373
814.288
812.218
812.424
809.934
810.789
804.300
804.297
801.763
801.412
802.482
802.174
793.812
795.283
798.410
793.812
793.827
794.241
795.519
796.698
793.799
795.199
796.472
791.176
799.019
791.176
789.973
791.729
790.512
789.948
790.211
789.817
789.090
789.149
771.853
770.868
768.560
768.161
766.112
763.349
763.499
761.322
765.657
761.226
760.791
761.604
760.804
760.781
760.581
763.466
759.983
765.430
759.727
760.720
765.325
758.984
758.149
767.318
758.038
758.153
768.496
755.170
755.305
753.935
753.935
755.805
758.409
755.039
753.433
753.433
753.433
752.903
749.947
750.018
749.933
749.964
747.260
753.782
747.108
747.293
722.064
723.115
714.348
714.346
713.730
713.599
717.552
713.533
711.607
711.192
713.761
711.990
714.352
710.974
710.989
711.639
710.990
708.164
706.172
705.090
705.887
706.710
705.212
706.427
687.363
687.333
685.668
685.668
686.585
684.776
677.143
682.683
682.126
680.667
676.935
680.241
676.935
677.042
682.013
677.363
670.052
667.483
670.814
671.853
664.172
670.982
665.169
669.878
664.175
664.786
668.477
665.563
664.113
663.893
669.440
663.958
719.315
668.477
663.972
663.724
662.800
662.829
663.073
670.210
672.452
661.154
653.139
656.210
659.315
651.167
646.514
645.843
647.076
644.029
643.943
669.524
647.128
644.037
644.526
644.029
643.743
643.757
643.162
652.622
645.430
643.457
642.999
643.325
643.603
641.797
641.839
643.898
640.303
640.536
637.950
638.678
637.552
638.137
637.663
637.122
631.780
639.379
631.780
631.178
642.529
630.020
630.246
632.080
630.820
624.235
623.053
623.417
622.798
617.680
620.868
617.637
617.922
615.790
622.732
617.660
615.370
596.337
599.046
596.969
597.689
594.266
594.693
594.198
593.909
600.633
594.242
599.767
593.729
594.826
593.673
593.699
589.073
588.965
586.379
563.970
564.495
577.062
567.072
563.970
564.834
563.610
564.071
561.592
561.556
558.809
562.282
559.704
558.693
555.761
553.356
553.485
543.816
543.867
543.123
544.460
538.901
538.812
541.164
538.812
536.958
536.958
542.220
532.969
530.673
534.265
530.598
531.515
533.354
530.798
530.811
530.486
534.392
531.582
532.302
530.480
533.333
529.030
527.646
526.821
524.559
528.530
530.700
523.498
519.986
524.053
520.898
519.915
519.915
526.805
519.915
515.422
516.512
513.921
514.187
516.309
513.921
517.126
514.537
512.933
512.200
513.864
509.165
512.207
508.921
506.384
506.478
507.198
509.609
502.689

Error results for SA7
---------------------------
1146.900
1141.830
1143.444
1137.559
1143.341
1143.341
1143.341
1143.512
1143.512
1143.640
1146.931
1154.476
1158.435
1140.910
1147.670
1149.781
1150.914
1153.502
1152.303
1190.000
1189.424
1189.628
1215.449
1214.437
1201.888
1207.682
1209.193
1205.083
1200.080
1200.473
1201.213
1200.612
1205.581
1198.653
1197.958
1203.061
1207.494
1198.438
1197.931
1198.087
1196.823
1196.823
1196.823
1200.709
1194.007
1194.259
1166.943
1171.193
1169.817
1166.933
1114.144
1114.155
1114.148
1114.866
1115.665
1111.173
1115.204
1108.526
1115.716
1117.638
1106.975
1105.781
1064.108
1081.278
1064.108
1063.845
1061.307
1042.495
1031.144
1032.952
1031.144
1048.986
1058.812
1033.543
1026.871
1037.779
1017.191
1028.853
1027.814
1022.230
1016.855
1018.282
1017.575
1016.855
1017.203
1003.878
1003.740
1004.237
1003.641
1003.485
1003.310
998.207
999.428
996.721
997.751
1027.303
997.344
991.306
991.251
991.042
985.363
986.480
985.330
982.653
1014.805
983.591
982.148
982.634
980.659
984.986
982.487
978.864
973.666
980.344
1001.917
973.748
946.396
944.899
952.604
948.151
946.747
946.384
945.183
957.070
944.111
953.181
946.697
935.689
931.606
935.041
931.762
933.707
932.534
930.566
959.853
926.291
924.703
924.487
925.007
924.359
922.746
923.309
922.713
913.707
901.252
899.360
899.759
900.451
899.404
909.622
906.181
906.103
894.408
883.517
886.569
886.080
883.359
880.831
874.437
874.855
877.956
874.575
875.085
874.575
874.575
903.952
876.421
878.002
874.913
874.345
873.720
872.444
872.688
875.473
871.807
871.198
871.198
872.999
877.521
864.930
863.235
862.821
860.297
860.921
886.944
856.348
856.380
861.031
864.302
855.824
858.459
857.725
855.824
857.910
857.834
865.940
833.941
833.251
838.533
830.541
830.399
814.316
814.915
817.785
815.277
821.281
815.039
819.054
818.211
816.400
813.637
813.613
814.135
834.866
813.746
812.798
814.821
816.466
807.292
806.635
804.134
802.235
802.081
802.015
803.331
801.766
797.761
807.363
798.576
797.761
801.748
799.539
795.019
794.726
814.706
805.447
798.148
796.828
794.725
794.836
794.700
798.134
795.294
795.680
795.703
795.425
805.189
797.137
794.950
791.035
791.684
792.122
791.035
797.393
790.184
793.358
792.415
790.011
790.713
791.015
793.774
790.011
790.661
788.869
788.139
789.533
787.694
788.223
786.593
786.980
790.300
787.725
790.369
782.066
789.334
780.966
773.107
774.337
773.445
778.044
772.584
771.812
774.633
771.769
771.668
772.576
771.674
771.862
749.881
748.731
748.726
750.268
751.074
748.731
751.775
748.672
748.830
751.368
750.039
748.773
748.543
747.653
747.600
747.817
747.686
747.606
748.627
748.936
747.606
748.195
750.497
748.159
748.385
746.883
748.236
746.883
747.193
748.464
746.917
747.634
755.625
747.782
755.475
747.119
750.071
739.844
730.800
723.022
722.560
703.466
700.804
703.255
697.851
697.857
698.690
697.893
710.889
694.494
694.488
695.624
694.245
692.676
691.952
684.589
685.182
686.838
685.700
686.321
686.837
685.182
676.281
677.019
676.057
676.446
681.803
673.823
681.015
679.508
674.160
672.033
671.831
671.845
672.355
672.217
689.701
673.150
669.418
670.381
669.218
670.429
669.976
669.235
667.777
667.777
665.504
662.910
668.689
664.742
662.921
663.407
654.743
664.804
654.743
651.566
651.227
642.117
644.306
640.729
640.886
640.729
640.706
639.017
637.837
635.781
641.935
632.949
633.058
637.402
640.398
633.073
632.144
633.988
641.111
632.631
610.268
608.054
608.059
608.058
605.421
594.733
592.586
595.039
595.964
601.478
591.678
595.473
591.645
591.700
591.482
591.509
591.468
591.468
593.090
591.516
591.573
597.195
591.031
591.417
591.817
591.031
593.069
592.736
597.065
583.233
586.542
583.059
584.940
584.939
583.316
581.555
581.904
580.714
580.864
581.199
580.447
573.443
575.487
586.554
573.427
572.021
571.855
573.208
569.133
570.100
568.130
570.939
568.130
568.550
567.220
567.204
568.671
564.751
564.649
566.438
564.649
561.137
561.499
555.365
554.176
552.683
552.683
554.608
549.513
554.588
549.687
551.683
551.723
549.292
547.233
546.853
551.777
552.974
546.902
546.181
536.371
536.238
536.204
536.050
534.424
538.118
533.519
540.084
534.670
533.559
532.000
530.160
531.900
530.164
523.748
528.091

Error results for SA8
---------------------------
984.684
989.378
987.155
987.695
1006.104
1011.678
1014.046
1014.080
1012.363
1007.586
1007.466
1006.766
1006.489
1006.564
1005.990
1006.186
1006.186
1005.624
1005.624
1006.122
1006.122
1009.703
1009.496
1009.343
1007.383
1001.130
1001.873
998.994
1010.125
994.426
994.735
995.837
995.234
994.184
994.950
998.055
995.456
995.808
995.326
994.212
1002.357
983.725
983.819
983.827
984.042
991.233
981.284
959.024
949.593
948.613
949.498
954.851
944.845
941.343
941.324
941.258
940.763
941.186
934.990
940.905
940.157
934.990
933.286
932.304
931.851
933.784
932.694
933.027
931.851
934.222
932.976
931.493
922.587
926.250
922.610
917.859
918.756
918.038
920.087
919.694
924.155
917.675
915.664
911.753
911.717
910.626
905.678
905.321
903.784
906.742
910.487
906.067
921.217
904.035
904.073
908.761
904.336
902.628
901.582
901.352
901.158
902.897
902.284
903.489
891.181
894.080
892.883
891.632
893.677
892.770
891.632
911.910
891.583
888.793
888.665
888.282
885.649
885.303
885.633
876.164
876.018
875.644
869.750
866.164
858.476
859.034
855.320
855.320
860.239
848.215
850.896
848.190
848.190
855.807
846.929
848.579
846.960
836.843
836.950
834.262
834.981
833.662
832.028
875.690
832.028
837.021
832.127
832.293
832.257
835.193
831.323
829.289
835.903
829.278
827.951
830.189
827.581
820.973
820.973
814.644
815.338
815.300
811.843
812.254
811.722
820.415
812.555
809.254
824.404
808.157
810.772
808.904
807.601
803.944
804.702
806.636
803.951
801.202
798.964
799.260
799.088
804.427
804.877
802.266
798.271
798.548
796.460
790.886
784.828
784.979
784.737
785.584
784.436
789.636
782.997
782.809
802.479
784.477
793.391
790.483
781.982
775.699
776.053
786.790
775.915
774.901
775.359
774.894
773.775
781.403
774.323
773.677
779.041
773.692
773.320
770.914
771.045
772.339
782.901
771.265
770.412
770.210
769.539
770.190
772.237
769.539
773.859
777.968
770.036
768.915
769.464
768.864
774.779
764.661
772.674
764.661
764.456
764.514
815.536
759.895
760.900
768.236
763.290
764.009
760.776
759.774
758.616
758.019
770.350
757.495
756.777
762.432
758.462
756.723
755.120
750.584
750.170
749.675
746.603
761.035
740.864
741.070
739.801
739.801
720.333
720.329
720.329
709.456
709.155
708.649
708.751
706.518
705.748
706.461
707.516
708.062
706.693
700.668
700.871
700.668
701.774
699.592
697.720
697.720
698.046
697.489
697.489
689.897
690.134
690.373
688.517
690.337
687.476
686.703
688.369
686.929
686.790
691.206
686.674
688.472
685.641
684.646
684.741
683.509
686.960
682.473
682.405
687.013
684.483
682.438
675.808
662.552
665.887
660.366
658.507
657.562
660.262
658.029
669.238
655.904
654.966
650.332
651.021
660.869
659.733
649.405
650.845
650.444
640.736
637.728
644.696
655.097
636.502
636.502
635.078
638.094
651.251
634.679
652.569
635.982
642.002
636.267
635.487
634.516
637.768
628.616
628.461
628.619
628.337
628.231
626.926
626.536
627.085
626.536
624.257
624.428
624.252
624.752
622.623
639.442
627.129
624.595
622.039
621.585
632.316
628.026
623.953
624.549
617.070
616.992
617.973
615.813
614.414
613.591
612.808
612.785
612.754
610.079
610.079
610.041
613.316
611.186
609.644
609.496
609.963
621.903
607.371
610.561
606.794
610.454
612.174
607.814
606.088
600.818
600.818
600.497
602.819
600.450
610.663
603.306
611.309
601.823
601.295
600.064
600.064
598.350
615.708
598.337
599.888
598.359
603.506
616.044
606.199
597.891
599.126
597.149
596.202
596.458
596.211
591.789
590.803
590.560
596.608
592.960
599.349
589.872
593.265
589.668
589.704
586.778
584.797
583.661
583.541
583.541
592.170
588.759
584.521
590.313
583.348
583.660
585.650
582.628
582.601
584.109
582.566
587.682
584.932
582.615
581.814
581.597
581.772
578.436
578.448
573.748
573.748
573.035
573.464
572.917
571.120
567.344
567.870
563.084
563.016
547.355
536.178
536.463
536.163
536.754
535.779
540.132
535.739
549.142
551.257
536.255
534.244
534.557
536.223
534.441
534.708
531.393
530.274
530.681
529.853
532.995
529.900
530.084
514.740
515.335
514.572
513.320
514.823
509.304
521.570
509.569
514.966
507.592
514.142
507.946
510.195
503.299

Error results for SA9
---------------------------
1074.426
1072.569
1072.569
1072.031
1064.350
1067.562
1067.850
1072.554
1068.684
1074.266
1069.979
1070.197
1070.034
1070.034
1069.588
1062.766
1057.445
1057.687
1059.505
1054.009
1053.852
1049.657
1054.561
1049.627
1049.594
1049.865
1052.848
1048.340
1050.964
1055.145
1048.427
1050.566
1049.705
1048.461
1051.432
1042.419
1038.604
1037.905
1037.905
1026.642
1029.064
1026.880
1032.282
1029.824
1028.064
1026.370
1018.509
1018.265
1017.853
1017.853
1021.058
1012.724
1009.002
1019.945
1013.173
1019.438
1009.393
989.941
980.691
969.058
967.455
950.010
959.085
945.639
946.912
935.070
928.038
925.680
923.711
922.631
924.286
922.631
921.832
913.719
908.349
907.279
907.318
910.442
906.788
905.077
899.497
901.557
899.586
904.562
903.916
897.661
904.490
900.495
897.704
897.448
894.595
894.569
894.439
894.799
892.282
891.828
900.256
896.552
891.391
890.035
892.694
890.438
892.471
882.710
886.829
882.751
882.710
882.710
881.864
881.392
884.665
884.389
879.445
880.013
877.242
883.633
872.741
873.069
872.741
871.090
894.077
872.405
873.865
870.950
867.362
889.908
867.362
867.524
865.113
857.578
864.413
871.412
856.512
855.911
857.379
851.703
850.730
852.917
853.679
850.730
856.725
851.269
849.606
849.450
853.481
849.485
849.450
851.201
851.760
856.304
851.047
852.223
855.770
847.649
847.649
847.683
846.225
846.784
839.552
832.064
832.065
831.953
830.293
831.265
832.221
842.079
835.822
836.527
830.859
830.635
830.296
831.208
831.168
828.863
828.863
833.073
828.885
832.916
828.797
835.023
830.678
829.757
828.863
828.888
819.361
822.328
814.401
824.200
811.741
811.092
812.744
810.221
813.823
810.221
813.463
809.693
813.671
809.864
810.348
806.521
804.978
805.119
804.664
804.230
804.443
804.247
804.865
805.277
806.320
806.386
804.826
804.481
803.098
803.098
797.980
794.958
795.654
793.886
797.078
796.043
791.618
791.081
791.927
792.388
790.358
790.254
787.629
787.417
786.668
796.707
787.385
791.529
782.722
783.014
779.146
778.956
775.571
777.427
780.416
773.481
773.525
773.794
776.786
773.696
773.727
774.181
771.161
771.161
773.909
770.274
768.984
769.972
769.988
767.665
767.907
766.513
760.243
757.184
739.936
739.983
739.788
739.788
738.426
738.242
736.663
735.982
735.256
735.186
740.499
736.218
736.326
736.295
740.167
740.073
734.670
738.474
737.048
734.663
734.536
735.028
731.033
731.174
730.746
731.863
732.304
728.098
741.856
722.941
722.706
730.310
722.359
722.576
727.980
724.655
719.776
735.545
719.037
719.653
719.016
719.594
715.693
715.822
717.810
723.655
713.716
713.631
714.434
712.320
710.641
710.509
710.848
711.267
712.121
751.987
712.277
710.849
710.542
711.768
710.315
710.315
710.936
710.315
710.313
737.684
718.986
708.021
721.119
707.289
707.289
708.473
707.132
707.920
712.202
715.372
707.284
707.280
707.345
709.293
704.832
699.701
699.225
699.779
696.172
693.605
693.587
694.553
695.077
698.155
693.772
693.664
691.865
702.262
699.983
692.468
691.668
691.795
692.998
691.795
695.761
693.209
690.934
689.797
689.797
689.621
689.667
688.253
686.188
686.188
686.188
686.552
686.557
686.230
687.021
687.210
685.576
686.714
685.671
688.786
688.400
688.702
684.653
685.357
684.653
684.585
683.997
685.457
684.479
684.235
683.018
683.760
684.982
680.870
681.050
683.071
679.606
684.539
679.299
690.758
674.758
678.866
674.603
677.249
680.161
674.275
675.477
678.282
673.959
676.032
673.800
672.671
672.755
672.448
671.672
671.788
671.411
672.224
663.811
663.811
669.342
654.694
654.245
655.490
654.245
653.130
653.020
653.517
659.253
653.479
684.794
653.479
679.883
653.599
653.439
653.088
655.417
663.527
654.274
655.450
653.088
657.876
641.477
641.537
645.612
644.414
642.009
640.248
640.246
644.761
640.885
640.008
639.927
640.509
639.084
638.923
640.725
638.728
637.915
643.167
638.998
637.741
637.561
637.703
637.594
637.899
637.857
639.392
638.769
638.701
637.609
637.827
641.471
633.093
636.993
633.051
632.905
635.273
634.442
633.246
634.368
633.097
633.774
632.933
632.936
632.938
633.177
633.620
647.548
659.443
639.656
642.956
638.614
627.927
643.231
627.165
626.161
626.628
624.740
624.878
625.682
624.857

Error results for SA10
---------------------------
984.558
980.460
979.697
979.596
979.596
979.596
980.206
977.005
978.695
976.427
978.656
978.576
978.405
983.491
990.069
979.379
980.009
979.654
979.705
979.425
979.340
974.975
974.407
974.373
977.891
969.798
965.154
965.232
964.524
969.012
963.136
972.378
962.716
962.803
963.035
963.520
974.442
962.862
965.173
963.196
956.141
956.066
956.422
955.289
954.601
959.030
954.258
950.967
950.201
949.044
945.047
945.785
945.421
947.741
943.507
921.030
921.969
916.835
916.835
916.835
916.323
917.147
916.509
916.870
914.522
916.846
914.473
910.738
912.802
914.484
911.777
904.784
902.669
901.514
900.632
902.933
899.865
901.643
899.865
900.750
899.865
898.571
896.837
899.443
896.041
899.985
895.945
867.462
866.971
865.798
866.174
870.974
865.901
861.613
861.613
849.873
847.425
846.327
845.087
845.066
845.061
845.095
849.060
844.846
843.791
843.791
844.283
843.108
844.320
843.320
846.204
843.568
843.316
843.088
844.123
853.289
841.417
836.294
837.207
845.763
836.079
804.375
804.367
803.973
803.531
803.348
802.710
804.275
802.991
802.709
802.817
802.827
799.840
798.638
798.618
798.614
792.599
794.635
779.818
780.056
781.626
768.880
768.780
793.006
768.524
772.858
777.923
769.062
768.205
767.909
767.997
767.932
769.119
767.434
772.161
767.398
766.966
767.827
768.464
767.158
768.561
769.857
784.732
767.054
765.332
763.083
763.297
764.901
763.117
744.971
729.807
729.470
732.180
729.771
735.203
730.274
734.305
719.782
719.782
720.290
719.751
721.533
722.000
726.702
720.067
719.796
726.409
719.753
717.984
717.985
718.605
714.633
714.858
715.330
714.613
716.369
721.304
717.126
714.417
719.841
711.281
711.699
711.198
713.809
711.447
711.075
712.115
712.827
710.750
709.996
709.541
708.591
708.609
704.309
704.046
753.577
704.137
704.150
711.125
713.661
704.045
698.743
701.448
698.867
700.528
699.056
699.962
698.081
697.839
698.009
713.156
699.506
698.045
698.214
699.432
696.355
696.380
695.680
694.908
698.006
695.545
696.394
699.176
689.262
689.163
707.354
691.133
689.154
685.053
715.867
686.681
685.053
682.890
683.510
691.693
681.253
681.291
681.252
680.630
677.501
674.520
674.606
674.627
673.045
673.036
676.633
682.182
675.015
672.932
676.123
672.810
672.932
672.932
675.893
672.932
673.732
673.221
666.139
666.294
664.605
664.825
664.684
664.682
664.382
664.470
664.386
661.645
661.106
657.709
657.520
647.110
647.959
645.939
646.140
642.435
641.330
644.917
646.094
641.208
646.434
641.137
641.260
641.074
643.481
641.074
641.209
642.053
646.234
637.231
637.227
637.227
637.287
638.854
637.076
633.859
634.596
631.738
643.141
631.483
621.970
620.689
620.689
620.689
620.813
620.689
620.715
620.373
623.776
620.417
622.342
620.545
620.415
621.612
620.436
620.569
620.123
617.748
617.883
617.748
619.597
617.396
619.960
617.343
617.343
614.468
613.236
618.045
612.068
612.084
612.079
612.068
606.263
606.262
607.040
606.944
635.502
604.512
607.080
604.641
604.538
600.680
592.513
581.942
582.095
614.249
580.307
580.307
581.577
582.374
579.111
579.009
580.606
580.195
580.800
582.460
580.811
591.715
580.646
579.325
579.325
578.586
617.009
578.847
578.416
579.196
578.823
636.144
578.028
577.895
575.531
573.945
574.599
574.074
574.149
576.491
574.149
573.544
574.290
574.290
574.262
574.183
574.259
573.587
579.800
573.649
575.471
578.578
573.359
573.251
571.141
573.456
571.680
559.968
558.478
558.573
558.941
561.798
558.834
558.873
560.000
558.502
559.153
559.914
558.442
557.735
559.225
557.326
555.808
558.313
555.873
585.047
556.119
555.808
556.592
555.753
559.581
555.753
555.953
555.807
555.753
557.375
558.862
555.558
554.943
558.909
554.943
555.085
549.298
549.352
550.386
550.381
549.312
550.326
558.243
549.305
551.026
549.189
549.124
549.232
552.072
550.172
549.232
552.735
549.086
549.862
549.084
547.518
547.436
547.481
546.508
544.354
544.436
547.585
544.682
542.479
544.893
550.538
542.390
544.624
542.498
547.539
545.244
541.436
540.498
539.354
540.550
538.289
537.823
538.589
548.100
537.539
536.847
536.847
536.846
542.925
501.059
490.908
490.472
484.498
484.314

--------------------------------------------
Results for SA1: 
--------------------------------------------
Correctly classified (TEST) 2805.0 instances.
Incorrectly classified (TEST) 512.0 instances.
Percent correctly classified (TEST): 84.564%

Correctly classified (TRAIN)6512.0 instances.
Incorrectly classified (TRAIN) 1226.0 instances.
Percent correctly classified (TRAIN): 84.156%

Training time: 25.843 seconds
Testing time: 0.117 seconds

--------------------------------------------
Results for SA2: 
--------------------------------------------
Correctly classified (TEST) 2916.0 instances.
Incorrectly classified (TEST) 401.0 instances.
Percent correctly classified (TEST): 87.911%

Correctly classified (TRAIN)6787.0 instances.
Incorrectly classified (TRAIN) 951.0 instances.
Percent correctly classified (TRAIN): 87.710%

Training time: 24.389 seconds
Testing time: 0.068 seconds

--------------------------------------------
Results for SA3: 
--------------------------------------------
Correctly classified (TEST) 2772.0 instances.
Incorrectly classified (TEST) 545.0 instances.
Percent correctly classified (TEST): 83.569%

Correctly classified (TRAIN)6458.0 instances.
Incorrectly classified (TRAIN) 1280.0 instances.
Percent correctly classified (TRAIN): 83.458%

Training time: 24.533 seconds
Testing time: 0.063 seconds

--------------------------------------------
Results for SA4: 
--------------------------------------------
Correctly classified (TEST) 2544.0 instances.
Incorrectly classified (TEST) 773.0 instances.
Percent correctly classified (TEST): 76.696%

Correctly classified (TRAIN)6067.0 instances.
Incorrectly classified (TRAIN) 1671.0 instances.
Percent correctly classified (TRAIN): 78.405%

Training time: 24.972 seconds
Testing time: 0.067 seconds

--------------------------------------------
Results for SA5: 
--------------------------------------------
Correctly classified (TEST) 2545.0 instances.
Incorrectly classified (TEST) 772.0 instances.
Percent correctly classified (TEST): 76.726%

Correctly classified (TRAIN)5967.0 instances.
Incorrectly classified (TRAIN) 1771.0 instances.
Percent correctly classified (TRAIN): 77.113%

Training time: 24.330 seconds
Testing time: 0.063 seconds

--------------------------------------------
Results for SA6: 
--------------------------------------------
Correctly classified (TEST) 2836.0 instances.
Incorrectly classified (TEST) 481.0 instances.
Percent correctly classified (TEST): 85.499%

Correctly classified (TRAIN)6596.0 instances.
Incorrectly classified (TRAIN) 1142.0 instances.
Percent correctly classified (TRAIN): 85.242%

Training time: 24.584 seconds
Testing time: 0.061 seconds

--------------------------------------------
Results for SA7: 
--------------------------------------------
Correctly classified (TEST) 2747.0 instances.
Incorrectly classified (TEST) 570.0 instances.
Percent correctly classified (TEST): 82.816%

Correctly classified (TRAIN)6390.0 instances.
Incorrectly classified (TRAIN) 1348.0 instances.
Percent correctly classified (TRAIN): 82.579%

Training time: 24.557 seconds
Testing time: 0.069 seconds

--------------------------------------------
Results for SA8: 
--------------------------------------------
Correctly classified (TEST) 2763.0 instances.
Incorrectly classified (TEST) 554.0 instances.
Percent correctly classified (TEST): 83.298%

Correctly classified (TRAIN)6491.0 instances.
Incorrectly classified (TRAIN) 1247.0 instances.
Percent correctly classified (TRAIN): 83.885%

Training time: 24.510 seconds
Testing time: 0.064 seconds

--------------------------------------------
Results for SA9: 
--------------------------------------------
Correctly classified (TEST) 2607.0 instances.
Incorrectly classified (TEST) 710.0 instances.
Percent correctly classified (TEST): 78.595%

Correctly classified (TRAIN)6009.0 instances.
Incorrectly classified (TRAIN) 1729.0 instances.
Percent correctly classified (TRAIN): 77.656%

Training time: 24.557 seconds
Testing time: 0.070 seconds

--------------------------------------------
Results for SA10: 
--------------------------------------------
Correctly classified (TEST) 2886.0 instances.
Incorrectly classified (TEST) 431.0 instances.
Percent correctly classified (TEST): 87.006%

Correctly classified (TRAIN)6664.0 instances.
Incorrectly classified (TRAIN) 1074.0 instances.
Percent correctly classified (TRAIN): 86.120%

Training time: 25.124 seconds
Testing time: 0.073 seconds