Error results for SA1
---------------------------
889.217
889.627
890.210
895.414
890.874
890.936
895.161
896.411
901.329
901.299
898.085
895.660
895.726
890.362
885.870
887.537
887.566
887.566
919.206
918.878
920.498
920.382
918.495
919.244
919.889
920.384
920.067
935.767
944.731
952.972
952.094
945.886
945.886
889.262
888.807
888.873
892.552
900.132
903.713
899.731
899.731
898.864
899.567
901.317
897.169
894.310
894.310
894.035
894.122
893.301
894.696
894.696
897.916
897.505
897.205
908.324
905.688
900.621
908.033
915.501
915.501
917.609
910.570
910.570
909.578
887.497
888.460
897.844
909.376
899.821
900.535
893.332
893.578
893.578
894.317
894.322
894.003
901.790
947.849
946.901
947.204
949.008
949.008
929.660
914.091
912.993
913.839
917.048
920.047
920.047
922.553
936.545
936.754
936.754
939.065
939.449
937.831
938.890
938.890
935.088
935.420
936.328
936.328
938.921
934.071
937.120
944.402
945.468
946.562
945.881
945.009
945.790
937.283
930.940
930.527
937.505
939.980
939.838
938.114
937.765
936.410
933.974
929.507
928.651
920.836
920.949
920.371
917.604
913.063
913.047
917.146
913.849
910.872
911.886
911.892
910.241
938.990
939.066
939.270
932.872
931.068
916.666
916.601
916.601
916.601
915.127
911.608
910.143
909.456
916.615
916.668
916.528
914.222
907.725
910.078
908.256
906.885
905.701
902.464
902.219
894.772
913.242
913.391
912.684
896.399
891.095
890.628
889.290
888.775
887.016
883.111
883.449
885.842
871.227
871.259
871.336
878.223
878.266
878.328
879.432
881.717
881.459
885.767
885.767
888.411
888.546
887.757
886.983
885.931
935.574
934.691
935.255
935.275
934.592
921.892
921.878
921.878
922.216
923.566
927.027
927.000
927.558
929.101
928.600
924.046
926.760
926.922
927.322
927.277
924.788
926.706
919.004
918.831
912.853
910.125
903.652
904.021
900.975
903.118
908.046
910.301
910.309
912.690
910.138
908.900
909.082
908.003
911.199
910.772
911.581
911.180
919.865
919.107
920.677
929.919
940.067
940.184
940.405
939.804
942.675
945.492
945.070
940.606
940.606
942.505
942.677
939.689
935.047
929.963
927.148
917.999
917.498
917.835
917.441
922.245
922.112
927.334
930.070
928.484
932.037
931.646
931.643
932.535
931.110
931.110
933.309
933.058
914.161
918.351
918.678
920.376
920.355
913.918
913.918
928.558
933.418
933.115
934.827
944.692
962.676
960.500
960.805
961.224
962.443
959.152
956.803
946.793
943.257
930.461
923.348
923.503
920.657
920.470
918.414
917.065
924.886
929.656
943.123
943.057
942.983
942.731
943.231
938.488
954.348
954.553
946.604
947.181
944.474
947.718
950.177
951.405
943.826
943.666
944.427
946.707
950.572
929.859
930.406
937.540
937.133
937.246
935.740
935.591
939.391
935.093
934.604
935.061
935.058
932.714
950.520
950.046
950.344
949.382
912.059
905.253
904.651
904.651
901.575
906.767
908.531
914.296
912.350
909.058
910.242
913.090
909.778
893.755
897.677
897.677
903.403
904.179
901.508
901.404
1010.002
1010.936
1010.904
1015.297
1025.435
1021.856
1027.603
1020.415
1020.415
1010.872
1008.474
1008.474
1008.078
1008.166
1008.123
1008.239
1008.659
1009.221
1001.350
1003.315
1007.794
1008.637
1005.132
1005.330
1011.584
1011.605
1010.716
1000.077
1000.565
997.606
997.596
992.155
991.030
991.762
991.880
992.009
995.825
994.482
994.482
994.940
999.611
994.822
994.848
996.609
998.371
998.676
998.445
995.342
983.401
985.197
985.395
985.395
992.088
992.072
993.621
999.557
1002.790
1007.974
1001.019
1001.019
1000.940
998.402
987.442
979.486
979.747
979.768
979.760
974.699
977.529
979.125
979.050
978.430
973.904
976.925
976.895
974.857
974.857
981.652
991.512
981.706
983.231
981.153
989.203
989.203
990.825
991.493
990.346
990.143
990.456
990.456
985.713
985.579
983.617
984.118
985.656
985.652
987.916
988.650
988.019
989.044
977.455
977.059
977.339
975.371
966.651
966.725
970.932
964.063
962.129
969.015
961.792
966.053
961.687
967.661
967.386
961.604
963.308
958.940
957.002
957.002
955.481
862.535
862.535
861.632
862.871
864.572
861.527
857.230
857.873
859.580
858.334
854.068
854.714
890.711
854.072
854.665
855.117
840.632
838.740
840.344
837.657
837.393
837.228
837.364
835.499
835.814
835.501

Error results for SA2
---------------------------
1244.401
1243.700
1243.700
1243.606
1244.212
1230.532
1232.359
1232.480
1233.870
1231.283
1229.430
1228.247
1227.021
1223.213
1209.406
1212.414
1216.673
1224.601
1234.686
1237.967
1242.631
1240.825
1248.151
1237.335
1237.153
1238.979
1231.474
1246.607
1244.080
1245.625
1245.534
1246.541
1250.077
1264.496
1259.585
1257.057
1256.346
1256.346
1203.457
1202.624
1201.394
1197.017
1184.931
1201.154
1191.210
1191.034
1185.895
1185.624
1185.624
1186.356
1186.866
1186.956
1199.193
1201.790
1200.515
1197.380
1191.217
1186.996
1186.380
1186.380
1185.386
1185.329
1185.329
1185.418
1168.927
1170.787
1196.200
1197.545
1197.571
1197.962
1196.997
1194.621
1197.017
1213.217
1213.595
1213.417
1216.454
1215.734
1215.812
1216.072
1215.645
1206.566
1207.994
1192.621
1192.176
1189.814
1189.577
1201.640
1203.593
1203.593
1215.284
1215.308
1207.869
1196.520
1195.956
1194.341
1197.390
1196.762
1197.085
1197.059
1197.680
1196.181
1197.651
1177.233
1175.745
1178.878
1173.829
1172.813
1172.027
1154.059
1116.937
1108.381
1109.445
1107.946
1105.545
1105.549
1111.196
1113.195
1125.314
1123.675
1109.115
1111.486
1111.486
1112.928
1113.907
1113.486
1114.421
1115.610
1114.208
1112.559
1096.283
1094.074
1102.464
1117.682
1116.267
1104.318
1097.132
1094.749
1053.081
1084.610
1084.574
1088.056
1082.323
1076.322
1076.322
1089.978
1084.016
1084.483
1084.730
1083.986
1093.200
1092.269
1091.961
1096.298
1098.056
1097.866
1094.495
1100.613
1098.938
1098.617
1101.291
1101.291
1101.909
1098.512
1096.127
1075.673
1062.540
1119.094
1127.129
1127.129
1124.871
1126.199
1127.157
1127.160
1126.473
1135.663
1137.322
1127.764
1127.764
1131.239
1131.648
1135.923
1140.778
1140.979
1124.858
1124.674
1126.105
1121.288
1120.886
1129.877
1131.540
1127.589
1127.825
1126.702
1126.975
1125.068
1124.411
1123.061
1136.638
1136.634
1138.185
1138.718
1155.682
1159.968
1159.768
1164.657
1164.657
1163.723
1164.672
1153.361
1163.559
1158.140
1158.652
1166.166
1172.827
1172.021
1163.174
1162.961
1157.208
1155.722
1156.489
1155.251
1165.821
1170.281
1170.154
1146.061
1147.082
1138.093
1138.272
1139.999
1126.829
1124.850
1124.384
1111.281
1131.412
1136.814
1137.185
1137.252
1138.488
1143.391
1141.389
1141.793
1142.528
1134.247
1134.158
1138.028
1138.028
1128.585
1128.294
1139.341
1139.341
1129.984
1130.162
1130.608
1130.730
1131.150
1130.876
1134.446
1137.291
1143.072
1144.590
1140.219
1140.219
1132.858
1132.469
1131.597
1131.425
1131.398
1130.080
1145.974
1153.784
1153.251
1139.158
1139.158
1142.424
1143.106
1144.748
1144.984
1148.039
1155.698
1167.347
1168.241
1168.417
1158.720
1155.435
1156.635
1156.681
1156.883
1158.225
1159.504
1158.431
1159.085
1162.590
1154.183
1167.361
1167.235
1077.256
1075.941
1075.941
1078.392
1063.255
1061.216
1061.216
1061.982
1078.936
1084.983
1085.280
1060.670
1062.898
1064.108
1060.213
1060.350
1057.540
1089.073
1103.278
1105.592
1130.924
1130.287
1127.446
1124.538
1121.712
1119.968
1116.648
1114.834
1112.391
1112.381
1113.722
1112.997
1118.067
1117.619
1115.530
1115.262
1115.261
1115.341
1115.320
1112.851
1124.428
1121.598
1118.650
1126.281
1126.281
1112.601
1143.831
1145.450
1137.338
1137.316
1130.449
1130.942
1130.935
1130.907
1129.177
1131.115
1140.738
1139.842
1173.532
1174.248
1168.028
1210.628
1207.120
1213.516
1206.594
1206.589
1206.589
1210.617
1211.152
1215.017
1222.398
1222.398
1223.506
1224.811
1228.694
1229.164
1228.646
1228.827
1216.261
1216.219
1207.647
1210.912
1211.469
1221.620
1230.050
1231.073
1229.636
1230.829
1230.829
1246.741
1222.137
1221.825
1221.825
1222.523
1225.448
1227.194
1262.631
1227.570
1227.778
1237.270
1238.748
1239.951
1214.730
1214.382
1212.551
1207.047
1207.009
1205.843
1269.083
1206.101
1210.364
1215.006
1202.180
1214.933
1214.933
1210.383
1208.532
1208.532
1208.640
1209.070
1232.649
1203.935
1205.559
1204.711
1202.767
1215.722
1206.227
1206.227
1198.125
1198.342
1198.371
1197.377
1186.335
1188.060
1187.254
1186.529
1185.976
1189.302
1177.646
1177.026
1177.274
1175.736
1166.361
1166.420
1165.305
1166.380
1161.857
1152.708
1157.052
1151.478
1153.029
1153.314
1164.605
1165.250
1167.782
1169.376
1170.517
1167.782
1197.322
1167.723
1172.934
1168.930
1184.783
1170.841
1162.591
1146.951
1148.576
1145.154
1154.133
1145.154
1148.560
1146.995
1148.505
1146.323
1145.127
1138.270
1138.180
1136.989
1121.919
1120.973
1115.319
1115.808
1116.062
1116.189
1119.990
1110.615
1112.068
1109.455
1114.498
1107.699
1108.029
1109.379
1068.564
1068.261
1065.583
1069.724
1072.009
1065.109
1065.107
1068.257
1066.448
1082.308
1017.354
1017.354

Error results for SA3
---------------------------
1549.193
1551.195
1552.012
1560.972
1547.619
1540.865
1535.674
1531.585
1520.344
1521.144
1564.322
1582.670
1586.066
1583.904
1574.022
1573.888
1575.719
1585.726
1585.801
1582.188
1581.780
1583.784
1558.676
1562.509
1553.848
1558.371
1558.626
1557.714
1558.769
1562.638
1562.280
1560.208
1560.545
1561.767
1572.808
1571.014
1560.039
1590.549
1590.549
1597.018
1597.377
1597.377
1617.698
1624.216
1622.205
1623.897
1630.547
1631.297
1641.080
1634.813
1640.267
1639.660
1636.155
1634.299
1633.192
1638.928
1642.465
1645.217
1645.382
1640.807
1640.543
1645.855
1645.855
1644.075
1635.996
1630.499
1633.371
1655.708
1652.185
1650.513
1646.697
1647.203
1647.384
1648.245
1648.373
1649.874
1653.077
1649.641
1647.706
1648.241
1648.504
1656.669
1656.669
1655.770
1655.572
1655.890
1652.827
1648.870
1645.294
1642.991
1644.021
1641.449
1643.803
1637.761
1636.924
1641.084
1659.994
1659.994
1663.048
1663.056
1665.074
1668.699
1668.013
1663.078
1661.067
1660.004
1660.829
1654.511
1651.793
1656.309
1656.358
1653.942
1653.559
1661.513
1670.888
1670.231
1670.202
1673.095
1670.283
1672.563
1669.426
1669.249
1670.487
1678.766
1678.187
1677.631
1678.878
1679.198
1678.453
1666.491
1666.199
1666.793
1666.821
1665.991
1663.990
1665.156
1663.252
1657.577
1636.586
1630.671
1620.989
1603.129
1603.129
1607.728
1608.028
1612.469
1613.605
1614.315
1620.277
1620.887
1620.887
1611.567
1603.393
1603.763
1605.669
1605.685
1605.859
1603.973
1593.393
1594.990
1599.026
1576.326
1562.632
1561.976
1554.221
1551.004
1552.328
1552.680
1549.014
1548.603
1546.040
1534.586
1544.158
1544.489
1544.489
1540.114
1547.530
1547.706
1547.706
1547.643
1550.813
1547.026
1549.498
1549.238
1549.238
1547.430
1545.785
1499.213
1499.200
1503.468
1517.176
1516.889
1515.448
1511.818
1519.202
1519.780
1514.560
1508.561
1511.603
1512.699
1513.032
1513.032
1511.442
1506.220
1503.712
1493.791
1490.408
1491.604
1487.513
1487.922
1487.982
1489.051
1493.636
1473.824
1467.709
1467.767
1469.928
1472.425
1447.918
1458.903
1461.072
1454.095
1454.065
1454.859
1456.185
1456.297
1455.375
1458.101
1462.857
1463.428
1463.436
1394.037
1394.037
1389.966
1389.304
1389.131
1385.204
1385.237
1382.617
1384.004
1382.241
1383.753
1383.920
1378.653
1381.764
1382.251
1383.631
1389.043
1392.461
1392.461
1388.699
1392.305
1394.203
1388.482
1389.931
1390.314
1372.139
1371.930
1369.231
1372.302
1372.061
1378.753
1367.794
1387.862
1386.723
1380.610
1384.455
1383.416
1381.682
1384.902
1393.085
1393.085
1393.085
1407.557
1408.148
1381.524
1376.452
1381.720
1382.861
1380.777
1380.777
1377.737
1377.493
1377.905
1377.873
1376.374
1354.562
1341.514
1341.759
1339.120
1344.171
1346.743
1355.103
1353.246
1344.262
1342.570
1342.570
1345.191
1340.901
1344.201
1344.201
1342.962
1343.567
1338.341
1333.166
1334.348
1334.032
1331.554
1333.752
1334.109
1334.055
1334.150
1334.150
1326.341
1327.053
1326.628
1321.205
1313.372
1307.602
1312.385
1311.967
1310.964
1309.126
1313.737
1310.784
1300.385
1245.688
1242.205
1247.018
1239.126
1237.511
1237.444
1236.121
1236.140
1231.591
1238.246
1246.157
1234.435
1232.972
1228.788
1226.712
1231.443
1231.088
1216.369
1215.117
1213.311
1212.350
1212.346
1213.572
1203.247
1200.775
1214.031
1208.854
1200.740
1204.731
1205.918
1197.363
1197.363
1191.968
1183.077
1181.952
1180.511
1179.842
1179.842
1177.255
1177.137
1182.917
1181.987
1181.676
1171.960
1173.451
1168.447
1168.897
1169.117
1181.492
1181.162
1181.759
1178.147
1178.089
1181.941
1170.107
1167.151
1163.494
1163.747
1163.636
1159.457
1156.399
1160.422
1158.638
1155.844
1147.015
1148.073
1151.913
1152.225
1153.854
1153.691
1153.373
1150.183
1150.183
1150.183
1156.176
1151.362
1194.557
1195.593
1187.673
1168.345
1127.350
1126.742
1127.008
1134.079
1129.181
1137.576
1141.379
1144.150
1142.826
1140.841
1132.816
1139.416
1139.598
1139.235
1135.017
1139.290
1122.988
1122.538
1120.600
1134.943
1135.784
1124.008
1133.825
1135.051
1135.203
1135.203
1133.960
1131.802
1125.828
1132.226
1132.193
1132.745
1132.745
1128.085
1128.647
1128.918
1128.918
1128.898
1131.150
1123.317
1124.159
1141.567
1131.742
1125.364
1126.877
1125.626
1124.905
1125.135
1135.831
1124.284
1123.702
1123.231
1124.135
1107.815
1108.747
1108.950
1111.868
1117.159
1116.314
1116.309
1115.119
1118.444
1124.775
1110.508
1102.693
1102.693
1099.467
1103.981
1099.655
1092.915
1092.295
1092.543
1088.433
1083.827
1083.618
1083.618
1094.328
1084.416
1085.223
1083.102
1095.308
1080.837
1083.852
1081.684
1080.379
1080.417
1080.104
1082.964
1080.459
1055.826
1058.748
1055.906
1054.557
1059.514

Error results for SA4
---------------------------
913.460
915.002
915.751
909.528
909.182
909.147
909.266
910.489
910.489
910.078
909.615
910.062
910.082
907.404
906.520
909.401
909.178
910.525
910.078
910.659
909.816
909.816
891.972
889.378
890.248
893.716
893.214
893.231
899.522
899.811
904.027
904.027
913.240
919.327
918.485
918.398
917.651
924.335
925.129
920.852
928.964
928.601
928.076
922.041
922.071
914.026
912.757
912.757
920.555
920.482
920.119
920.143
918.699
921.950
918.155
919.227
925.003
924.869
929.255
929.414
931.406
930.802
930.802
931.167
930.659
933.373
932.180
932.184
932.010
932.010
933.037
937.179
942.148
942.562
949.351
942.114
936.450
937.892
936.085
936.083
936.193
936.337
935.692
933.464
923.794
923.794
923.795
931.570
930.433
930.433
930.985
930.985
931.323
931.566
928.253
928.090
927.064
927.641
927.667
925.798
920.998
922.152
924.492
929.292
929.695
930.037
928.583
928.745
928.759
928.759
928.823
929.039
929.369
909.886
911.367
920.178
919.408
919.163
920.305
922.415
924.807
934.124
931.831
930.457
930.213
930.283
924.220
923.586
923.067
922.702
919.816
919.761
918.915
918.894
918.919
918.919
919.408
919.658
920.194
921.450
921.353
924.026
926.659
926.659
926.537
926.710
927.139
927.168
919.555
918.437
918.612
915.432
916.293
916.480
916.047
918.470
919.361
919.361
913.966
913.982
911.231
913.292
914.188
914.990
921.606
920.765
920.077
920.102
919.657
909.888
910.073
908.491
909.840
905.979
906.002
906.006
907.342
907.501
907.686
887.759
887.577
887.462
886.361
886.760
885.892
890.432
887.267
894.468
894.122
892.440
892.003
891.940
891.787
890.578
889.870
889.632
874.008
876.035
876.101
876.178
876.025
873.442
873.112
868.094
865.777
866.368
869.483
869.799
869.831
869.559
869.559
879.374
879.788
873.758
874.055
869.316
870.544
870.389
880.412
881.765
882.014
883.976
883.480
882.133
878.114
878.427
878.423
877.784
879.290
878.962
884.941
886.465
886.127
878.705
879.588
882.782
882.955
881.872
885.899
887.014
885.986
884.351
884.582
884.582
881.890
881.338
881.678
875.117
874.588
875.355
875.152
877.478
877.830
878.326
875.478
875.629
875.914
878.249
876.467
880.461
871.734
872.631
874.092
874.494
874.457
874.289
875.593
875.511
875.483
873.008
871.143
879.141
882.338
884.160
883.939
883.528
879.233
883.467
885.316
892.531
892.538
887.508
888.157
889.648
889.297
889.889
890.257
889.174
889.174
889.352
888.140
887.205
881.100
881.231
883.581
883.470
886.543
885.853
885.848
891.277
896.525
897.876
897.561
895.881
895.739
899.541
910.395
910.023
907.913
907.371
910.465
909.743
908.734
911.509
911.409
911.185
914.225
914.225
915.009
915.005
909.463
911.720
912.149
911.997
911.997
912.851
912.718
912.588
913.252
913.714
916.366
921.851
922.155
922.155
922.186
922.157
921.474
921.516
921.345
921.386
919.838
919.838
919.833
920.005
918.711
917.038
917.038
917.034
917.337
916.135
915.633
916.724
916.775
916.816
917.892
910.169
908.436
906.663
902.842
902.359
899.699
899.907
903.853
904.258
904.582
905.742
904.663
906.686
912.207
912.490
912.312
907.684
910.494
910.706
910.550
898.037
898.250
897.642
897.712
903.357
902.611
902.874
902.863
902.257
904.891
902.257
901.715
902.305
906.770
902.817
902.928
901.473
901.266
900.371
906.555
907.004
903.987
903.711
902.841
903.627
903.607
898.109
896.703
893.019
894.885
919.674
919.388
921.181
921.228
922.402
921.258
929.757
930.055
929.295
932.602
932.644
934.562
934.631
936.615
936.427
937.763
937.763
936.425
937.034
936.925
939.712
948.446
938.507
939.229
938.798
937.800
936.975
941.884
946.100
948.700
946.100
948.368
948.368
945.378
945.699
945.643
945.841
947.755
950.274
946.780
947.048
947.347
948.101
951.695
948.900
938.308
937.822
943.447
937.707
936.636
936.758
936.836
937.025
950.177
937.907
937.520
937.518
937.212
937.951
933.337
935.030
936.441
942.704
935.920
935.974
935.784
937.074
936.780
937.057
938.307
935.452
936.644
937.942
943.060
935.658
935.658
935.631
934.195
933.286
935.010
924.235
925.016
925.094
925.094
925.061
926.109
925.399
925.073
926.343
924.893
923.377
923.040
929.038
923.437
923.362

Error results for SA5
---------------------------
944.925
951.998
948.924
948.094
950.232
950.232
949.844
949.501
949.501
949.445
949.586
949.948
950.810
950.242
950.242
949.800
949.800
948.228
947.701
948.119
946.130
944.700
946.378
941.604
942.231
946.729
946.781
942.733
944.156
942.904
939.540
939.108
937.580
929.875
925.755
927.162
927.361
927.361
927.121
927.204
927.116
928.707
926.501
929.817
924.848
925.725
925.678
925.166
925.467
937.184
937.184
935.921
935.921
936.024
937.269
929.998
931.293
930.484
928.623
930.457
930.426
929.672
929.672
929.926
930.749
946.767
946.264
946.455
945.673
948.995
949.542
949.610
950.779
951.512
949.824
949.718
949.047
949.224
951.956
977.818
983.371
983.835
980.202
980.409
978.758
978.429
977.661
978.504
978.436
979.174
979.174
978.022
976.845
976.938
976.567
976.557
958.705
958.954
958.594
960.086
961.755
965.181
959.362
959.362
971.826
971.342
969.784
971.709
971.928
973.796
969.432
970.214
970.154
971.630
979.626
978.740
977.607
988.858
987.808
987.496
987.455
986.319
985.223
984.710
986.198
987.479
985.601
985.601
984.423
986.177
987.326
986.759
986.059
985.394
986.041
999.492
1006.082
1006.259
1005.048
1005.048
1005.386
1004.333
1004.061
1003.205
1004.053
1003.233
1009.275
1008.869
1008.547
999.769
999.540
1001.961
1002.252
1002.810
1004.576
1004.408
1005.619
1005.528
1009.998
1009.839
1007.806
1007.270
1007.068
1001.862
1002.163
1003.024
1018.624
1015.266
1016.071
1016.625
1018.054
1017.046
1016.235
995.096
995.155
995.482
993.369
992.785
993.267
995.393
995.413
995.413
992.791
992.403
990.564
988.655
993.436
990.617
992.910
996.451
998.030
997.047
996.360
996.596
993.371
994.809
994.827
994.362
1004.100
1003.521
1003.521
1003.333
992.465
994.358
992.057
992.169
991.865
991.735
991.515
990.956
989.694
988.778
988.142
988.681
972.730
968.510
968.551
968.980
968.109
972.254
966.007
969.666
971.985
975.332
972.019
974.909
973.484
972.014
972.387
972.348
974.247
974.533
973.851
975.399
972.231
971.748
972.874
972.863
971.662
971.050
971.050
973.157
972.974
973.121
973.268
973.063
974.960
970.626
971.278
971.496
972.242
972.295
973.156
973.156
963.588
963.916
965.472
965.057
964.447
964.998
965.226
965.740
963.165
963.143
962.944
962.303
961.419
959.534
960.312
965.020
965.020
968.318
968.318
969.084
964.078
963.168
962.975
963.499
963.460
961.248
956.302
956.144
958.341
958.341
962.392
967.191
967.274
966.694
964.938
964.694
962.228
962.228
962.204
961.424
966.271
966.309
967.016
966.100
965.608
968.245
968.819
968.165
977.702
978.036
973.985
975.208
975.902
975.925
975.925
975.913
977.762
977.891
980.293
980.177
979.905
979.273
982.462
990.807
988.497
986.907
985.737
986.928
987.382
983.614
983.652
981.435
985.295
986.092
979.427
977.690
967.093
968.447
968.342
969.761
969.699
973.619
973.150
973.244
981.274
995.367
998.122
998.122
1001.025
1001.687
1001.687
1001.251
1003.109
1004.656
1000.077
1000.708
1001.729
994.706
995.494
995.584
985.219
982.674
982.674
983.545
983.754
983.209
986.422
985.520
981.396
980.890
980.846
978.715
978.619
983.089
985.382
986.161
984.002
982.218
982.996
919.968
925.365
926.962
927.383
926.168
926.869
947.559
955.882
955.958
961.543
961.020
961.020
961.598
962.191
960.975
960.298
960.415
962.085
961.356
961.356
967.719
971.516
969.797
970.266
974.722
971.950
974.278
974.215
966.737
970.298
970.198
961.523
971.819
971.990
971.733
971.439
972.047
970.913
973.674
970.995
973.063
972.375
972.671
972.015
976.212
976.202
976.168
977.901
977.501
977.984
975.750
973.627
967.745
967.657
967.626
965.183
963.777
964.132
968.211
967.939
965.948
965.040
964.342
966.226
965.833
965.378
965.231
966.637
959.051
961.657
962.580
962.112
960.272
960.272
959.206
964.962
997.803
956.502
956.153
948.082
947.784
947.962
947.622
949.335
947.503
947.543
948.832
938.073
938.318
940.666
944.010
937.398
937.293
937.081
936.279
936.493
935.360
935.012
940.922
935.858
934.700
933.977
934.070
933.022
932.755
918.732
907.010
905.212
904.810
904.810
904.878
901.706
903.089
902.964
903.189
901.108
900.676
902.501
900.832
901.404
900.172
901.401
897.352
895.614
899.603
895.786
895.916

Error results for SA6
---------------------------
1136.957
1133.639
1140.672
1140.901
1154.977
1149.942
1149.770
1149.647
1152.131
1161.824
1161.824
1165.746
1161.998
1163.518
1161.820
1156.725
1154.311
1155.119
1153.810
1153.810
1150.725
1148.972
1148.990
1145.606
1145.330
1145.634
1145.147
1145.147
1143.831
1144.606
1144.369
1151.597
1151.236
1151.362
1151.835
1152.939
1150.346
1151.306
1153.536
1153.537
1145.303
1145.303
1145.303
1153.797
1142.366
1143.302
1140.167
1132.747
1127.204
1102.548
1104.668
1101.529
1101.331
1101.430
1101.563
1104.910
1107.630
1107.127
1106.984
1108.466
1118.792
1112.524
1111.913
1114.664
1119.389
1128.532
1123.064
1122.818
1135.275
1144.296
1151.688
1151.824
1145.966
1144.561
1144.664
1146.053
1146.053
1146.439
1146.378
1146.518
1143.947
1143.009
1126.696
1129.074
1129.380
1129.380
1127.575
1106.742
1094.278
1093.901
1098.990
1098.990
1098.900
1098.827
1099.057
1098.593
1099.042
1096.028
1092.279
1090.780
1088.781
1094.730
1098.404
1095.545
1094.729
1094.745
1096.905
1097.279
1091.554
1090.617
1091.556
1089.775
1087.447
1088.629
1090.725
1090.130
1089.596
1090.301
1084.817
1085.100
1085.100
1082.771
1075.537
1073.964
1073.432
1072.711
1070.678
1056.545
1056.635
1061.264
1059.049
1059.213
1061.187
1048.547
1057.375
1059.613
1056.909
1063.464
1050.783
1051.499
1051.415
1051.293
1051.472
1046.297
1048.831
1050.901
1050.868
1054.763
1054.356
1051.869
1062.055
1062.619
1063.021
1073.162
1068.919
1068.809
1069.767
1069.603
1069.603
1070.135
1070.845
1051.765
1054.745
1056.717
1057.215
1057.506
1056.690
1055.351
1069.551
1070.736
1066.244
1063.450
1069.602
1061.007
1061.829
1061.849
1065.478
1049.814
1058.972
1058.972
1047.749
1036.287
1012.865
1014.079
1014.466
1009.276
1009.276
1013.301
1021.052
1021.143
1022.199
1022.202
1028.857
1022.247
1020.547
1020.098
1020.098
1020.095
1019.605
1015.488
1014.338
1014.207
1003.813
1003.806
1018.306
1023.585
1022.437
1022.437
1022.453
1019.070
1019.070
1016.157
1019.397
1016.877
1015.827
1014.695
1017.726
1017.677
1017.756
1012.728
1012.728
1020.862
1023.116
1020.441
1015.753
1015.407
1015.103
1015.106
1015.106
1016.573
1016.573
1016.573
1016.814
1000.968
988.510
987.915
987.977
989.529
989.498
990.535
1008.272
1008.180
1000.830
1000.760
978.899
978.861
969.662
969.963
976.059
975.755
964.390
966.338
983.323
983.679
982.172
983.032
987.537
996.913
997.266
988.846
979.544
979.425
981.066
981.970
984.630
983.172
982.614
982.763
977.451
977.507
983.574
983.574
981.421
975.576
999.636
999.553
997.911
1003.442
1001.497
1022.961
1018.016
1018.479
1016.480
1018.256
1023.680
1024.483
1023.412
1023.974
1037.732
1037.437
1048.164
1026.890
1027.213
1027.759
1038.709
1021.404
1016.283
1017.206
1016.786
1011.751
1012.280
1007.337
1021.533
1020.440
1019.033
1019.505
1021.776
1021.776
1021.929
1021.935
1032.321
1032.546
1018.265
1018.735
1015.136
1015.136
1013.651
1012.091
1012.125
1031.700
1041.835
1042.341
999.157
999.139
999.166
999.285
1007.876
1001.339
1003.823
999.171
1028.773
1037.852
1034.962
1044.297
1045.359
1042.829
1028.591
1029.151
1025.551
1019.954
1018.517
1016.538
1016.263
1019.441
1021.312
1024.800
1021.030
1019.664
1001.633
1027.311
1033.170
1033.135
1033.079
1019.318
1019.318
1012.765
1032.214
1040.399
1038.371
1060.394
1060.394
1059.969
1063.009
1063.110
1069.687
1071.040
1069.572
1069.173
1068.760
1061.738
1070.078
1074.069
1056.860
1057.163
1057.513
1057.513
1056.874
1056.563
1057.396
1058.196
1061.782
1062.695
1067.021
1066.877
1067.747
1067.932
1078.900
1078.900
1076.368
1076.368
1075.109
1075.256
1091.188
1067.767
1067.872
1065.426
1063.661
1063.661
1065.961
1066.621
1062.856
1062.856
1063.191
1063.232
1063.232
1064.156
1064.900
1065.646
1065.916
1065.244
1066.081
1066.260
1065.545
1070.593
1070.780
1072.074
1069.243
1069.067
1072.157
1066.750
1066.750
1066.721
1092.316
1064.862
1067.246
1060.464
1057.334
1062.494
1061.637
1063.097
1076.705
1073.942
1074.234
1074.791
1080.092
1083.534
1028.209
1029.002
1028.231
1033.057
1033.057
1043.958
1034.036
1040.959
1040.959
1040.719
1040.719
1034.789
1034.789
1034.945
1035.201
1034.600
1033.587
1030.372
1049.134
1007.799
978.870
972.338
974.123
981.892
968.094
1005.377
966.242
966.050
966.050
964.522
964.522
958.375
950.371
952.452
950.084
946.526
944.769
942.808
944.258
945.841
941.175
953.821
970.385
913.440
913.439
918.174
914.791
910.036
908.944
907.692
907.661
910.346
913.343
906.600
906.591
909.658
909.947
906.487
916.113
906.608
906.478
906.172
874.118
874.025

Error results for SA7
---------------------------
1251.345
1258.373
1271.093
1257.133
1254.159
1256.018
1252.560
1252.246
1257.790
1355.566
1351.061
1343.389
1343.389
1338.810
1338.595
1337.854
1337.888
1331.093
1327.031
1327.636
1329.196
1335.520
1378.038
1376.352
1376.798
1370.089
1382.500
1380.442
1392.313
1423.060
1425.847
1424.724
1424.721
1425.855
1426.264
1416.698
1423.497
1407.041
1412.439
1405.121
1404.881
1406.708
1406.313
1407.950
1406.275
1407.628
1407.628
1423.183
1424.077
1424.719
1422.639
1422.848
1423.514
1423.514
1423.471
1414.969
1410.643
1410.268
1401.056
1398.812
1398.548
1397.226
1384.944
1384.944
1391.907
1389.351
1387.003
1388.102
1388.102
1388.854
1388.544
1388.544
1379.216
1379.117
1383.044
1396.830
1397.221
1396.644
1392.401
1380.051
1376.367
1366.725
1366.725
1365.009
1372.699
1372.699
1372.193
1368.526
1357.388
1348.620
1332.809
1326.229
1328.429
1328.429
1328.627
1331.683
1315.183
1317.969
1318.519
1322.847
1322.841
1320.498
1321.182
1321.291
1319.231
1319.117
1334.468
1330.210
1329.464
1323.880
1333.194
1341.163
1343.779
1338.328
1330.503
1338.364
1335.452
1356.550
1356.739
1354.553
1343.501
1336.049
1334.647
1329.058
1324.285
1323.041
1334.959
1326.200
1308.562
1305.767
1301.403
1302.612
1304.412
1305.079
1303.538
1296.887
1305.094
1288.865
1292.951
1297.103
1307.777
1320.037
1324.680
1325.880
1317.754
1326.967
1336.653
1317.215
1315.389
1297.201
1298.087
1313.722
1313.115
1313.420
1303.351
1273.985
1273.664
1275.411
1275.280
1276.362
1261.544
1260.823
1262.061
1258.731
1277.540
1290.184
1273.292
1273.007
1272.242
1277.045
1280.428
1259.813
1260.988
1253.119
1253.273
1257.565
1260.632
1262.470
1267.373
1242.022
1244.308
1240.864
1244.585
1228.518
1221.961
1221.652
1220.762
1232.635
1219.137
1216.088
1221.464
1227.837
1227.764
1227.764
1229.251
1200.079
1199.901
1222.378
1231.445
1206.925
1206.865
1207.371
1211.295
1194.984
1173.485
1173.485
1176.761
1173.938
1168.977
1170.647
1174.033
1172.903
1184.314
1195.090
1207.016
1210.487
1205.420
1204.371
1216.633
1213.257
1204.593
1205.836
1123.947
1122.651
1121.243
1118.093
1126.844
1125.934
1126.500
1126.500
1126.451
1128.368
1126.857
1124.466
1139.432
1133.344
1123.563
1121.816
1117.564
1070.241
1065.728
1065.045
1066.431
1069.139
1082.316
1079.982
1086.767
1086.014
1094.826
1103.494
1116.889
1115.774
1120.939
1132.324
1135.065
1148.151
1146.788
1146.392
1142.052
1142.052
1141.447
1140.768
1132.234
1130.055
1140.666
1140.900
1141.484
1141.314
1144.904
1143.638
1134.466
1134.514
1132.821
1144.247
1144.150
1149.378
1157.668
1161.613
1175.014
1168.787
1169.606
1164.159
1161.255
1153.643
1158.348
1163.980
1158.612
1155.262
1160.620
1161.352
1141.121
1131.828
1131.840
1132.938
1132.805
1123.478
1121.413
1121.048
1115.666
1128.108
1136.582
1136.728
1149.434
1158.948
1154.271
1156.871
1159.123
1157.282
1151.639
1151.639
1144.036
1126.026
1124.264
1108.560
1097.239
1095.368
1095.368
1099.279
1099.230
1101.412
1102.950
1101.245
1096.947
1096.341
1095.499
1117.494
1121.727
1122.659
1125.692
1096.286
1099.469
1098.423
1094.918
1115.413
1121.076
1122.241
1122.638
1117.641
1122.271
1123.265
1147.471
1147.453
1147.494
1145.120
1162.671
1162.056
1162.079
1178.232
1184.017
1192.689
1185.476
1185.476
1180.168
1180.168
1179.961
1179.966
1168.690
1187.908
1216.263
1205.408
1179.089
1179.089
1183.640
1188.383
1195.930
1199.632
1202.395
1218.849
1244.566
1246.503
1246.552
1243.080
1251.932
1259.783
1262.091
1261.989
1262.031
1262.003
1272.381
1267.982
1279.241
1281.648
1290.824
1284.533
1275.583
1284.459
1294.207
1294.207
1294.207
1294.986
1293.056
1295.366
1306.381
1301.428
1271.113
1260.253
1254.371
1254.982
1274.114
1274.328
1282.019
1278.404
1288.124
1291.178
1270.411
1260.846
1257.304
1261.411
1243.989
1241.717
1241.396
1241.029
1240.810
1241.649
1254.390
1254.390
1245.688
1245.688
1242.615
1240.589
1246.384
1245.994
1245.435
1244.547
1248.691
1271.464
1254.206
1252.124
1251.399
1247.481
1247.481
1251.209
1257.388
1270.264
1255.930
1195.248
1199.297
1193.550
1192.785
1194.604
1196.688
1186.272
1186.522
1194.495
1193.244
1192.339
1200.303
1190.493
1193.250
1190.493
1187.075
1188.754
1184.190
1181.237
1177.705
1174.753
1172.610
1172.619
1175.218
1178.131
1171.332
1171.332
1166.491
1171.421
1159.862
1165.067
1173.279
1162.448
1129.725
1125.058
1127.401
1127.559
1104.599
1082.449
1082.172
1071.461
1071.493
1073.129
1037.407
1034.944
1037.840
1029.776
1034.563
1032.847
1017.547
1021.762
1017.396
1028.414
1017.809
1017.809
1032.165
1017.244
1023.436
1018.989
1014.468
1013.779
1003.407
1002.636
1009.457
1010.010

Error results for SA8
---------------------------
904.798
904.320
917.776
918.381
924.622
921.491
916.228
898.707
896.861
897.293
898.868
898.911
904.627
904.627
903.754
903.763
903.763
903.476
901.685
909.674
908.809
911.471
915.467
909.378
896.223
896.145
893.965
893.965
892.258
891.527
891.001
891.689
897.805
898.047
898.047
895.874
895.716
898.965
900.255
901.678
907.019
908.393
908.399
908.393
923.770
923.951
923.954
923.483
923.673
914.907
915.255
917.152
929.435
929.247
929.358
926.193
926.784
924.374
924.571
921.947
926.569
927.929
923.629
926.318
926.095
926.229
939.322
928.383
924.997
926.111
923.224
923.053
923.043
922.947
922.941
923.027
923.612
906.912
907.163
908.915
908.106
908.106
901.246
900.433
900.293
900.293
893.005
894.285
897.076
890.915
890.915
884.286
883.300
884.511
900.113
900.113
925.736
926.912
926.010
925.876
925.453
928.225
926.982
927.863
928.316
928.150
928.526
929.524
930.735
929.834
930.340
930.340
928.190
932.311
932.645
927.012
901.288
900.959
901.286
901.286
902.216
902.519
902.407
902.836
903.528
902.932
902.618
916.690
928.226
927.422
927.395
925.666
925.671
919.475
914.517
924.549
924.606
923.668
922.178
915.685
914.824
913.125
909.346
909.192
908.810
916.988
916.884
929.032
929.008
930.279
933.344
936.314
961.810
961.846
956.635
954.062
953.952
952.574
953.410
953.410
953.529
947.402
949.110
949.952
936.898
930.023
929.153
929.153
935.918
927.638
933.288
913.217
916.524
914.323
914.131
915.507
915.837
916.076
923.220
926.680
939.277
939.276
934.157
934.350
934.300
940.149
940.112
938.009
934.388
935.610
932.938
932.941
932.941
933.859
926.002
926.240
929.190
929.044
929.681
933.431
933.715
930.973
930.849
931.486
922.985
923.728
924.023
924.023
921.927
916.546
919.219
918.183
900.591
900.821
900.723
904.505
900.760
897.655
898.189
898.464
899.123
900.233
901.710
901.710
901.899
901.898
903.845
903.459
909.356
906.577
909.424
909.168
898.972
897.418
896.374
902.772
915.084
913.048
914.057
917.615
929.310
928.563
934.246
934.942
919.880
917.549
917.549
916.552
916.620
916.967
918.867
918.874
919.793
919.441
919.484
920.915
922.720
923.631
923.941
923.778
929.067
929.067
929.528
936.675
936.575
936.184
936.822
936.156
936.909
936.708
932.506
925.512
925.512
926.007
934.539
930.647
930.485
934.668
934.393
934.481
935.375
935.606
935.588
928.003
927.796
927.796
930.028
917.042
917.563
917.574
917.574
917.755
917.162
909.712
910.963
912.451
912.528
912.882
915.856
910.920
910.920
909.670
909.833
909.648
909.648
909.196
911.109
912.887
914.868
914.868
913.357
931.691
931.498
930.834
930.834
929.675
929.675
932.435
928.690
930.613
932.396
932.396
940.261
952.609
952.609
963.915
963.972
964.588
978.703
979.956
982.762
979.096
979.096
979.096
979.586
979.697
970.899
970.859
962.092
962.043
963.342
959.526
960.113
961.071
958.899
958.888
958.888
958.055
957.397
943.427
944.476
962.154
962.154
963.497
963.498
973.407
973.578
974.426
974.890
965.048
965.048
957.029
957.030
965.514
965.514
949.890
951.035
951.254
955.748
950.313
950.764
950.764
949.953
950.630
943.757
944.988
934.598
935.611
939.972
936.588
936.588
920.318
920.337
925.568
931.474
915.211
909.137
912.227
911.949
911.949
912.990
922.992
923.084
920.580
920.171
920.011
919.875
914.363
913.885
913.777
913.444
913.099
905.222
902.707
902.815
903.127
903.070
902.664
881.936
880.502
878.696
879.728
881.691
896.159
897.755
907.935
897.757
897.775
895.917
895.584
895.536
895.540
898.082
898.161
901.099
902.535
901.898
901.913
901.677
904.552
905.264
905.271
905.275
885.736
887.970
888.277
888.620
886.407
886.089
885.120
880.124
879.427
878.651
884.348
884.924
886.254
883.548
881.059
874.701
874.701
863.885
864.204
864.303
856.794
861.312
855.521
845.122
844.256
860.844
843.245
853.550
841.113
853.963
840.126
839.069
847.298
838.828
838.250
828.923
827.497
834.574
829.704
827.334
826.367
828.723
832.078
824.087
821.362
817.775
819.021
818.854
815.025
807.049
800.666
809.592
800.255
809.080
791.534
790.883
815.369
783.280
783.280
784.724
753.831
751.741
763.461
752.269
752.022
751.722
751.871

Error results for SA9
---------------------------
938.205
999.574
983.104
982.776
1004.647
1006.212
1021.603
1002.240
1002.240
986.829
990.729
1020.966
1019.950
1019.950
1009.598
996.932
994.890
986.704
985.828
977.428
995.278
981.369
1005.029
1005.029
1001.547
1012.799
1012.147
1011.206
1009.320
1010.858
1011.650
1009.518
1011.302
1022.435
1024.804
1022.639
1022.639
1022.167
1019.341
1021.900
1024.017
1022.863
1022.863
1022.863
1022.842
1026.467
1025.972
1035.069
1034.271
1034.178
1033.666
1043.946
1043.099
1045.382
1038.224
1040.469
1056.353
1055.669
1046.977
1045.135
1048.212
1058.800
1044.817
1042.603
1042.793
1036.837
1044.285
1041.115
1043.587
1041.621
1040.992
1037.281
1053.859
1064.535
1058.282
1058.822
1060.897
1047.373
1047.373
1035.749
1033.139
1031.389
1030.891
1046.668
1044.235
1043.504
1044.948
1030.103
1030.278
1030.352
991.221
990.250
974.821
975.193
987.550
986.361
986.361
978.984
976.085
980.928
980.904
983.338
983.338
955.479
955.977
956.257
954.736
943.908
935.832
935.832
932.625
941.180
938.592
936.667
950.784
961.448
962.571
962.742
963.625
963.928
961.251
958.774
959.009
960.429
973.522
970.224
970.224
968.385
974.087
972.531
972.590
972.117
960.515
959.780
962.017
967.323
967.601
974.865
974.838
965.672
969.623
969.623
966.339
961.653
958.095
959.453
953.958
952.241
952.272
951.111
946.504
946.192
946.192
943.773
944.467
951.445
953.664
953.166
948.952
952.924
963.079
963.923
919.538
919.121
914.941
903.446
892.556
891.173
888.619
886.533
886.687
888.425
888.444
888.390
898.368
898.438
898.438
919.040
924.948
916.337
916.785
920.984
916.689
916.883
909.984
908.040
910.972
912.742
913.945
920.726
921.308
930.474
936.458
957.128
949.390
945.539
945.539
945.588
945.625
942.718
922.560
922.560
935.413
928.364
921.081
902.971
907.232
909.383
913.334
936.577
936.725
937.030
938.940
944.881
945.760
938.884
939.039
940.003
981.585
963.184
962.425
968.814
971.171
956.625
943.989
943.989
947.629
947.629
958.984
959.168
967.028
959.978
964.534
964.176
1015.658
1015.389
1042.231
1042.227
1082.211
1076.230
1064.311
1057.884
1046.615
1038.052
1043.532
1082.273
1077.850
1080.496
1080.673
1080.682
1080.682
1078.115
1069.545
1064.767
1064.767
1065.367
1049.201
1050.069
1059.756
1058.134
1057.146
1059.131
1046.397
1047.829
1052.721
1052.413
1048.410
1046.967
1038.462
1042.827
1041.211
1032.407
1034.882
1029.046
1009.365
1014.679
1020.480
1019.375
1019.736
1019.349
1022.711
1022.851
1022.147
1022.013
1032.132
1031.516
1030.612
1029.586
1022.064
1021.599
1028.538
1033.184
1029.663
1029.663
1021.327
1027.294
1027.324
1027.874
1029.150
1032.933
1035.622
1034.095
1017.459
986.297
994.727
993.227
986.140
989.217
979.160
975.911
975.923
988.957
990.229
982.099
982.241
985.061
989.463
984.310
982.964
984.936
990.400
992.995
994.630
1002.871
1006.194
1003.631
1003.631
1004.413
1003.079
1012.748
1004.050
1013.159
1014.159
1018.165
1015.498
1017.640
1017.978
1008.748
1012.004
1008.395
1011.807
1006.793
1012.658
1011.151
1012.972
1012.966
1001.876
997.672
1001.830
1000.469
1003.960
1001.800
1002.617
1000.456
999.304
1004.922
1008.535
1002.145
1002.145
997.799
988.584
975.947
964.698
964.475
960.249
977.325
984.447
999.484
988.752
990.593
982.945
987.445
1082.596
1085.497
1085.955
1088.508
1087.754
1086.213
1089.307
1081.569
1077.272
1069.529
1069.549
1069.700
1069.070
1068.585
1071.185
1075.811
1073.498
1073.971
1070.294
1074.697
1074.221
1067.245
1067.356
1068.060
1068.338
1067.646
1079.358
1085.393
1093.390
1085.290
1089.418
1093.856
1108.281
1100.954
1099.138
1091.270
1093.264
1092.211
1100.518
1104.771
1104.467
1107.089
1102.832
1103.932
1103.414
1107.733
1098.554
1099.874
1096.118
1091.085
1088.919
1091.892
1088.429
1082.577
1091.811
1115.171
1090.233
1090.707
1073.268
1077.075
1069.411
1073.854
1075.676
1076.260
1073.810
1068.700
1073.491
1091.417
1074.769
1075.162
1075.727
1073.478
1072.346
1068.421
1068.506
1071.674
1076.693
1072.064
1069.746
1067.978
1081.646
1084.847
1064.166
1065.039
1083.468
1065.244
1065.244
1071.496
1074.799
1056.091
1046.150
1044.399
1038.406
1037.467
1034.232
1034.400
1035.354
1035.170
1036.654
1032.620
1033.672
1033.179
1021.057
1032.126
1021.057
1032.241
1015.808
1017.062
980.790
992.147
1039.830
974.448
975.248
970.554
969.395
969.395
960.066
960.015
960.540
959.678
957.745
957.360
957.418
955.479
958.842
954.205
955.573
955.503

Error results for SA10
---------------------------
1148.074
1152.359
1150.399
1147.259
1164.614
1169.004
1168.639
1178.566
1174.849
1173.255
1168.923
1161.985
1163.284
1163.284
1162.155
1166.308
1168.393
1173.643
1166.365
1154.245
1156.645
1155.990
1147.873
1147.096
1145.475
1146.799
1157.095
1157.521
1195.088
1197.300
1206.971
1200.059
1198.977
1186.573
1159.490
1156.265
1145.097
1145.549
1145.904
1147.285
1150.527
1150.046
1155.173
1154.015
1162.531
1155.391
1155.143
1156.621
1150.385
1151.559
1150.131
1152.735
1151.433
1147.490
1147.505
1166.212
1166.212
1167.196
1167.066
1156.605
1155.591
1132.197
1123.550
1145.288
1145.021
1145.186
1152.979
1156.305
1165.749
1161.057
1159.497
1164.155
1110.616
1117.990
1124.327
1122.573
1138.521
1138.914
1133.389
1133.932
1115.675
1115.675
1119.675
1119.675
1119.675
1127.193
1127.015
1124.823
1127.953
1127.953
1130.706
1128.165
1128.165
1124.180
1118.706
1118.761
1123.301
1119.566
1113.576
1104.600
1110.819
1097.736
1098.982
1117.902
1119.275
1113.352
1110.642
1122.834
1110.893
1112.451
1126.880
1126.174
1126.189
1126.189
1133.700
1132.527
1147.229
1150.606
1158.912
1151.291
1148.288
1149.002
1152.850
1146.716
1147.954
1149.774
1143.097
1140.232
1146.903
1146.264
1148.435
1146.499
1145.810
1171.691
1176.430
1173.056
1199.006
1189.641
1193.812
1195.556
1200.137
1178.140
1177.963
1188.940
1199.256
1199.256
1199.168
1199.265
1202.257
1199.277
1201.297
1186.318
1176.379
1171.066
1177.092
1180.171
1180.519
1181.027
1176.721
1199.789
1199.800
1180.639
1176.332
1159.882
1152.380
1165.028
1177.383
1183.461
1181.853
1182.062
1182.726
1176.038
1176.714
1226.426
1238.514
1235.400
1235.400
1240.655
1241.905
1252.179
1252.058
1248.952
1248.791
1251.379
1252.136
1247.942
1251.173
1249.262
1249.532
1249.698
1248.763
1238.022
1239.044
1245.503
1217.048
1217.547
1206.329
1214.423
1216.121
1210.351
1207.174
1208.943
1226.287
1250.057
1248.938
1248.736
1249.694
1235.800
1244.766
1256.675
1251.840
1258.829
1254.995
1261.151
1263.218
1263.269
1262.377
1277.636
1278.194
1293.667
1294.439
1304.330
1297.279
1303.454
1315.842
1316.771
1319.781
1326.108
1321.708
1319.897
1320.437
1322.207
1322.207
1322.646
1330.559
1333.447
1346.897
1345.080
1345.631
1344.992
1341.936
1335.878
1335.555
1335.626
1326.186
1323.387
1320.690
1339.401
1270.992
1270.992
1269.246
1310.903
1310.763
1310.740
1308.145
1304.015
1306.064
1303.137
1302.855
1300.291
1296.136
1279.505
1279.413
1282.582
1283.029
1277.152
1234.595
1263.826
1275.518
1298.836
1294.335
1289.859
1289.859
1292.063
1290.048
1281.535
1281.454
1267.550
1239.886
1238.709
1237.864
1241.427
1246.115
1242.957
1243.408
1209.045
1209.045
1225.436
1222.825
1234.986
1229.557
1242.773
1227.773
1213.258
1210.193
1203.936
1249.185
1253.873
1288.862
1288.862
1281.636
1267.190
1267.190
1254.552
1254.552
1256.420
1260.646
1260.685
1266.152
1264.051
1263.491
1260.521
1261.948
1268.092
1267.969
1264.844
1266.998
1272.531
1277.582
1277.493
1230.126
1230.142
1227.238
1228.208
1264.073
1263.399
1267.705
1280.386
1281.224
1281.224
1263.039
1263.477
1218.977
1209.762
1210.198
1209.726
1213.500
1199.213
1181.700
1178.849
1180.937
1180.662
1215.452
1216.501
1224.621
1224.422
1249.608
1249.608
1236.807
1237.389
1249.480
1258.673
1256.696
1259.539
1262.773
1262.773
1266.058
1266.058
1264.894
1263.670
1267.222
1282.386
1289.794
1289.238
1289.190
1293.425
1293.852
1284.855
1274.144
1287.348
1277.443
1311.969
1306.323
1295.955
1297.489
1297.965
1306.763
1300.610
1290.534
1288.488
1289.466
1307.000
1300.297
1299.716
1323.956
1334.174
1365.630
1334.157
1336.181
1329.708
1329.016
1327.890
1323.454
1322.808
1322.247
1299.289
1300.633
1284.047
1282.035
1280.080
1294.208
1298.983
1296.824
1295.657
1304.358
1301.009
1287.463
1282.713
1282.237
1260.574
1264.143
1268.937
1221.723
1236.713
1223.618
1222.921
1223.516
1223.439
1221.182
1221.169
1220.460
1210.579
1206.669
1206.614
1209.190
1206.366
1206.739
1197.964
1211.050
1211.383
1209.517
1210.648
1210.648
1212.801
1241.181
1213.319
1221.888
1226.330
1226.330
1223.706
1229.826
1233.847
1231.023
1321.401
1249.542
1232.293
1232.139
1232.065
1238.908
1239.475
1239.282
1241.821
1240.574
1240.574
1238.538
1232.312
1230.651
1230.659
1229.062
1218.372
1211.664
1210.531
1186.360
1189.603
1188.933
1188.913
1193.440
1184.112
1179.683
1196.993
1181.037
1207.839
1177.768
1171.508
1179.767
1171.957
1155.070
1155.070
1117.597
1113.294
1109.869
1124.404
1104.008
1117.790
1103.144
1104.058
1115.047
1107.249
1100.131
1089.416
1092.171
1104.215
1089.000
1076.603
1086.170
1069.596
1069.536
1069.252
1072.299
1072.524

--------------------------------------------
Results for SA1: 
--------------------------------------------
Correctly classified (TEST) 2246.0 instances.
Incorrectly classified (TEST) 1071.0 instances.
Percent correctly classified (TEST): 67.712%

Correctly classified (TRAIN)5149.0 instances.
Incorrectly classified (TRAIN) 2589.0 instances.
Percent correctly classified (TRAIN): 66.542%

Training time: 26.535 seconds
Testing time: 0.130 seconds

--------------------------------------------
Results for SA2: 
--------------------------------------------
Correctly classified (TEST) 1845.0 instances.
Incorrectly classified (TEST) 1472.0 instances.
Percent correctly classified (TEST): 55.623%

Correctly classified (TRAIN)4407.0 instances.
Incorrectly classified (TRAIN) 3331.0 instances.
Percent correctly classified (TRAIN): 56.953%

Training time: 31.551 seconds
Testing time: 0.068 seconds

--------------------------------------------
Results for SA3: 
--------------------------------------------
Correctly classified (TEST) 1589.0 instances.
Incorrectly classified (TEST) 1728.0 instances.
Percent correctly classified (TEST): 47.905%

Correctly classified (TRAIN)3732.0 instances.
Incorrectly classified (TRAIN) 4006.0 instances.
Percent correctly classified (TRAIN): 48.230%

Training time: 25.101 seconds
Testing time: 0.070 seconds

--------------------------------------------
Results for SA4: 
--------------------------------------------
Correctly classified (TEST) 1962.0 instances.
Incorrectly classified (TEST) 1355.0 instances.
Percent correctly classified (TEST): 59.150%

Correctly classified (TRAIN)4539.0 instances.
Incorrectly classified (TRAIN) 3199.0 instances.
Percent correctly classified (TRAIN): 58.659%

Training time: 29.647 seconds
Testing time: 0.070 seconds

--------------------------------------------
Results for SA5: 
--------------------------------------------
Correctly classified (TEST) 2038.0 instances.
Incorrectly classified (TEST) 1279.0 instances.
Percent correctly classified (TEST): 61.441%

Correctly classified (TRAIN)4814.0 instances.
Incorrectly classified (TRAIN) 2924.0 instances.
Percent correctly classified (TRAIN): 62.212%

Training time: 30.504 seconds
Testing time: 0.068 seconds

--------------------------------------------
Results for SA6: 
--------------------------------------------
Correctly classified (TEST) 2122.0 instances.
Incorrectly classified (TEST) 1195.0 instances.
Percent correctly classified (TEST): 63.973%

Correctly classified (TRAIN)5013.0 instances.
Incorrectly classified (TRAIN) 2725.0 instances.
Percent correctly classified (TRAIN): 64.784%

Training time: 30.766 seconds
Testing time: 0.071 seconds

--------------------------------------------
Results for SA7: 
--------------------------------------------
Correctly classified (TEST) 1811.0 instances.
Incorrectly classified (TEST) 1506.0 instances.
Percent correctly classified (TEST): 54.598%

Correctly classified (TRAIN)4115.0 instances.
Incorrectly classified (TRAIN) 3623.0 instances.
Percent correctly classified (TRAIN): 53.179%

Training time: 27.235 seconds
Testing time: 0.064 seconds

--------------------------------------------
Results for SA8: 
--------------------------------------------
Correctly classified (TEST) 2380.0 instances.
Incorrectly classified (TEST) 937.0 instances.
Percent correctly classified (TEST): 71.752%

Correctly classified (TRAIN)5504.0 instances.
Incorrectly classified (TRAIN) 2234.0 instances.
Percent correctly classified (TRAIN): 71.129%

Training time: 26.796 seconds
Testing time: 0.062 seconds

--------------------------------------------
Results for SA9: 
--------------------------------------------
Correctly classified (TEST) 2112.0 instances.
Incorrectly classified (TEST) 1205.0 instances.
Percent correctly classified (TEST): 63.672%

Correctly classified (TRAIN)4801.0 instances.
Incorrectly classified (TRAIN) 2937.0 instances.
Percent correctly classified (TRAIN): 62.044%

Training time: 25.826 seconds
Testing time: 0.075 seconds

--------------------------------------------
Results for SA10: 
--------------------------------------------
Correctly classified (TEST) 1670.0 instances.
Incorrectly classified (TEST) 1647.0 instances.
Percent correctly classified (TEST): 50.347%

Correctly classified (TRAIN)3947.0 instances.
Incorrectly classified (TRAIN) 3791.0 instances.
Percent correctly classified (TRAIN): 51.008%

Training time: 27.882 seconds
Testing time: 0.067 seconds