Error results for GA1
---------------------------
1223.475
919.762
1299.556
880.933
879.281
932.092
1041.573
934.036
1220.363
1025.113
934.900
993.846
836.028
1003.754
890.960
941.393
885.867
965.603
1047.449
1035.907
1250.386
1029.978
1041.656
920.441
799.807
1043.069
1090.948
1112.756
1042.097
1104.228
1126.423
889.289
990.573
1131.620
982.280
1097.439
938.448
1096.404
1075.110
901.504
1093.893
1078.956
983.505
976.607
915.451
1097.991
1027.322
1141.737
980.975
1193.403
1024.065
951.886
917.880
946.159
827.120
791.472
1236.340
863.870
1040.897
922.438
796.472
973.328
1141.465
1130.034
830.726
708.594
893.916
1179.592
863.362
900.217
1102.238
864.963
766.924
904.958
778.984
1065.928
758.923
1010.178
838.004
926.260
725.631
640.133
848.768
900.586
710.570
882.234
884.308
832.384
818.166
662.109
821.813
741.959
656.488
746.918
862.746
728.143
547.598
806.396
727.150
552.189
722.315
729.994
840.454
766.449
582.131
826.759
636.782
651.157
640.199
770.457
706.512
531.826
451.667
528.317
477.112
571.729
491.440
569.748
557.894
607.708
569.663
643.978
551.843
529.871
567.156
629.896
527.251
609.025
489.076
452.231
543.826
466.947
545.992
577.675
405.545
422.948
476.895
500.632
719.256
525.044
505.919
490.325
421.950
419.981
492.767
468.776
448.421
503.582
522.953
418.860
492.162
482.054
376.920
505.444
373.554
466.548
408.853
378.334
437.953
453.706
395.279
466.180
381.469
413.422
429.293
443.953
467.874
478.368
352.867
368.255
480.877
329.324
428.079
392.691
330.872
534.598
340.637
363.626
372.783
350.284
371.092
390.400
363.790
333.200
422.550
400.368
453.945
363.044
359.010
359.988
491.531
358.206
394.223
383.499
360.074
345.292
350.846
436.956
358.720
369.426
359.703
364.527
329.513
335.488
345.664
337.470
339.058
362.992
380.934
334.238
361.904
342.803
336.729
358.673
344.980
331.602
327.206
342.548
369.978
318.547
351.536
350.860
395.474
349.284
337.968
329.785
346.794
333.033
315.568
365.728
350.291
417.772
337.157
354.055
316.858
343.260
337.240
344.881
348.636
359.060
360.356
368.525
309.786
324.001
349.536
329.622
353.560
340.995
336.612
303.396
298.349
297.651
299.976
306.707
295.749
301.284
345.286
296.579
319.592
355.025
313.064
328.267
314.611
313.792
310.305
318.008
297.377
373.517
298.648
288.082
316.370
304.560
306.064
312.605
328.552
318.025
344.153
296.275
305.275
286.366
350.159
288.974
286.118
294.140
302.676
286.977
342.095
304.811
297.442
313.869
290.488
292.190
285.301
322.392
294.713
350.971
299.200
312.016
278.609
382.791
292.714
284.887
292.228
287.080
285.128
311.804
299.004
285.940
284.490
285.152
280.078
277.253
275.789
280.384
271.270
284.026
292.507
285.956
274.584
292.872
293.382
290.976
290.276
299.732
295.547
269.537
275.183
275.278
319.049
303.865
303.582
285.720
263.289
276.535
283.615
275.558
274.382
288.624
308.234
279.304
288.764
274.510
276.195
280.513
288.057
289.587
261.176
265.739
273.761
276.115
281.806
268.174
276.997
270.549
281.278
273.958
281.059
284.858
270.675
263.580
293.872
284.093
282.085
266.575
273.713
267.010
273.185
280.895
283.097
305.898
278.502
310.207
305.853
293.204
263.589
288.289
269.790
267.500
272.967
286.067
284.205
272.676
281.872
279.505
295.925
276.944
299.478
271.058
282.566
278.309
266.190
280.374
293.883
291.443
276.548
285.240
273.776
294.040
264.564
260.161
258.797
283.875
268.663
279.346
269.860
264.091
272.585
262.141
263.486
291.636
285.776
288.042
270.933
273.800
268.111
290.469
264.424
262.473
276.769
265.564
267.960
259.277
281.103
279.288
255.448
267.371
275.705
273.767
266.934
274.227
290.429
276.893
265.753
264.594
277.626
278.674
262.494
272.936
267.080
271.216
270.793
271.614
262.418
258.979
287.046
274.650
267.751
264.889
270.838
266.919
284.152
266.900
267.372
262.175
271.500
264.261
276.283
260.779
268.259
272.071
286.447
266.122
270.135
268.427
259.069
273.495
276.821
268.159
263.487
266.268
265.477
265.776
272.252
269.375
270.203
259.866
273.233
268.363
259.342
273.688
266.687
275.880
267.743
263.897
261.646
258.015
266.911
257.427
269.801
274.855
261.493
273.375
263.316
270.651
274.261
262.833
264.225
267.926
256.296
271.775

Error results for GA2
---------------------------
974.992
1012.109
855.785
1298.586
996.126
1433.604
1005.085
967.121
1118.780
945.008
793.537
938.696
1093.188
1008.690
1034.191
999.944
999.584
988.099
960.220
1288.789
874.024
1230.289
900.286
979.952
985.501
1098.799
850.012
1041.635
830.037
1032.728
1050.309
968.774
1357.486
1019.170
911.565
1019.579
1049.756
843.668
985.587
868.074
992.162
1031.781
1186.697
1027.900
1018.079
675.457
794.757
998.903
693.731
771.916
836.932
1171.386
701.733
879.186
984.217
908.147
784.222
774.638
1059.475
890.777
952.091
802.843
1130.147
932.679
610.077
803.763
1123.994
895.081
982.336
653.733
870.952
627.267
1132.226
942.533
916.248
721.595
975.243
815.853
766.594
862.333
880.953
847.008
898.528
981.164
699.640
666.066
847.744
730.260
856.196
850.337
919.713
814.790
642.344
692.759
685.255
710.156
659.453
726.547
604.885
815.093
755.488
754.487
722.839
737.129
888.212
706.881
627.670
639.006
623.658
613.573
561.296
666.160
891.438
658.570
799.308
594.123
560.394
709.775
803.383
630.076
544.174
561.163
613.321
495.806
743.305
551.739
602.698
527.153
805.282
626.409
553.671
519.194
724.575
769.173
466.481
555.668
548.945
715.903
528.855
463.000
478.818
481.442
542.798
508.280
466.385
497.078
547.019
585.444
431.047
474.889
516.852
460.086
467.190
406.236
434.589
426.986
422.948
522.727
456.113
455.539
497.505
471.186
431.532
407.814
494.049
413.244
435.885
445.884
423.586
451.950
404.430
499.456
394.065
527.620
353.820
373.945
420.576
462.763
475.261
393.727
393.003
564.851
411.059
494.554
422.898
382.623
378.552
386.155
385.341
371.854
352.422
368.136
348.659
474.601
402.918
380.469
388.266
362.242
378.044
375.812
336.811
345.802
413.791
370.741
389.722
395.378
390.402
320.495
459.264
344.942
324.097
324.955
341.485
349.709
316.787
354.359
349.627
316.787
344.839
354.103
400.182
322.342
357.893
365.897
404.484
354.227
325.858
348.711
318.401
304.018
348.469
332.615
313.787
322.794
346.805
333.159
314.330
321.035
368.952
345.234
375.661
323.193
327.105
331.986
316.902
377.395
336.177
368.691
319.881
358.370
350.204
310.573
395.240
311.717
305.008
336.629
333.843
298.001
309.311
304.512
301.282
304.682
359.642
317.967
370.339
313.143
371.681
317.467
336.355
325.206
325.254
316.596
309.372
311.609
295.809
343.075
348.164
333.158
300.569
313.495
329.781
327.749
313.067
292.832
325.469
324.399
320.795
300.001
329.620
371.724
303.980
296.847
309.818
312.343
307.969
313.700
336.734
328.256
305.095
323.000
300.027
316.696
362.602
295.737
287.725
321.300
309.178
289.635
277.426
292.752
298.188
306.718
299.899
279.482
331.348
311.434
311.875
289.948
298.529
299.881
320.937
292.147
292.341
304.239
298.578
308.643
306.111
305.008
281.750
307.357
316.051
311.378
298.038
299.194
306.607
311.013
299.378
303.361
312.480
298.666
296.821
301.238
290.064
326.294
300.272
299.332
294.746
306.179
299.192
292.011
328.391
293.022
303.372
281.391
312.123
322.636
307.373
300.203
330.108
301.247
294.881
281.600
297.482
295.204
272.513
290.130
289.542
296.450
298.177
311.397
311.475
296.606
279.192
345.494
288.460
288.763
296.929
308.773
292.576
295.702
301.502
299.198
295.194
284.220
288.532
291.994
293.627
283.222
287.126
293.975
294.044
291.832
304.466
281.505
285.477
293.613
296.847
295.353
285.347
300.563
293.192
296.917
287.116
288.998
291.746
296.390
298.758
299.579
306.038
288.645
282.177
290.820
297.198
297.451
280.474
274.341
289.621
288.246
280.728
284.493
284.332
286.129
284.465
293.436
294.740
291.940
294.565
293.581
295.383
283.034
279.044
297.213
280.342
308.381
280.397
299.660
291.501
275.927
296.700
281.188
283.940
298.005
291.310
287.214
274.245
291.102
280.930
304.949
296.960
288.077
285.683
286.323
289.628
290.537
276.691
301.036
282.783
288.240
280.650
287.985
300.051
280.008
291.654
296.988
292.856
296.377
292.706
293.476
272.761
280.360
301.917
277.004
285.383
292.210
284.230
293.889
293.439
286.016
289.977
281.364
276.408
276.938
288.826
304.308
287.799
286.398
283.476
294.577
276.334
300.395
293.138
296.742
277.442
280.475
290.214
274.838
289.563
284.098
288.115
287.327

Error results for GA3
---------------------------
953.116
1073.111
1138.220
675.259
1181.124
1120.575
892.218
838.476
1039.114
765.448
983.341
1091.523
915.729
892.836
1013.704
739.571
1054.707
840.708
1100.045
1000.613
942.119
1206.110
781.817
1025.243
1039.561
966.759
994.311
1064.211
1029.920
1074.860
953.790
728.145
1006.341
896.488
987.562
1022.503
901.315
818.454
1013.893
773.728
819.606
762.035
961.020
836.253
1022.678
781.686
990.663
806.884
1046.519
1066.069
1032.301
1055.412
922.268
1228.048
956.208
995.550
929.731
993.112
1093.037
1108.776
1014.795
864.318
907.154
880.436
928.960
865.308
1137.695
913.822
1149.258
658.766
856.851
870.191
895.512
867.429
886.633
951.309
795.322
859.273
1006.601
709.032
984.727
731.511
826.379
971.626
800.412
972.450
720.983
945.773
824.873
807.219
795.080
1042.083
806.571
955.506
900.670
785.918
860.403
776.289
805.865
746.295
644.546
793.380
940.436
757.499
642.650
729.835
737.402
652.206
760.731
714.568
613.123
643.767
648.809
683.020
563.679
507.970
677.763
565.263
654.228
718.008
483.257
600.125
648.363
551.127
618.203
551.793
587.867
457.316
674.068
584.171
475.294
498.029
539.498
505.444
466.899
545.067
505.118
401.613
470.729
438.176
402.138
560.519
416.471
477.980
457.389
422.053
549.591
424.643
473.867
398.465
398.544
435.638
405.921
347.187
461.674
381.273
407.916
490.003
485.380
439.350
419.522
401.053
457.054
489.214
421.838
412.979
391.108
430.738
448.412
535.461
378.315
431.522
415.003
373.265
450.380
446.029
435.742
397.871
412.065
418.776
363.096
481.563
463.501
477.031
376.782
336.977
373.660
353.432
337.622
396.263
343.379
360.606
314.104
390.165
418.926
397.101
385.296
327.728
353.122
376.488
417.821
383.559
417.275
360.049
343.267
379.916
359.776
347.646
358.863
400.007
371.312
374.053
402.795
347.280
330.910
424.417
443.806
347.491
350.661
377.396
358.204
323.824
332.324
352.194
362.906
329.226
381.523
378.399
362.364
393.269
425.724
350.887
348.190
340.782
320.798
359.188
334.753
333.028
349.099
340.463
372.537
361.327
306.140
429.897
340.992
350.945
317.906
343.964
356.499
325.421
319.780
351.459
326.034
323.121
349.931
317.084
331.198
344.671
315.278
394.343
314.644
333.361
303.069
316.740
345.652
345.278
324.792
313.641
328.820
330.339
348.547
310.511
311.961
352.323
295.863
339.906
315.758
338.274
334.078
350.101
346.915
346.450
396.322
309.224
328.543
304.051
311.406
320.828
326.363
314.317
311.534
301.518
330.205
318.049
352.357
301.163
338.650
355.044
326.463
350.886
321.759
371.701
364.885
305.063
360.412
306.520
332.635
300.994
335.675
294.364
294.661
333.539
331.051
312.247
312.247
340.104
361.488
318.211
314.885
321.416
322.576
311.723
349.818
294.090
356.577
300.414
294.037
313.157
323.389
306.920
316.626
305.912
350.023
325.655
319.081
316.929
325.646
299.487
301.823
354.357
324.785
295.130
328.777
301.028
296.161
312.293
310.541
316.686
352.298
311.297
310.060
339.751
347.433
302.583
323.000
299.293
336.154
312.709
311.353
324.129
297.970
292.587
300.765
305.873
338.829
306.355
307.595
331.852
285.393
294.624
293.569
317.570
293.638
285.031
305.815
317.133
288.830
342.385
300.564
299.035
313.812
281.498
302.976
343.576
305.497
303.800
328.072
326.799
287.039
327.096
282.806
291.403
296.737
294.821
314.822
298.826
301.837
301.837
294.088
325.949
322.209
309.627
301.577
297.524
301.163
305.417
292.709
287.184
279.912
294.428
344.003
318.970
300.264
299.859
326.991
305.618
298.881
288.872
292.104
309.498
294.610
310.151
292.324
286.653
293.457
314.765
299.172
289.627
276.696
290.579
282.540
299.154
294.933
294.490
312.372
286.637
327.649
290.729
286.429
285.964
282.051
289.328
314.625
298.926
280.571
285.587
290.092
322.375
301.150
298.030
286.803
310.418
294.400
300.937
280.119
300.006
286.657
297.897
294.504
298.896
294.856
288.880
298.565
296.433
309.001
285.906
293.812
321.512
283.505
292.212
305.078
302.614
299.228
293.571
306.278
287.885
299.611
309.317
277.762
314.001
294.055
291.720
289.506
296.705
284.962
297.384
292.384
309.596
293.019
297.028
305.045
289.596
284.691
301.177
305.072
288.089
295.497
286.874
295.788
309.648

Error results for GA4
---------------------------
930.643
1076.318
997.642
1273.143
1244.475
1105.725
1255.388
888.734
714.035
1140.660
1023.461
1174.285
955.921
960.003
1123.049
1291.457
833.918
706.875
715.329
1005.003
986.814
1064.786
869.665
1081.072
911.339
990.900
1048.922
987.603
1119.251
896.624
993.566
818.605
941.801
1004.759
1000.786
931.849
1046.276
970.997
848.391
881.880
963.439
734.536
802.973
735.034
871.100
784.589
977.142
996.481
851.359
716.553
974.210
602.943
770.385
1005.576
700.764
751.110
962.044
670.615
589.286
1007.045
788.614
856.121
774.495
836.630
722.672
832.848
829.511
831.679
813.877
768.975
733.764
888.330
622.424
609.723
790.556
603.614
711.302
876.079
685.130
671.024
678.502
589.013
693.321
722.761
715.291
691.134
575.649
715.222
621.215
674.923
514.896
578.406
618.403
656.104
721.861
600.067
510.837
478.984
623.543
621.866
518.771
610.257
709.357
530.758
465.068
541.965
601.721
539.275
493.587
511.460
468.601
708.456
539.269
835.723
461.582
540.873
448.247
625.336
512.647
543.273
541.331
569.642
432.299
543.746
507.312
523.827
492.100
461.354
504.728
587.799
499.088
449.929
545.623
670.321
543.000
528.551
449.734
500.844
440.802
560.220
603.168
450.601
387.828
596.507
441.832
493.354
519.996
526.906
489.251
484.349
511.389
467.756
484.462
469.001
424.878
648.020
419.034
472.443
621.561
426.587
403.025
389.435
399.792
422.698
440.732
470.842
373.036
463.526
408.830
450.797
450.501
406.397
442.858
407.640
356.726
446.890
400.588
490.839
419.653
443.944
392.379
398.201
384.915
412.068
393.519
331.712
420.733
390.289
394.985
376.174
376.276
365.966
455.002
396.685
420.733
486.416
494.295
424.596
395.156
430.865
384.312
371.776
524.919
384.972
370.202
399.870
422.264
396.484
378.891
393.313
367.823
353.491
384.434
347.001
356.177
402.554
384.328
416.132
388.558
366.946
363.240
398.060
363.455
345.060
357.934
374.307
328.493
409.963
334.896
340.111
357.417
337.693
390.209
341.997
337.102
337.037
379.302
384.591
401.438
326.591
350.138
353.641
354.488
446.954
331.918
345.561
360.190
338.199
371.405
335.292
395.089
367.295
352.169
313.583
341.044
378.142
396.839
357.322
370.831
345.999
343.387
347.746
353.245
333.704
436.131
346.529
316.787
303.516
361.818
344.490
319.938
363.384
333.878
316.853
324.152
303.871
320.177
332.975
310.620
381.171
332.610
339.486
371.392
345.941
320.374
337.304
312.037
330.491
327.146
326.289
313.014
295.808
332.229
307.876
298.955
323.671
306.350
341.024
339.909
307.780
342.338
317.553
359.678
314.871
325.669
317.877
334.366
332.421
372.665
332.593
291.201
344.976
334.328
342.962
326.520
337.570
310.934
300.973
309.894
422.283
322.698
326.314
314.339
282.944
318.080
327.284
330.580
329.994
374.324
291.022
303.889
337.262
318.966
324.943
307.874
297.993
342.632
309.421
334.457
293.734
292.195
309.877
325.396
308.021
292.610
302.214
319.976
307.612
305.432
283.685
294.991
320.198
295.484
308.511
303.216
313.944
280.459
297.765
302.109
289.932
307.180
320.009
313.197
296.962
317.104
307.602
291.435
298.130
286.116
290.706
310.684
325.962
340.698
304.238
292.893
291.308
282.050
308.472
285.088
291.215
291.702
272.694
301.066
294.868
323.075
313.744
308.807
285.318
292.502
300.484
295.582
286.031
311.468
373.192
314.307
313.916
297.065
291.294
284.776
291.995
287.019
318.475
291.036
283.207
278.751
280.558
279.199
308.943
274.908
290.309
319.265
290.597
308.134
291.506
300.702
291.902
332.986
292.774
299.378
296.544
270.609
293.172
286.622
277.646
280.176
274.915
286.720
285.713
284.145
299.380
264.961
276.897
291.346
288.310
292.938
271.738
278.574
266.291
296.856
276.789
283.464
291.929
278.644
288.508
303.074
280.354
280.317
288.644
286.013
278.714
306.385
272.394
278.619
284.218
292.798
290.521
296.801
283.476
272.123
272.072
269.969
315.275
284.551
281.811
266.374
277.473
266.475
299.410
286.695
275.726
288.296
266.402
285.224
279.774
292.511
282.246
274.828
276.491
262.961
290.368
266.013
290.755
265.202
280.867
277.937
280.736
281.531
270.840
272.737
284.958
284.102
286.805
289.961
277.950
270.242
275.712
269.630
259.945
268.751
272.536

Error results for GA5
---------------------------
1033.426
1222.789
919.247
967.752
1169.057
1178.861
1285.268
997.773
1350.901
1268.482
1096.898
891.720
1204.848
1204.215
1164.300
857.969
963.611
1001.460
906.988
1107.624
1139.314
1104.955
972.277
1068.329
1134.212
1118.725
962.632
903.172
815.072
1151.241
841.272
904.160
702.554
1209.937
952.518
967.626
972.133
879.483
1079.153
1044.256
1147.968
841.810
1039.007
1021.087
1240.831
1104.466
988.854
1266.617
905.706
1078.744
1166.236
876.464
988.588
746.942
976.001
663.733
1068.972
1076.903
1219.417
1009.256
685.009
792.167
733.037
989.111
925.743
852.226
913.783
1245.770
672.673
875.115
912.664
854.348
863.922
719.670
702.023
883.600
922.811
1147.062
744.620
704.137
756.672
1163.874
746.231
632.678
1034.119
833.447
753.170
819.565
1016.563
779.354
857.958
818.917
634.949
737.673
646.468
540.420
849.916
833.885
702.410
858.168
764.077
652.980
543.687
718.516
706.513
602.095
593.640
608.930
612.405
952.578
714.214
645.891
572.199
618.540
714.979
652.470
624.914
545.031
597.786
521.584
564.733
473.345
643.757
539.052
533.482
618.161
709.996
577.676
574.592
468.541
519.903
514.184
529.801
538.357
594.038
504.733
732.247
448.184
737.393
437.893
449.211
414.994
508.388
619.987
367.222
433.991
353.804
443.394
479.637
443.869
463.968
440.280
358.495
453.238
459.840
447.361
375.874
467.508
430.861
406.203
419.251
332.996
404.554
382.842
451.846
448.680
448.659
410.758
348.171
498.309
556.872
387.452
421.049
584.308
474.326
361.731
363.248
370.724
339.877
366.394
410.700
345.542
368.294
371.145
437.319
379.320
409.987
340.516
375.423
372.153
339.460
513.212
458.697
377.127
355.397
325.261
323.463
350.861
320.503
327.624
297.242
344.208
359.843
404.880
365.903
350.093
339.616
352.247
391.383
328.515
325.283
326.876
332.787
309.320
361.782
313.476
334.079
342.788
349.736
333.087
361.529
298.933
316.115
323.517
332.904
315.340
336.416
348.850
312.500
299.758
348.348
430.844
347.566
348.281
351.304
328.494
319.719
290.607
291.247
313.514
337.948
299.579
288.600
366.367
315.076
322.369
311.939
297.968
339.715
350.003
296.857
281.589
364.344
342.202
300.832
312.587
356.066
294.042
316.191
322.848
286.836
317.868
299.954
306.778
366.088
281.277
285.273
285.255
290.891
309.011
279.411
287.558
308.345
287.146
323.183
279.626
302.402
314.552
272.525
311.556
295.909
299.358
282.167
281.874
284.906
303.571
309.323
358.017
311.741
315.699
303.424
284.241
304.238
306.736
361.930
356.382
310.920
309.544
298.934
323.313
285.130
277.248
289.143
285.128
314.790
296.908
338.790
292.219
283.879
302.586
281.139
310.318
301.340
291.977
294.206
310.635
279.967
300.669
298.197
319.821
311.094
300.958
284.432
287.599
274.143
281.418
283.771
294.097
286.862
268.750
279.013
279.614
273.757
270.475
274.756
267.674
265.273
282.161
278.411
270.087
271.608
265.360
280.943
270.120
262.026
294.523
266.798
274.243
270.222
329.307
269.021
283.861
276.912
272.148
290.322
278.656
300.531
272.168
291.791
268.602
284.693
294.892
271.544
282.915
291.234
281.227
271.686
280.332
275.641
300.588
283.218
271.232
300.870
280.638
269.152
279.980
276.273
261.051
277.874
281.274
275.307
271.571
305.899
268.242
297.049
277.997
270.154
271.898
295.499
281.551
269.283
273.362
280.741
285.866
257.960
267.223
270.908
265.322
295.023
275.999
266.654
281.660
274.647
280.511
271.836
273.084
272.450
255.409
264.638
258.144
264.696
277.438
275.376
269.287
286.410
262.376
258.690
304.529
270.782
269.465
266.456
277.914
276.652
284.891
266.020
267.084
269.953
272.895
288.696
277.531
268.515
281.778
268.985
284.872
267.309
274.426
285.355
279.566
275.164
279.756
259.085
269.258
278.437
263.366
263.004
268.083
267.863
266.498
279.481
261.774
262.324
267.551
257.767
261.368
265.442
258.577
255.756
268.852
255.785
259.502
269.863
260.186
258.201
270.771
279.124
270.954
301.045
265.696
272.505
265.767
255.061
266.115
268.388
269.971
274.684
253.850
265.521
253.564
272.949
266.812
255.059
258.763
269.334
261.528
256.952
259.958
261.505
267.544
254.725
256.646
257.823
258.791
261.240
253.311
259.941
267.486
253.375
263.291
268.782
258.794

Error results for GA6
---------------------------
1193.128
947.247
1193.925
1048.147
946.124
1194.184
972.835
908.840
1133.493
933.735
1066.944
1070.304
980.529
1060.394
977.265
1027.866
833.716
1091.940
1216.996
1063.456
998.300
987.929
975.354
989.336
753.968
1154.628
1243.929
1021.090
908.350
1017.833
999.229
1054.840
988.392
942.686
1217.594
901.642
1024.697
1030.518
1113.157
1286.111
1111.780
833.548
1051.768
1052.691
1062.329
966.898
1049.957
1219.719
1075.010
1105.677
1156.377
923.021
962.123
1193.193
784.351
971.320
1040.350
1078.713
1034.434
990.366
908.473
936.167
1185.275
908.308
948.339
858.629
997.710
831.863
1110.970
897.600
1134.007
978.543
965.795
917.722
993.274
1068.059
937.038
836.439
968.398
855.876
894.499
898.120
865.251
1000.100
953.801
868.055
956.678
1050.065
965.609
747.742
1019.979
1164.609
872.382
992.341
823.164
845.113
863.873
943.673
796.786
982.911
891.488
915.873
886.222
978.285
993.166
875.380
811.499
763.239
871.107
861.598
912.590
944.672
984.288
1025.437
822.589
641.157
1041.377
933.175
947.037
700.711
864.343
843.841
824.780
778.421
763.742
739.253
785.481
792.304
687.250
796.258
935.121
795.203
739.313
850.842
714.372
752.476
887.066
752.745
788.380
774.818
907.876
781.914
788.455
897.446
723.983
740.821
569.208
798.950
750.025
742.051
730.036
707.816
663.767
792.040
750.482
752.416
712.642
613.582
832.540
672.090
716.150
761.666
651.008
726.394
698.802
815.922
615.066
673.901
549.783
720.273
616.994
884.981
592.998
714.704
648.339
713.414
809.512
730.288
689.756
705.475
659.395
647.587
503.271
582.111
645.523
627.797
590.556
661.293
582.856
679.620
579.352
606.214
585.950
636.305
661.067
596.786
614.212
644.861
642.069
580.184
579.280
628.041
591.230
600.927
601.536
599.676
566.008
645.328
570.732
759.793
607.288
583.807
512.812
626.595
566.919
701.212
504.487
527.042
581.474
609.201
542.962
680.352
560.911
588.861
513.098
610.630
537.962
500.926
570.463
522.240
525.875
539.870
584.765
477.404
486.410
465.849
590.337
472.359
508.051
458.063
527.689
559.338
561.301
534.732
565.559
521.249
556.643
491.703
458.477
478.860
479.789
534.879
440.235
474.057
450.338
463.265
507.329
555.617
442.734
495.452
451.348
501.749
553.362
474.070
491.109
434.204
458.050
528.436
427.438
475.636
483.074
475.627
444.933
416.874
494.615
425.242
501.874
427.550
505.798
410.843
467.057
429.696
443.418
449.733
498.267
468.042
477.501
528.689
460.189
438.856
473.277
464.845
406.519
605.434
394.109
394.972
441.380
391.574
425.539
458.361
446.396
440.784
411.051
443.155
441.712
434.729
353.485
409.344
507.989
484.812
386.834
419.777
434.684
393.771
404.596
417.741
462.994
436.774
413.741
418.324
420.963
386.320
395.894
404.102
407.815
381.148
412.200
522.624
397.043
520.449
388.874
429.722
377.996
359.429
417.904
402.238
373.684
344.219
396.377
455.712
355.191
365.794
415.827
388.164
371.190
378.368
411.340
365.871
355.780
363.934
391.430
354.146
380.741
371.804
401.997
407.422
368.150
355.907
360.753
345.072
347.015
403.269
355.275
375.433
388.245
368.733
380.445
360.309
351.871
352.775
373.142
368.772
358.846
420.363
366.406
377.230
371.737
393.290
366.387
354.507
342.918
337.202
361.931
357.518
339.607
343.598
368.890
345.496
345.086
345.660
350.255
359.578
346.098
357.685
374.489
333.427
334.680
369.462
370.351
343.727
335.297
349.267
362.759
349.076
354.673
350.454
341.705
343.538
371.864
339.583
365.116
340.522
329.417
346.201
346.158
354.475
357.627
359.942
344.609
346.352
346.034
360.967
356.991
335.087
359.727
359.663
346.589
350.103
355.947
364.013
343.550
353.807
335.497
358.801
367.716
349.942
343.433
340.511
332.446
341.775
340.980
341.625
334.964
329.571
336.237
336.796
350.754
337.301
348.673
338.955
336.176
342.816
335.249
346.024
351.581
338.075
348.839
354.391
341.509
337.534
333.686
340.837
339.561
342.981
341.991
353.129
342.324
350.499
331.234
327.767
354.119
336.971
330.330
344.763
380.751
357.484
348.863
370.570
358.576
334.811
343.763
353.405
362.653
349.474
324.262
336.791
333.991
355.435
327.034
350.289
332.142
341.272
347.721
334.674
333.260
350.977
353.891
344.176
323.489
330.450

Error results for GA7
---------------------------
1081.034
1087.110
1011.320
1051.388
917.464
1047.871
1051.489
1061.299
1103.315
989.563
1080.299
850.610
1137.507
920.789
900.961
1048.044
1079.317
934.310
1015.612
1005.170
1167.792
1109.480
1006.245
880.323
982.206
1166.316
992.934
880.805
1231.124
889.541
760.569
964.619
859.497
1212.955
1002.409
882.693
1050.848
916.915
954.227
840.222
1173.111
1173.876
1187.160
1080.505
852.703
882.222
872.609
1126.391
916.530
817.945
987.438
815.329
825.163
879.056
1097.028
1016.445
919.070
897.962
899.561
859.574
921.866
1152.378
955.216
791.973
962.618
928.454
965.355
920.737
900.800
1093.635
855.739
787.053
669.825
647.125
881.748
1014.352
906.582
974.582
933.862
798.186
677.393
905.707
1048.112
633.814
786.638
800.349
785.670
1052.493
764.693
693.365
958.011
707.199
1073.764
965.899
676.044
699.550
650.901
841.042
549.193
569.089
773.822
817.349
772.578
633.243
776.028
673.209
603.262
814.765
758.725
619.382
664.170
521.323
473.155
514.170
562.662
468.802
562.272
415.048
589.964
545.820
751.771
548.254
495.910
406.720
591.906
438.143
656.686
403.782
447.289
658.415
440.496
401.032
479.819
422.867
415.620
463.789
531.776
600.976
474.424
416.466
512.381
395.711
413.229
418.845
400.162
386.166
384.497
494.618
406.623
445.464
419.794
347.333
427.688
433.830
385.779
457.173
473.330
377.332
409.586
365.735
491.273
486.704
480.581
388.849
421.894
470.748
357.019
410.402
339.528
407.780
486.027
401.152
349.805
415.387
371.175
440.933
393.231
461.133
381.040
354.143
473.972
406.201
399.571
334.086
346.664
367.574
352.523
314.073
386.534
364.953
321.785
351.385
322.945
465.835
359.737
355.255
339.196
429.217
403.046
368.247
346.501
381.611
352.133
308.243
294.756
343.789
351.290
299.717
291.434
358.750
341.283
302.544
297.074
336.015
324.415
308.770
290.713
288.464
344.786
330.189
290.476
305.570
303.805
304.758
343.811
298.718
307.672
319.272
337.900
365.625
302.002
271.817
487.225
322.736
297.957
322.513
281.705
307.956
283.472
307.448
320.395
321.874
341.740
291.330
329.405
294.475
290.534
312.970
311.994
315.171
265.267
302.042
269.991
287.734
274.238
255.563
331.916
303.984
268.534
336.681
272.454
331.461
325.922
290.198
297.834
389.528
268.619
319.547
302.873
268.479
278.338
302.626
264.121
290.577
292.259
266.485
309.508
288.032
275.429
315.390
315.111
282.021
269.547
269.350
331.570
329.253
274.043
281.780
304.070
274.830
294.594
273.616
302.368
295.667
305.629
306.788
297.324
271.304
300.536
278.057
269.293
273.453
275.463
279.594
310.372
281.623
272.311
284.457
272.404
283.127
339.499
265.060
275.533
285.319
276.500
264.723
296.650
330.037
269.885
295.894
270.533
271.795
291.220
277.121
290.056
280.950
266.539
301.425
274.731
271.759
258.859
299.437
293.017
268.183
273.960
268.416
283.898
265.530
277.628
301.978
266.385
273.979
268.892
305.792
258.385
276.299
282.458
269.000
256.422
274.626
292.318
276.658
259.785
271.180
267.625
265.114
275.754
269.226
286.167
308.369
257.235
271.734
271.244
250.939
267.597
256.152
254.443
265.449
268.287
261.805
301.784
272.568
271.937
293.949
267.054
261.396
261.102
314.074
261.968
305.529
273.110
284.570
265.117
312.186
263.695
258.885
270.766
269.247
277.353
289.844
265.729
264.484
291.828
272.013
262.184
302.335
286.445
270.212
258.516
263.177
257.907
285.456
270.850
270.668
253.277
248.644
264.499
255.404
271.528
289.219
266.656
282.664
258.435
277.116
263.027
245.572
285.885
265.721
262.499
278.836
264.196
269.910
267.978
252.902
261.799
267.963
279.794
256.850
266.150
262.656
292.792
284.763
258.160
258.943
284.792
255.427
256.723
256.076
277.641
287.704
278.415
283.849
248.523
276.651
255.023
264.219
284.179
253.865
262.450
256.770
251.033
259.111
266.295
292.039
285.169
255.081
262.724
267.519
259.587
264.154
269.135
261.099
277.703
257.921
257.241
275.138
289.340
257.907
269.727
263.099
254.651
281.564
268.081
264.419
265.885
258.379
266.116
270.905
253.962
259.585
263.564
262.787
281.916
259.943
254.286
261.964
263.332
268.191
280.280
278.173
253.501
261.877
263.383
256.114
257.014
259.838
264.741
267.037
282.792
274.167

Error results for GA8
---------------------------
1036.693
1109.568
1042.140
1077.174
816.518
1074.600
1025.438
1064.074
1047.188
856.317
1125.337
1072.722
1059.863
988.330
1227.605
1035.220
853.804
1133.435
1243.394
952.442
998.778
975.899
844.840
987.742
974.469
807.248
1114.809
954.273
988.620
1035.852
950.482
860.619
830.941
1020.286
1005.999
851.244
968.467
786.328
948.866
888.239
1092.312
1096.402
1172.985
980.827
923.428
883.655
896.881
918.699
1151.434
962.376
920.419
859.786
963.878
890.796
1222.224
1116.428
1051.982
843.104
899.699
985.835
800.941
954.298
848.255
1012.873
864.126
961.810
896.559
799.739
976.788
857.050
748.645
960.432
845.601
655.428
769.920
770.855
782.874
892.068
908.595
856.564
876.623
815.432
800.884
764.671
789.562
986.792
647.198
803.200
738.318
783.590
847.828
709.944
768.202
693.967
833.163
883.161
609.333
792.954
658.658
682.064
667.914
616.500
642.364
675.386
618.492
631.072
581.725
707.555
478.591
875.851
601.289
460.798
551.516
621.285
590.578
512.505
741.915
463.629
570.828
659.411
461.141
596.700
527.275
680.366
487.493
487.402
453.338
567.879
461.463
459.478
663.633
604.710
676.525
524.008
547.443
423.354
474.086
589.833
573.251
642.270
491.463
625.275
641.948
423.775
443.168
504.231
492.435
498.839
486.629
530.833
468.607
474.023
549.909
507.525
496.716
444.437
551.538
456.230
408.807
463.153
440.542
409.297
528.355
525.979
392.192
426.022
348.254
420.052
454.716
492.853
394.206
572.487
400.597
393.799
362.014
371.977
365.030
412.768
355.913
570.361
444.508
369.843
464.962
369.221
416.132
408.550
342.489
392.379
410.577
347.970
390.303
477.037
422.574
405.546
436.871
421.296
391.093
468.792
394.336
349.562
434.284
410.820
355.021
449.887
376.763
348.775
362.708
386.267
389.986
343.833
403.244
380.243
321.984
376.457
347.148
362.092
373.934
366.750
360.795
387.104
371.266
341.742
375.549
317.958
362.551
350.341
333.079
364.503
338.668
342.164
403.401
340.130
341.500
332.859
311.099
327.527
350.932
373.666
357.333
345.077
344.981
320.702
315.885
341.633
353.909
307.809
384.282
400.512
377.079
303.894
327.050
323.652
336.700
320.394
317.065
314.053
311.632
296.176
296.754
328.052
292.592
322.802
321.261
348.886
342.016
356.594
341.968
322.647
344.258
329.026
341.903
301.044
322.872
294.403
318.396
332.731
315.769
328.573
303.584
367.513
320.782
307.601
338.938
342.346
313.048
301.264
324.403
380.662
297.724
302.449
316.013
285.833
328.378
284.878
388.140
290.116
316.746
339.855
302.428
306.455
359.412
302.285
296.409
305.854
314.531
292.521
309.339
305.894
313.210
316.387
307.987
291.250
322.888
298.205
289.663
312.096
301.149
315.852
303.161
285.782
317.590
298.002
308.279
324.340
305.261
293.897
278.715
302.103
307.979
313.463
325.123
281.706
294.067
296.474
305.175
317.596
279.238
333.575
293.857
310.543
306.826
282.629
299.317
299.450
281.531
300.996
286.389
299.267
282.738
299.822
278.949
285.356
298.268
288.852
290.791
295.711
287.139
290.521
272.777
274.724
341.357
279.522
309.804
294.230
296.583
300.351
320.322
288.337
288.676
337.892
293.314
287.771
279.461
286.043
309.665
282.660
286.068
301.142
291.650
293.044
317.195
346.532
309.655
302.283
290.379
285.288
298.949
289.276
288.708
298.585
284.051
288.826
292.336
291.389
277.406
301.719
296.961
288.433
279.616
286.432
284.390
280.260
284.667
285.204
300.249
282.242
275.940
270.141
286.837
281.868
289.812
282.816
275.953
273.110
287.535
317.727
285.473
297.249
280.738
288.542
279.365
294.204
293.244
286.183
291.280
276.317
294.297
275.302
267.694
283.941
287.496
289.434
282.310
279.282
273.083
284.288
275.845
288.987
283.195
289.309
282.383
268.911
274.028
282.087
284.544
283.832
289.139
278.804
285.342
286.616
268.770
273.900
274.048
287.853
308.911
288.064
295.879
295.032
298.192
305.330
301.519
275.542
274.846
287.944
273.052
297.058
275.530
268.338
274.986
271.361
286.668
273.875
277.714
270.680
272.439
271.406
286.585
271.534
276.271
266.521
277.119
293.506
278.383
269.226
290.987
277.186
275.537
276.417
284.408
275.518
279.335
285.099
270.916
274.437
274.439
272.241
271.589
257.319
277.017
274.694

Error results for GA9
---------------------------
1125.295
1056.378
1494.799
1122.325
1031.468
1191.984
996.422
993.397
1175.992
859.110
1244.761
1184.063
1057.748
1019.661
941.502
1052.302
946.953
1211.437
1049.168
1001.677
772.960
1271.799
880.139
995.183
1085.238
959.290
937.092
1099.226
1180.075
1071.121
982.622
754.908
1056.816
1273.830
824.892
1177.354
991.334
1024.821
1260.694
1067.318
724.629
1061.141
998.566
927.702
961.717
966.894
1134.678
866.867
806.608
802.824
919.622
1184.069
861.179
1066.192
927.874
926.289
1006.753
1014.026
918.039
784.055
1339.999
939.980
943.526
867.880
1277.558
980.091
1232.430
765.489
914.134
799.406
919.860
1044.243
746.169
865.561
1051.432
816.457
1016.019
806.519
1064.334
1020.603
750.567
981.258
920.508
877.342
811.106
937.134
894.718
936.273
757.678
862.270
993.656
956.566
891.255
1148.472
801.131
980.093
766.694
1067.706
905.734
900.872
656.021
797.013
676.670
1253.026
710.517
698.033
691.376
832.610
874.383
853.719
927.555
694.524
919.062
740.614
941.575
776.243
996.845
766.137
977.326
757.112
544.883
801.831
650.791
841.106
536.964
664.741
720.167
614.799
924.208
661.780
876.534
675.535
684.937
731.634
629.311
580.833
675.452
666.966
512.857
1048.623
640.393
518.483
632.590
649.747
604.894
603.820
783.061
686.500
534.131
453.890
611.996
708.999
434.045
553.978
512.996
595.917
596.064
512.469
439.825
642.473
518.976
497.230
542.455
506.178
539.486
488.822
594.675
510.749
440.332
582.567
565.515
475.296
499.511
514.047
504.037
525.119
471.591
534.728
435.128
462.138
412.210
404.139
414.983
480.347
464.061
538.457
466.488
531.107
637.739
494.574
514.499
411.655
436.822
480.979
382.610
511.622
384.419
449.740
456.815
406.428
475.510
513.905
475.060
471.651
426.550
547.429
380.259
421.730
441.867
392.303
465.721
426.047
447.941
445.815
555.032
401.973
475.147
417.442
456.411
408.339
417.190
430.559
486.378
412.526
419.958
488.877
443.730
362.391
433.350
438.643
365.531
392.142
374.114
395.221
391.550
394.113
392.606
388.580
403.283
427.841
377.970
502.914
374.570
400.996
368.590
417.385
365.055
459.422
413.553
402.017
430.989
403.564
429.506
361.119
357.824
361.115
367.981
403.396
379.346
314.762
425.024
360.594
375.791
358.973
399.709
369.222
379.616
381.886
375.928
361.446
436.791
491.718
383.260
360.641
366.633
397.374
328.190
345.365
417.356
373.933
369.254
370.749
372.019
423.003
351.973
410.463
328.306
359.711
399.852
372.149
345.987
350.671
370.301
358.452
403.863
356.469
372.280
383.609
322.869
376.730
328.654
358.817
423.062
325.697
349.157
428.860
351.899
354.376
316.321
341.208
310.080
324.615
294.507
360.597
319.800
311.287
410.775
339.692
328.681
337.580
339.001
456.279
384.230
311.680
328.893
338.882
338.613
385.538
336.622
324.674
313.418
326.208
346.304
306.201
335.833
320.686
315.739
314.463
285.331
330.256
334.614
346.286
328.117
319.656
313.166
312.526
326.944
320.648
328.271
339.584
303.736
322.041
323.262
319.008
331.085
347.498
317.433
299.666
347.808
303.478
298.593
301.339
291.052
305.208
299.566
311.915
325.783
331.333
320.886
304.618
299.478
292.197
295.559
335.651
329.976
309.526
309.636
310.779
298.506
296.885
300.769
327.221
336.744
295.182
285.372
292.218
298.055
301.853
307.100
300.241
308.757
290.801
315.050
300.084
332.230
296.812
309.389
304.172
278.855
295.336
311.396
304.593
326.173
295.412
301.278
307.840
299.072
306.660
291.363
280.794
305.183
298.979
295.851
284.278
299.443
301.480
300.399
291.470
303.242
313.860
282.908
316.767
293.520
275.249
310.106
266.055
304.342
285.598
300.242
297.423
281.888
345.658
309.794
284.169
288.845
292.336
274.091
276.689
276.700
275.399
296.956
300.629
275.728
294.815
293.651
277.423
286.964
285.465
297.819
280.988
281.886
289.234
310.196
285.556
321.848
272.867
285.185
287.469
286.010
300.754
287.836
273.465
292.094
277.811
284.735
281.024
283.308
290.002
276.142
286.232
294.218
287.610
269.919
294.173
279.110
268.435
273.623
279.215
277.503
273.560
269.053
277.361
268.966
274.440
289.187
271.041
288.054
294.160
281.043
262.269
333.069
284.792
283.946
285.229
279.085
260.290
263.093
282.634
288.275
278.421

Error results for GA10
---------------------------
920.150
1014.302
954.433
940.536
1055.800
1001.744
1107.426
1357.855
1054.497
1368.446
1204.294
910.782
847.995
1124.458
1144.674
1144.128
893.410
795.172
1014.601
940.203
981.464
1325.532
1046.391
1091.803
1158.501
1090.365
938.963
1082.484
991.117
998.244
905.392
1367.774
1284.388
774.036
1257.830
1010.652
1095.782
1094.699
1113.320
1034.047
910.359
922.660
958.293
961.843
958.953
850.086
1032.599
906.146
1072.213
1194.048
1046.519
864.736
966.221
1043.534
982.959
742.021
976.036
1092.762
939.544
1231.964
1239.932
1109.444
954.544
868.738
932.613
964.984
1036.438
983.256
922.739
855.196
921.060
1058.144
1020.956
992.135
916.113
982.828
726.517
899.319
1022.494
824.443
954.698
709.448
1110.209
923.934
608.835
725.880
957.591
943.490
893.942
805.081
740.292
781.543
821.251
734.163
906.986
804.584
719.474
563.166
743.260
708.259
791.737
733.331
618.394
638.160
535.702
617.847
651.229
676.429
647.329
566.591
829.759
480.806
701.953
653.550
536.921
600.663
842.121
678.966
713.170
678.164
520.052
696.368
498.158
645.665
582.659
516.651
476.968
652.993
631.015
567.002
669.456
624.335
517.563
465.726
496.366
812.687
596.942
556.859
521.157
568.793
574.473
543.264
537.198
437.257
462.555
519.973
500.665
590.857
446.055
510.371
456.047
515.510
614.295
452.929
401.681
438.094
513.816
397.643
441.236
533.152
518.388
510.855
503.014
443.733
440.250
432.843
542.196
417.520
500.766
475.887
408.444
577.076
478.732
436.386
417.274
501.720
386.839
513.519
469.493
526.527
402.580
531.833
434.973
361.086
436.228
395.520
400.234
489.244
384.813
416.685
458.183
373.765
350.145
357.452
427.254
452.567
373.023
399.391
431.612
378.731
433.059
369.464
390.432
408.241
404.817
412.474
398.644
373.732
332.359
364.445
388.794
308.103
380.842
321.535
373.613
369.257
343.312
356.740
350.268
371.898
334.678
397.119
345.774
394.111
475.640
414.182
395.430
383.851
331.627
382.598
354.873
394.682
393.044
322.265
332.031
336.987
355.258
385.327
333.370
328.877
377.482
357.109
364.524
376.978
334.048
361.275
385.195
305.862
325.562
304.553
325.343
301.314
334.957
289.751
331.454
312.240
356.422
390.336
345.616
327.250
411.747
292.057
363.112
355.298
297.567
297.713
289.911
315.535
323.964
384.482
299.169
311.815
305.887
327.147
286.855
292.981
284.278
299.510
276.096
300.975
280.670
283.507
305.878
300.955
298.410
333.423
300.915
314.877
384.486
310.205
311.570
324.124
369.966
310.342
303.504
302.927
414.001
310.833
292.984
301.220
304.379
318.710
276.612
328.730
312.784
340.734
308.958
297.503
314.561
282.276
294.043
294.417
313.243
287.187
309.615
312.193
308.651
297.946
290.356
310.196
281.811
291.088
286.781
286.725
280.208
345.219
298.426
326.243
279.348
278.573
293.335
403.968
284.815
304.480
294.899
335.435
297.180
294.287
283.602
283.110
333.458
280.117
275.730
269.939
302.487
302.573
317.752
289.972
275.814
308.486
293.332
294.611
269.779
293.806
273.508
286.809
283.080
282.960
295.277
315.620
278.659
299.131
294.507
295.777
292.039
282.252
278.353
273.073
286.766
276.880
314.299
271.961
279.474
317.400
277.538
293.228
266.246
287.996
272.514
279.526
268.846
276.592
269.726
275.613
268.683
281.236
279.390
269.373
277.124
274.007
260.008
274.434
280.117
288.884
277.378
275.280
285.417
279.895
281.317
273.400
288.631
278.848
273.851
273.495
331.597
270.188
285.200
274.996
265.342
265.549
284.737
280.488
276.122
287.404
280.331
264.221
275.255
272.180
275.376
274.804
270.496
278.658
266.242
283.707
288.046
268.126
275.106
275.832
267.158
317.756
285.676
279.855
275.138
274.786
271.333
274.023
268.696
276.576
279.561
284.045
291.515
268.625
261.950
274.718
277.380
277.292
280.239
284.535
258.934
271.549
263.680
259.916
279.285
258.264
264.064
260.040
253.104
262.271
263.698
269.473
286.573
278.612
265.453
269.697
266.662
265.868
274.206
258.893
275.761
271.034
285.064
258.376
260.512
259.329
262.392
270.062
275.793
270.180
269.973
264.385
258.089
269.687
262.334
268.022
270.618
271.527
266.753
262.570
264.699
275.584
266.505
269.766
269.330
258.565
276.924
262.944
256.156
257.315
265.011
273.615

--------------------------------------------
Results for GA1: 
--------------------------------------------
Correctly classified (TEST) 3043.0 instances.
Incorrectly classified (TEST) 274.0 instances.
Percent correctly classified (TEST): 91.740%

Correctly classified (TRAIN)7099.0 instances.
Incorrectly classified (TRAIN) 639.0 instances.
Percent correctly classified (TRAIN): 91.742%

Training time: 926.378 seconds
Testing time: 0.267 seconds

--------------------------------------------
Results for GA2: 
--------------------------------------------
Correctly classified (TEST) 3036.0 instances.
Incorrectly classified (TEST) 281.0 instances.
Percent correctly classified (TEST): 91.528%

Correctly classified (TRAIN)7110.0 instances.
Incorrectly classified (TRAIN) 628.0 instances.
Percent correctly classified (TRAIN): 91.884%

Training time: 1020.838 seconds
Testing time: 0.118 seconds

--------------------------------------------
Results for GA3: 
--------------------------------------------
Correctly classified (TEST) 3035.0 instances.
Incorrectly classified (TEST) 282.0 instances.
Percent correctly classified (TEST): 91.498%

Correctly classified (TRAIN)7065.0 instances.
Incorrectly classified (TRAIN) 673.0 instances.
Percent correctly classified (TRAIN): 91.303%

Training time: 1110.927 seconds
Testing time: 0.120 seconds

--------------------------------------------
Results for GA4: 
--------------------------------------------
Correctly classified (TEST) 3039.0 instances.
Incorrectly classified (TEST) 278.0 instances.
Percent correctly classified (TEST): 91.619%

Correctly classified (TRAIN)7088.0 instances.
Incorrectly classified (TRAIN) 650.0 instances.
Percent correctly classified (TRAIN): 91.600%

Training time: 1098.480 seconds
Testing time: 0.118 seconds

--------------------------------------------
Results for GA5: 
--------------------------------------------
Correctly classified (TEST) 3034.0 instances.
Incorrectly classified (TEST) 283.0 instances.
Percent correctly classified (TEST): 91.468%

Correctly classified (TRAIN)7078.0 instances.
Incorrectly classified (TRAIN) 660.0 instances.
Percent correctly classified (TRAIN): 91.471%

Training time: 1047.150 seconds
Testing time: 0.114 seconds

--------------------------------------------
Results for GA6: 
--------------------------------------------
Correctly classified (TEST) 3004.0 instances.
Incorrectly classified (TEST) 313.0 instances.
Percent correctly classified (TEST): 90.564%

Correctly classified (TRAIN)7014.0 instances.
Incorrectly classified (TRAIN) 724.0 instances.
Percent correctly classified (TRAIN): 90.644%

Training time: 1054.185 seconds
Testing time: 0.111 seconds

--------------------------------------------
Results for GA7: 
--------------------------------------------
Correctly classified (TEST) 3054.0 instances.
Incorrectly classified (TEST) 263.0 instances.
Percent correctly classified (TEST): 92.071%

Correctly classified (TRAIN)7108.0 instances.
Incorrectly classified (TRAIN) 630.0 instances.
Percent correctly classified (TRAIN): 91.858%

Training time: 901.383 seconds
Testing time: 0.092 seconds

--------------------------------------------
Results for GA8: 
--------------------------------------------
Correctly classified (TEST) 3021.0 instances.
Incorrectly classified (TEST) 296.0 instances.
Percent correctly classified (TEST): 91.076%

Correctly classified (TRAIN)7086.0 instances.
Incorrectly classified (TRAIN) 652.0 instances.
Percent correctly classified (TRAIN): 91.574%

Training time: 1492.744 seconds
Testing time: 0.175 seconds

--------------------------------------------
Results for GA9: 
--------------------------------------------
Correctly classified (TEST) 3029.0 instances.
Incorrectly classified (TEST) 288.0 instances.
Percent correctly classified (TEST): 91.317%

Correctly classified (TRAIN)7058.0 instances.
Incorrectly classified (TRAIN) 680.0 instances.
Percent correctly classified (TRAIN): 91.212%

Training time: 1492.221 seconds
Testing time: 0.186 seconds

--------------------------------------------
Results for GA10: 
--------------------------------------------
Correctly classified (TEST) 3053.0 instances.
Incorrectly classified (TEST) 264.0 instances.
Percent correctly classified (TEST): 92.041%

Correctly classified (TRAIN)7115.0 instances.
Incorrectly classified (TRAIN) 623.0 instances.
Percent correctly classified (TRAIN): 91.949%

Training time: 1279.213 seconds
Testing time: 0.145 seconds