Error results for GA1
---------------------------
1143.829
988.226
1020.975
1075.094
900.230
1072.788
1020.080
1084.921
1048.092
1004.601
1088.048
1103.624
1163.692
828.117
984.488
985.123
954.864
892.449
971.253
944.621
990.635
1006.036
980.672
850.843
1026.844
905.976
822.207
1082.537
1126.163
1003.378
948.317
1012.406
1097.628
912.399
967.438
938.266
1046.340
1125.805
779.882
774.302
853.963
837.086
1027.566
908.359
881.102
933.841
989.444
888.996
970.338
756.069
937.024
971.291
954.378
838.107
992.013
943.548
940.453
988.865
982.667
924.486
916.473
1012.134
918.870
804.718
933.593
1022.669
1074.281
865.890
942.875
998.971
1035.934
981.102
1185.505
1182.285
1008.286
901.495
973.442
1021.077
877.984
904.647
811.712
916.637
887.601
830.792
840.531
906.090
977.277
855.599
851.142
902.315
907.723
930.738
885.013
824.734
746.456
901.008
789.081
1048.409
843.436
863.996
984.765
853.377
930.097
896.835
896.806
839.983
881.558
868.031
858.494
783.432
786.677
887.082
929.835
911.601
859.798
874.673
798.822
909.903
742.636
765.274
787.895
841.520
857.312
834.069
811.986
769.574
871.266
832.352
859.883
789.284
764.536
741.026
843.020
862.558
754.484
768.417
761.215
748.981
730.828
734.041
888.260
678.986
783.804
742.895
772.696
723.873
829.089
754.984
703.638
756.973
760.823
763.028
699.239
659.644
769.831
662.637
638.025
672.722
679.345
657.178
773.537
775.895
687.024
635.047
618.182
789.761
701.957
751.964
646.214
709.981
680.361
677.062
672.796
671.396
579.926
688.501
670.767
619.387
635.827
630.917
589.495
646.128
566.651
682.749
722.703
674.577
593.769
620.105
597.182
584.191
597.333
596.288
585.164
646.000
595.408
565.394
659.584
651.446
651.060
627.060
672.011
549.175
619.015
596.092
598.699
623.623
591.608
655.135
515.386
586.782
527.246
719.365
579.640
579.631
519.211
533.418
563.598
585.480
639.046
565.676
610.318
530.278
597.382
547.265
544.651
493.716
567.383
528.095
519.621
626.422
502.867
527.753
546.797
509.658
491.660
538.967
543.374
523.757
497.171
520.722
479.762
507.834
554.826
598.748
578.277
477.091
482.605
538.633
518.104
468.600
458.132
510.159
472.868
505.490
485.211
489.147
490.087
503.497
487.017
518.996
465.078
501.992
467.103
483.826
477.763
484.277
439.594
483.594
482.776
473.898
475.294
459.155
455.586
465.229
497.881
476.262
479.055
420.099
441.734
455.710
502.871
480.551
494.066
423.849
443.650
447.585
448.577
495.927
443.092
436.900
465.663
454.621
466.763
402.232
416.701
441.807
460.478
402.466
414.566
441.642
408.690
456.831
423.138
427.104
439.833
420.111
441.053
434.406
437.484
466.928
431.531
435.577
433.711
438.318
419.471
452.195
437.326
455.571
441.719
431.023
432.984
437.097
439.976
443.403
443.492
442.643
443.693
427.274
421.396
429.116
453.196
448.047
457.382
431.345
429.380
440.609
453.925
430.539
443.772
432.496
413.635
425.745
433.313
421.709
435.291
450.409
431.391
456.155
426.242
422.656
403.065
413.798
426.278
431.874
409.436
414.244
429.272
425.308
423.285
426.840
431.333
404.001
419.087
424.259
411.926
408.331
415.205
425.597
424.477
416.273
423.532
420.739
409.987
414.850
418.042
418.347
415.213
421.256
431.233
396.779
427.022
426.604
420.870
464.841
408.979
444.252
409.911
412.049
413.824
420.023
451.608
413.621
419.051
397.939
410.621
408.650
407.008
414.334
394.660
414.717
411.461
409.913
425.262
414.399
399.433
399.462
412.041
425.236
398.936
422.557
417.393
410.890
409.659
404.635
405.976
399.770
418.174
412.532
419.159
408.550
401.197
417.763
403.934
394.665
406.215
405.805
413.695
418.542
402.899
402.535
400.987
407.736
409.832
396.125
404.726
395.789
406.971
404.551
416.874
400.861
413.127
408.995
402.371
415.123
405.622
396.727
391.682
415.675
400.772
396.919
398.023
411.977
402.636
412.614
404.609
392.748
407.169
398.449
404.617
406.886
411.643
407.861
405.546
400.598
401.275
406.241
414.189
409.302
407.945
403.173
418.469
410.385
399.478
414.093
394.284
394.501
402.101
397.531
415.706
417.429
403.040
399.882
408.943
398.868
398.629
393.730
423.338
407.724
435.317
399.371
395.167
405.778
414.368
394.227
394.898
398.834
413.096
395.706
404.745
402.538
387.347
404.968
394.545
400.068
411.162
411.699
388.637
428.077
405.649
404.607
409.519
411.254
407.043
400.965
413.924
395.951
408.978
404.572
398.518
406.805
406.298
407.948
415.083
414.017
401.971
414.640
412.852
414.647
409.957
413.689
381.827
418.090
411.410
403.077
431.457
421.450
414.976
419.372
415.813
416.671
399.801
417.416
400.984
414.078
403.728
405.854
410.123
419.208
409.136
396.405
415.347
411.618
387.880
407.996
418.008
404.211
399.351
404.125
389.178
418.228
422.851
426.324
415.158
431.843
401.695
395.712
389.751
399.726
411.493
412.029
402.419
417.543
400.913
405.910
399.213
412.604
408.988
397.945
395.457
403.221
403.048
408.130
410.838
412.741
410.341
393.948
397.985
406.124
396.661
404.985
406.752
418.154
405.472
418.292
411.277
389.960
395.122
412.806
398.408
398.676
411.839
396.119
395.737
388.732
402.523
390.949
402.445
406.993
392.623
407.672
400.068
391.173
387.243
390.605
389.282
398.898
384.548
389.569
389.649
387.902
404.950
391.200
387.960
396.551
400.083
392.930
387.683
404.453
392.712
387.335
384.902
402.163
394.435
390.342
399.072
397.256
398.207
395.481
400.313
391.877
404.027
395.169
387.469
391.300
398.126
393.948
384.052
397.460
394.316
400.569
406.140
402.440
394.443
391.546
386.796
414.010
382.668
397.576
397.235
385.418
396.908
403.629
385.444
397.700
396.878
387.104
387.759
393.585
391.706
392.490
401.722
394.462
392.544
393.917
393.197
383.454
404.879
392.438
393.026
388.589
397.117
396.051
391.819
383.380
390.475
393.374
394.535
400.436
396.111
397.195
397.618
394.887
402.556
390.659
397.427
386.222
388.963
397.255
387.414
387.388
399.286
389.584
385.823
406.005
385.904
395.711
408.252
389.176
395.805
404.496
390.454
389.872
394.977
398.358
398.874
378.782
388.979
396.416
393.403
389.468
387.571
393.164
385.745
384.564
385.705
386.398
395.258
396.082
374.118
386.550
397.444
381.233
391.204
387.939
389.816
381.094
384.068
394.973
389.075
399.677
386.416
396.026
398.901
384.707
393.780
398.590
391.249
388.795
401.819
395.195
396.650
400.503
386.650
397.645
386.811
399.385
386.038
397.141
389.250
381.607
384.772
387.228
390.866
385.951
383.516
390.467
390.597
385.041
390.422
404.921
401.735
386.855
402.843
378.823
383.868
396.646
388.350
390.249
393.473
389.026
384.597
383.662
387.707
385.405
392.185
392.163
402.361
385.702
386.934
390.489
390.262
389.058
392.580
386.454
388.620
386.204
388.744
391.213
388.965
395.901
394.861
396.625
383.989
382.667
388.694
384.984
385.448
391.266
389.328
388.966
391.311
376.806
413.883
393.905
385.639
393.396
415.327
377.810
384.876
384.035
397.317
383.044
386.484
397.304
376.524
382.310
390.552
383.512
390.216
382.728
381.516
386.490
386.346
400.179
386.390
384.252
387.350
380.298
391.196
387.707
396.264
388.448
382.251
389.924
383.445
383.433
378.383
382.820
390.086
379.128
380.095
386.511
383.162
387.448
376.838
379.126
385.371
383.692
379.641
378.337
378.585
429.259
379.335
374.594
387.125
386.561
403.355
393.745
401.621
380.461
386.895
373.900
381.079
387.918
384.022
387.029
382.797
374.648
388.510
381.045
383.911
380.850
377.667
377.434
381.628
383.856
380.984
385.961
380.802
376.450
388.842
382.067
366.164
371.182
376.461
374.878
378.964
372.691
379.723
369.045
378.662
374.318
377.882
379.311
369.831
381.050
378.089
391.882
378.069
383.205
370.209
372.485
370.472
386.303
373.937
374.807
377.660
365.798
371.303
366.408
370.965
389.639
362.737
369.800
375.154
362.182
391.813
363.787
374.066
370.475
367.950
382.249
369.090
361.023
366.369
377.664
374.472
367.718
373.762
370.791
375.808
369.616
364.552
355.131
373.072
383.928
371.365
377.627
377.293
368.496
374.823
389.772
380.106
365.754
370.804
376.019
368.489
368.384
378.012
380.206
378.357
382.218
374.259
370.974
364.963
372.964
374.015
358.875
372.102
373.400
374.302
375.452
377.033
374.830
387.829
393.428
378.923
375.171
372.442
377.850
372.173
374.538
372.658
366.582
375.676
365.121
373.246
389.453
368.595
405.354
366.026
366.419
367.035
368.530
369.236
370.180
372.576
376.192
369.593
372.521

--------------------------------------------
Accuracy for GA1 after 0 training iterations:
--------------------------------------------
Correctly classified (TEST) 1336.0 instances.
Incorrectly classified (TEST) 1981.0 instances.
Percent correctly classified (TEST): 40.277%

Correctly classified (TRAIN)3187.0 instances.
Incorrectly classified (TRAIN) 4551.0 instances.
Percent correctly classified (TRAIN): 41.186%

--------------------------------------------
Accuracy for GA1 after 250 training iterations:
--------------------------------------------
Correctly classified (TEST) 2890.0 instances.
Incorrectly classified (TEST) 427.0 instances.
Percent correctly classified (TEST): 87.127%

Correctly classified (TRAIN)6747.0 instances.
Incorrectly classified (TRAIN) 991.0 instances.
Percent correctly classified (TRAIN): 87.193%

--------------------------------------------
Accuracy for GA1 after 500 training iterations:
--------------------------------------------
Correctly classified (TEST) 2955.0 instances.
Incorrectly classified (TEST) 362.0 instances.
Percent correctly classified (TEST): 89.087%

Correctly classified (TRAIN)6897.0 instances.
Incorrectly classified (TRAIN) 841.0 instances.
Percent correctly classified (TRAIN): 89.132%

--------------------------------------------
Accuracy for GA1 after 750 training iterations:
--------------------------------------------
Correctly classified (TEST) 2927.0 instances.
Incorrectly classified (TEST) 390.0 instances.
Percent correctly classified (TEST): 88.242%

Correctly classified (TRAIN)6817.0 instances.
Incorrectly classified (TRAIN) 921.0 instances.
Percent correctly classified (TRAIN): 88.098%

--------------------------------------------
Results for GA1: 
--------------------------------------------
Correctly classified (TEST) 2941.0 instances.
Incorrectly classified (TEST) 376.0 instances.
Percent correctly classified (TEST): 88.664%

Correctly classified (TRAIN)6878.0 instances.
Incorrectly classified (TRAIN) 860.0 instances.
Percent correctly classified (TRAIN): 88.886%

Training time: 721.563 seconds
Testing time: 0.074 seconds


Error results for GA2
---------------------------
1039.569
937.781
1055.543
1037.323
911.790
992.917
1043.149
1086.046
1240.385
1071.964
1364.639
882.560
1084.988
1035.898
1035.131
946.669
997.361
1051.940
918.223
961.869
1129.689
972.162
944.336
876.658
1112.126
1209.688
891.930
865.589
898.838
1084.511
1128.300
836.792
942.727
1140.155
914.592
798.860
1179.349
1029.540
899.102
733.067
1054.758
739.491
675.156
698.358
735.012
755.222
804.119
661.504
727.073
903.100
700.713
893.687
671.072
793.666
1026.751
621.858
653.725
654.882
665.806
946.000
639.546
626.648
632.053
547.052
631.373
640.718
568.505
648.861
615.646
813.572
753.105
633.296
685.052
746.801
528.965
643.449
655.615
570.821
735.805
561.887
562.162
637.643
649.333
581.877
606.798
694.960
699.945
816.777
670.275
556.041
634.253
572.747
464.984
627.598
473.074
653.353
581.559
504.364
538.786
730.216
412.251
527.469
480.436
476.630
468.330
560.393
516.917
421.270
503.852
500.923
528.087
520.211
502.083
470.742
508.884
470.309
420.294
459.557
498.722
483.941
569.992
496.276
494.401
479.568
511.124
439.068
418.332
435.093
462.491
485.649
486.622
454.730
465.031
422.702
451.060
419.129
408.871
445.895
388.715
395.570
455.572
412.469
448.189
391.979
430.505
467.077
400.420
464.843
417.100
453.135
490.734
405.333
434.894
406.414
407.439
428.308
507.449
365.463
401.088
415.459
380.590
382.310
429.979
462.156
457.323
413.243
418.616
392.054
368.455
393.598
379.353
360.015
373.366
397.331
409.196
366.598
333.845
370.700
369.430
374.110
416.442
372.887
405.211
366.746
392.556
351.547
355.041
351.930
356.297
344.768
350.150
333.277
399.631
339.262
383.804
378.372
330.952
363.835
365.520
359.402
372.385
343.516
366.040
374.486
361.927
340.751
376.841
355.094
376.130
358.283
398.930
376.424
379.616
339.679
355.503
352.295
350.868
365.997
345.272
400.757
352.378
363.647
364.231
323.413
367.652
361.612
391.940
380.478
357.516
370.932
377.393
369.296
358.526
369.529
426.239
361.953
379.875
353.749
371.754
341.337
323.017
357.355
354.395
397.635
355.419
336.040
328.024
369.152
329.929
350.481
365.962
325.858
355.624
362.868
364.710
337.178
353.490
334.813
331.806
329.251
328.938
326.414
325.282
329.466
373.042
337.881
349.148
333.347
339.548
326.204
326.199
362.323
367.293
344.646
329.634
321.798
341.577
324.573
368.631
324.316
347.458
327.184
331.680
344.560
325.732
359.031
326.239
321.694
334.766
324.869
320.887
336.987
325.086
321.703
333.541
322.613
327.706
329.899
330.326
353.815
326.820
335.483
320.583
323.271
326.850
334.568
324.309
333.017
327.029
324.488
356.715
329.068
343.259
326.888
335.828
345.528
342.058
339.256
329.785
328.735
330.656
335.746
348.352
335.640
335.838
332.923
326.913
327.621
337.763
337.301
331.003
339.474
325.874
332.754
334.205
328.554
339.007
322.411
334.377
337.426
329.167
332.144
337.442
328.248
338.943
335.460
343.128
333.215
324.427
334.713
337.950
347.537
339.792
345.909
331.193
332.317
342.900
334.682
331.000
333.398
343.305
343.097
345.475
361.714
332.353
335.990
340.145
333.633
360.638
347.017
333.542
329.596
346.337
328.321
342.733
333.451
328.397
341.904
347.256
338.437
329.919
326.385
323.187
335.279
341.445
335.730
339.830
335.273
327.645
323.374
321.378
329.316
315.576
321.443
318.842
324.725
321.629
323.144
325.552
322.883
319.169
320.163
326.993
324.520
323.417
324.946
320.408
321.035
323.740
321.851
323.100
319.165
318.588
322.506
314.534
323.634
312.787
316.948
317.601
318.637
316.746
318.823
316.955
311.884
315.717
314.709
322.951
312.558
314.536
312.491
315.115
306.188
322.246
319.312
306.503
313.660
317.400
324.949
312.592
306.426
312.140
310.825
320.643
309.391
310.228
320.719
310.631
312.607
319.491
313.801
314.034
310.674
308.673
313.483
316.128
315.895
320.928
306.364
307.442
313.303
313.645
319.035
325.678
312.516
308.889
315.213
308.644
317.176
306.957
318.254
310.438
307.328
320.136
313.543
322.847
310.218
315.168
313.762
307.218
304.252
315.334
313.144
319.383
306.368
313.421
308.604
317.183
306.930
310.088
314.083
309.959
307.794
325.814
315.533
312.718
312.180
303.077
308.788
305.864
312.240
321.958
309.808
316.999
307.646
305.246
320.267
307.515
310.051
310.222
301.580
308.908
305.724
312.311
311.455
323.783
312.199
304.534
315.401
309.548
317.582
309.058
301.662
320.817
315.199
309.727
314.489
312.950
322.930
300.916
314.508
298.196
312.807
310.383
317.623
310.077
303.093
316.959
305.452
307.158
301.929
306.005
310.959
312.175
303.056
298.080
300.864
308.078
301.459
307.558
311.142
311.240
312.684
308.309
298.418
293.248
299.661
299.682
305.384
296.325
307.605
314.442
314.591
310.211
310.099
303.064
307.523
314.165
307.767
295.504
299.410
307.015
313.804
306.540
307.720
311.651
304.207
307.545
309.888
307.874
299.492
298.866
306.230
315.354
310.184
308.417
294.187
306.604
296.344
307.407
301.880
300.726
299.909
316.169
301.460
303.451
301.281
306.780
301.966
302.425
304.703
307.348
315.126
297.705
302.478
299.285
308.403
296.460
310.486
299.598
300.136
313.166
294.550
304.048
302.495
301.053
301.656
304.375
297.741
308.227
313.233
316.037
304.462
303.906
308.318
308.665
313.544
302.651
307.612
306.248
302.421
308.510
303.807
302.288
303.349
308.201
299.606
305.097
308.871
301.028
299.522
300.882
304.765
302.514
303.772
305.079
308.888
309.783
307.463
306.357
298.801
309.150
298.844
304.112
302.264
305.346
301.540
306.724
307.025
304.338
302.557
309.151
305.035
307.493
311.245
301.185
302.916
301.789
307.172
313.692
300.463
302.731
300.952
304.587
302.113
300.443
299.812
300.655
300.776
301.237
312.537
301.481
303.454
309.129
301.122
302.970
300.753
303.576
305.048
300.102
301.675
301.558
302.854
302.591
302.023
301.879
299.708
300.437
299.680
303.638
311.960
310.950
298.406
314.092
309.540
303.974
302.803
303.893
299.195
299.185
312.770
300.343
302.260
301.109
297.568
300.930
301.801
308.148
299.670
304.132
301.230
300.627
300.169
300.564
296.785
298.703
301.676
303.084
300.863
307.348
313.160
302.904
302.110
314.826
300.636
299.920
302.444
311.377
308.488
301.068
302.882
302.146
304.767
303.493
302.843
305.629
298.691
305.344
296.951
297.840
315.266
301.620
305.179
302.831
303.913
297.234
297.037
320.797
314.796
297.678
308.737
307.359
311.063
301.885
306.356
300.043
318.810
301.009
295.614
300.968
298.443
305.414
297.480
315.097
303.928
299.696
306.270
301.606
303.147
307.286
309.310
305.903
309.800
305.921
302.979
299.821
304.669
301.034
309.270
302.262
303.198
301.310
299.909
301.297
298.977
303.474
304.871
305.895
309.229
304.304
300.434
304.956
312.620
312.458
307.512
325.375
309.228
301.518
308.578
305.972
318.667
309.376
305.258
308.539
314.122
308.805
307.027
304.400
308.129
303.137
307.160
308.068
311.219
303.383
293.522
293.795
304.976
307.018
301.409
311.330
305.032
312.512
312.066
300.508
302.542
309.122
307.875
305.283
312.220
310.749
308.328
303.495
302.750
308.917
304.254
309.162
307.299
302.435
300.507
314.665
301.602
308.816
299.269
308.360
307.793
307.307
309.600
299.976
298.800
315.900
303.843
315.197
313.372
311.512
302.299
306.396
316.718
305.676
304.704
302.899
305.328
301.413
296.801
305.448
321.687
300.749
303.163
299.241
298.790
303.161
307.331
300.726
302.906
307.251
297.280
306.896
306.167
305.311
297.704
301.287
311.459
297.442
307.494
299.301
315.555
295.599
308.502
300.490
306.710
303.287
295.851
297.778
305.566
306.404
295.547
292.603
299.073
297.570
294.006
297.762
307.069
302.194
305.170
300.226
295.050
304.963
303.104
302.811
292.051
299.973
307.297
297.008
305.245
301.467
301.457
296.083
300.349
307.903
300.831
293.674
298.608
293.717
302.512
307.589
302.685
301.800
302.944
299.058
304.868
299.628
300.269
304.409
306.488
311.320
297.508
301.511
295.052
299.622
291.616
293.310
307.924
295.287
296.026
304.462
313.904
300.307
314.923
304.286
296.967
311.294
301.491
294.796
300.806
312.721
296.793
302.026
308.660
310.692
301.396
291.494
305.737
294.140
295.808
312.389
300.629
293.228
303.429
294.887
309.273
291.367
304.543
296.465
310.941
291.573
291.930
300.947
300.196
295.073
302.316
297.218
294.078
302.487
294.545
309.244
297.900
304.408
299.480
296.065
292.874
309.855
298.703

--------------------------------------------
Accuracy for GA2 after 0 training iterations:
--------------------------------------------
Correctly classified (TEST) 1584.0 instances.
Incorrectly classified (TEST) 1733.0 instances.
Percent correctly classified (TEST): 47.754%

Correctly classified (TRAIN)3704.0 instances.
Incorrectly classified (TRAIN) 4034.0 instances.
Percent correctly classified (TRAIN): 47.868%

--------------------------------------------
Accuracy for GA2 after 250 training iterations:
--------------------------------------------
Correctly classified (TEST) 2953.0 instances.
Incorrectly classified (TEST) 364.0 instances.
Percent correctly classified (TEST): 89.026%

Correctly classified (TRAIN)6841.0 instances.
Incorrectly classified (TRAIN) 897.0 instances.
Percent correctly classified (TRAIN): 88.408%

--------------------------------------------
Accuracy for GA2 after 500 training iterations:
--------------------------------------------
Correctly classified (TEST) 2987.0 instances.
Incorrectly classified (TEST) 330.0 instances.
Percent correctly classified (TEST): 90.051%

Correctly classified (TRAIN)6892.0 instances.
Incorrectly classified (TRAIN) 846.0 instances.
Percent correctly classified (TRAIN): 89.067%

--------------------------------------------
Accuracy for GA2 after 750 training iterations:
--------------------------------------------
Correctly classified (TEST) 2994.0 instances.
Incorrectly classified (TEST) 323.0 instances.
Percent correctly classified (TEST): 90.262%

Correctly classified (TRAIN)6996.0 instances.
Incorrectly classified (TRAIN) 742.0 instances.
Percent correctly classified (TRAIN): 90.411%

--------------------------------------------
Results for GA2: 
--------------------------------------------
Correctly classified (TEST) 3013.0 instances.
Incorrectly classified (TEST) 304.0 instances.
Percent correctly classified (TEST): 90.835%

Correctly classified (TRAIN)7022.0 instances.
Incorrectly classified (TRAIN) 716.0 instances.
Percent correctly classified (TRAIN): 90.747%

Training time: 735.796 seconds
Testing time: 0.077 seconds


Error results for GA3
---------------------------
1039.339
991.355
1015.889
786.988
1040.624
975.584
951.551
1066.808
913.603
786.742
986.603
1033.045
1190.956
1061.038
965.874
914.837
1140.326
867.997
971.765
950.337
1021.197
1040.904
940.041
971.048
1012.497
852.459
978.760
1058.087
1070.525
877.555
1031.268
917.279
1242.495
1043.939
1009.949
825.550
1063.823
978.776
1189.351
952.702
991.181
1146.904
1269.549
1009.737
904.549
1088.836
971.427
1229.037
855.104
940.853
867.926
1064.576
1058.491
1103.427
1031.708
1039.342
974.257
704.719
918.797
983.180
775.830
964.632
864.518
876.490
945.288
795.241
979.024
788.061
807.806
742.896
751.411
787.062
770.847
820.688
1007.041
737.801
849.950
1023.114
729.089
917.891
827.110
921.129
760.101
993.585
784.617
890.494
619.875
934.603
979.268
784.292
762.664
758.642
688.253
738.194
724.941
755.182
738.640
713.847
742.029
905.541
699.212
687.427
753.278
676.594
859.095
655.325
549.291
631.021
668.618
704.451
665.072
753.636
653.998
744.634
675.428
691.212
747.118
713.509
566.692
692.342
681.979
691.323
739.677
636.557
777.977
648.942
779.226
645.236
666.804
665.890
722.279
521.185
645.448
651.985
661.225
654.845
609.533
531.623
632.480
671.626
623.760
685.589
682.093
525.380
723.100
703.374
591.198
665.998
626.666
572.638
545.001
571.367
592.767
644.301
603.406
603.714
621.914
533.757
704.351
580.980
632.968
673.235
729.443
560.518
573.673
600.272
575.448
564.301
609.933
592.369
515.731
700.518
569.276
481.888
569.420
597.598
556.940
573.093
727.831
597.510
517.879
591.694
493.220
527.730
607.070
532.088
620.956
633.502
584.621
553.341
570.202
555.359
532.374
601.424
588.156
541.339
562.768
591.004
596.942
575.330
571.699
500.959
564.352
567.325
512.338
543.558
533.528
575.569
480.409
549.986
527.696
572.118
572.885
591.225
652.295
501.524
530.727
498.225
523.010
549.459
526.236
559.427
581.127
531.271
586.680
533.414
521.587
528.028
615.257
520.284
473.905
518.767
530.280
575.117
527.427
531.477
498.790
471.661
519.635
533.268
497.807
542.092
519.572
472.738
565.673
548.847
468.135
537.350
495.136
478.322
518.279
525.237
496.492
529.858
530.102
463.956
542.545
508.622
544.778
507.962
603.554
526.969
495.313
526.215
482.966
478.627
519.312
503.300
528.624
545.324
485.623
453.903
467.342
495.670
457.097
493.218
510.377
484.678
484.098
487.228
460.903
530.274
519.620
460.772
535.852
493.393
460.121
526.794
467.759
478.511
485.402
527.679
522.130
485.597
478.422
482.568
471.373
550.532
503.574
561.334
494.321
445.129
483.785
483.023
446.126
443.046
467.686
451.363
437.879
488.861
465.187
469.378
515.440
459.896
464.849
460.578
458.762
454.802
495.818
495.715
498.634
432.097
429.559
476.605
485.936
453.282
479.158
492.768
469.995
432.023
450.100
463.838
534.247
438.361
443.743
478.308
466.201
453.195
453.965
478.798
463.322
427.230
477.834
450.133
459.846
492.506
463.751
456.088
472.959
456.894
461.505
497.454
488.284
446.651
467.473
452.316
455.481
520.977
469.513
475.082
504.513
468.434
454.290
449.738
448.770
478.956
453.008
452.581
458.940
455.271
446.135
426.450
447.157
437.559
444.983
435.595
466.931
443.102
465.785
444.595
440.759
434.781
453.778
466.065
425.101
438.746
434.031
467.383
483.835
442.553
439.947
424.117
467.889
411.617
421.502
454.695
461.403
430.592
453.700
435.640
462.293
438.881
413.832
444.261
433.634
417.679
436.324
452.432
436.263
445.619
442.251
433.893
435.907
437.491
428.234
423.260
442.824
437.355
448.884
432.701
446.818
446.024
442.398
427.097
440.718
464.898
429.044
450.066
427.726
452.962
426.619
436.025
437.684
462.224
485.726
451.348
452.522
478.174
454.229
415.513
408.412
426.048
432.083
439.916
442.304
429.343
424.152
417.406
418.238
439.507
436.291
417.243
435.298
414.771
431.204
412.629
474.591
438.008
428.204
425.832
430.059
425.815
417.674
412.645
439.842
422.231
420.662
438.755
436.393
418.381
430.919
433.561
430.019
420.076
414.320
423.557
425.984
408.164
425.194
420.390
409.341
416.097
430.758
418.617
432.793
413.839
408.047
414.589
412.466
426.756
419.294
424.154
421.360
399.766
431.802
441.361
429.539
426.746
400.772
428.769
432.649
431.178
426.191
423.610
425.617
431.149
427.849
430.536
450.042
430.796
436.128
398.240
404.076
441.530
441.152
413.403
415.748
435.440
420.935
408.762
412.399
418.871
437.858
420.286
422.011
424.769
441.183
450.756
425.403
425.508
432.732
418.062
452.155
418.151
430.902
417.552
424.240
409.712
419.128
420.740
430.726
435.263
434.332
425.276
421.865
419.051
423.067
408.902
446.912
414.016
449.345
453.349
419.571
415.952
429.915
420.629
421.669
424.937
458.004
418.348
415.135
417.844
424.293
418.400
422.719
411.364
416.246
424.386
413.534
422.409
418.687
420.162
429.068
417.861
428.861
414.098
420.649
420.043
418.388
417.139
423.141
421.951
436.591
417.761
430.800
423.148
406.159
424.044
414.659
412.630
441.297
422.523
427.698
427.766
424.760
413.472
426.710
416.031
426.379
417.583
411.440
424.638
416.340
414.496
421.632
423.997
431.367
425.636
423.783
441.276
412.929
431.758
431.555
422.918
421.339
431.421
420.672
415.110
425.159
445.496
422.693
432.285
420.312
438.928
432.089
429.063
447.996
429.190
428.024
434.633
415.691
475.145
433.071
425.328
432.601
428.334
439.946
412.826
420.931
432.308
427.198
417.769
434.759
432.814
430.676
436.255
447.763
429.451
429.383
439.371
442.142
440.824
422.640
427.705
438.746
439.678
426.397
421.256
436.557
421.672
440.011
444.396
441.083
429.561
430.163
433.802
439.096
417.464
429.601
429.699
421.651
425.501
420.817
439.403
437.953
426.151
426.874
429.622
422.632
420.494
425.768
425.765
434.708
422.469
413.455
436.336
431.997
428.919
430.896
428.241
424.684
436.716
426.282
428.493
425.585
417.429
427.158
442.499
433.061
421.406
422.818
424.615
432.693
428.562
424.952
423.922
424.320
429.016
423.773
435.868
424.590
429.264
428.318
427.963
427.155
440.140
422.927
423.979
420.116
445.324
422.457
413.067
419.589
418.746
446.115
421.880
422.159
415.236
411.857
426.096
438.130
414.605
413.599
433.853
415.292
418.215
451.284
425.842
419.552
417.187
435.204
417.608
441.938
421.051
418.722
461.902
429.334
441.625
426.139
424.177
400.515
439.064
421.771
421.720
424.142
431.739
427.125
425.902
418.087
418.585
410.756
421.838
426.537
418.314
419.619
423.512
414.951
414.018
412.656
419.310
417.155
426.830
418.785
426.707
415.631
412.803
419.484
396.059
415.263
421.035
430.091
416.297
418.028
388.739
396.998
402.374
416.974
428.616
416.471
422.228
402.603
429.708
427.450
424.967
417.863
396.425
422.031
410.110
393.022
428.696
429.768
394.906
417.805
420.973
426.865
424.956
425.232
415.347
420.684
422.109
429.000
420.388
419.807
418.503
431.560
426.787
434.849
426.833
423.247
423.120
389.623
429.235
396.961
415.636
415.850
399.846
429.721
422.246
431.742
391.103
423.466
399.055
415.060
422.287
395.638
412.664
389.495
414.373
419.796
400.120
400.318
398.231
421.762
417.557
418.232
414.143
392.150
416.502
417.500
393.495
389.750
415.770
393.448
412.979
416.599
388.627
389.350
418.875
397.230
396.788
394.129
392.439
392.964
394.904
398.479
421.051
403.053
401.526
400.691
390.351
410.352
401.654
422.226
417.955
398.266
396.357
402.338
402.638
406.507
418.117
393.589
400.446
394.676
418.342
393.494
423.633
398.931
406.815
409.187
414.765
406.158
394.593
397.325
428.317
388.950
408.472
394.762
417.743
394.877
398.080
398.541
399.537
419.844
416.996
410.004
396.183
387.975
396.850
414.353
390.350
397.364
407.095
405.600
418.931
387.151
421.532
395.698
408.886
394.022
390.320
395.332
417.248
393.063
390.628
386.436
391.269
411.344
418.171
381.538
411.580
386.806
418.758
389.647
390.987
407.326
396.077
406.150
364.000
399.078
396.305
387.451
389.596
408.100
393.773
378.448
390.358
408.813
382.521
384.597
385.458
395.049
393.340
383.208
381.420
378.414
389.332
387.759
387.844
386.754
386.127
386.753
386.120
386.281
383.992
383.697
390.324
392.871
384.281
383.675
379.859
380.825
389.332
385.377
391.516
392.918
394.442
393.901
390.925
384.502
384.254
393.912
387.070
386.800
391.908
384.922
385.477
395.288
391.472
396.990
383.354
382.273
391.446
382.139
389.361
391.640
387.526
380.956
385.497
383.517
389.464

--------------------------------------------
Accuracy for GA3 after 0 training iterations:
--------------------------------------------
Correctly classified (TEST) 1722.0 instances.
Incorrectly classified (TEST) 1595.0 instances.
Percent correctly classified (TEST): 51.914%

Correctly classified (TRAIN)4067.0 instances.
Incorrectly classified (TRAIN) 3671.0 instances.
Percent correctly classified (TRAIN): 52.559%

--------------------------------------------
Accuracy for GA3 after 250 training iterations:
--------------------------------------------
Correctly classified (TEST) 2805.0 instances.
Incorrectly classified (TEST) 512.0 instances.
Percent correctly classified (TEST): 84.564%

Correctly classified (TRAIN)6570.0 instances.
Incorrectly classified (TRAIN) 1168.0 instances.
Percent correctly classified (TRAIN): 84.906%

--------------------------------------------
Accuracy for GA3 after 500 training iterations:
--------------------------------------------
Correctly classified (TEST) 2887.0 instances.
Incorrectly classified (TEST) 430.0 instances.
Percent correctly classified (TEST): 87.036%

Correctly classified (TRAIN)6761.0 instances.
Incorrectly classified (TRAIN) 977.0 instances.
Percent correctly classified (TRAIN): 87.374%

--------------------------------------------
Accuracy for GA3 after 750 training iterations:
--------------------------------------------
Correctly classified (TEST) 2876.0 instances.
Incorrectly classified (TEST) 441.0 instances.
Percent correctly classified (TEST): 86.705%

Correctly classified (TRAIN)6762.0 instances.
Incorrectly classified (TRAIN) 976.0 instances.
Percent correctly classified (TRAIN): 87.387%

--------------------------------------------
Results for GA3: 
--------------------------------------------
Correctly classified (TEST) 2919.0 instances.
Incorrectly classified (TEST) 398.0 instances.
Percent correctly classified (TEST): 88.001%

Correctly classified (TRAIN)6815.0 instances.
Incorrectly classified (TRAIN) 923.0 instances.
Percent correctly classified (TRAIN): 88.072%

Training time: 711.243 seconds
Testing time: 0.064 seconds