Error results for GA1
---------------------------
1405.070
1111.407
1068.412
964.575
967.180
1010.518
983.309
901.711
851.626
965.594
1046.825
981.399
1005.154
813.510
1101.010
791.085
893.405
948.157
1035.638
1222.677
908.573
1087.288
1063.369
990.691
1035.974
900.959
999.010
1130.690
923.678
1135.640
1040.983
835.982
915.025
901.138
996.692
913.116
1159.118
1109.207
797.646
1003.215
1160.157
1017.059
800.992
1137.498
970.082
1171.023
1274.680
1030.178
985.075
1045.753
1019.889
1122.971
972.242
924.004
920.341
966.764
887.738
858.829
1263.764
963.670
1159.360
1263.980
1044.200
1030.003
1114.767
957.886
868.150
1021.174
1017.608
1151.974
1010.637
964.177
1294.424
1123.675
830.203
1179.366
1006.503
1130.180
1009.389
1075.585
726.929
902.578
972.429
862.937
833.244
964.538
915.156
925.844
939.936
1060.236
1134.697
1157.854
957.435
935.102
799.075
846.065
837.951
966.590
901.656
908.330
1100.206
738.792
920.834
842.402
734.580
821.922
845.543
858.711
985.434
723.233
820.096
820.314
780.763
773.955
865.001
778.509
847.857
731.775
829.725
766.283
1077.714
789.162
785.027
816.906
1004.055
934.899
855.517
795.810
768.632
816.126
806.131
910.484
845.459
747.061
1085.249
667.334
646.015
783.701
836.555
938.359
852.821
898.946
797.508
862.708
822.178
944.800
697.596
980.914
598.502
873.389
666.462
641.216
888.201
733.788
639.220
586.758
626.708
686.530
628.147
656.064
558.754
536.112
901.100
721.294
806.355
719.579
577.320
583.285
608.840
993.166
649.476
658.181
589.052
673.504
538.513
583.929
557.521
530.868
706.340
534.431
485.410
572.172
645.062
659.456
533.794
408.607
599.952
564.100
505.313
664.219
493.961
633.731
429.509
437.127
499.725
426.445
493.652
491.573
419.920
441.675
393.860
404.563
483.728
424.240
423.477
402.311
613.186
436.178
420.835
401.274
394.232
352.198
531.768
363.812
432.473
320.770
390.171
414.564
440.272
470.482
466.744
393.946
398.982
407.098
315.296
413.312
414.263
340.100
373.565
439.514
506.774
410.444
322.169
306.404
372.237
306.404
346.832
478.752
301.825
308.984
581.293
582.427
355.861
328.330
347.696
367.893
347.780
351.033
431.054
418.394
340.348
404.538
376.396
340.645
336.314
328.030
338.381
371.036
346.282
332.888
332.458
323.527
376.620
332.962
325.109
334.554
375.268
299.261
359.619
313.050
317.375
372.987
358.112
339.423
328.359
321.011
345.025
408.443
335.659
416.586
511.794
318.526
321.379
416.086
380.065
305.735
351.753
456.751
326.381
340.722
317.838
303.937
319.746
339.516
348.607
402.959
327.097
302.267
280.946
285.260
337.863
346.775
324.479
374.382
406.391
356.114
275.939
336.689
324.635
300.014
279.324
331.339
279.367
332.093
313.970
350.154
350.935
285.048
280.187
278.744
283.399
311.471
302.998
289.260
310.183
466.205
305.851
320.095
308.145
346.000
279.290
386.343
310.721
344.898
327.761
306.651
283.157
319.566
278.655
322.138
320.773
276.187
308.495
301.918
290.092
314.942
336.319
294.495
338.891
302.104
283.065
289.702
262.706
285.403
287.715
317.667
305.918
329.956
339.653
296.215
280.812
282.815
308.203
323.325
268.216
312.761
334.841
283.293
322.052
271.524
306.370
336.014
301.554
267.414
276.620
289.881
293.565
266.192
349.502
305.559
282.797
278.125
263.732
271.929
253.829
285.872
284.939
289.928
298.611
271.995
262.267
275.813
330.553
302.622
279.552
319.105
308.188
337.882
299.732
296.451
287.321
311.885
314.544
316.178
328.200
299.237
298.597
304.825
280.626
282.050
273.033
271.472
291.234
290.336
267.484
306.334
287.546
280.471
326.638
284.365
271.113
267.542
265.050
290.603
268.422
311.530
273.998
286.460
282.987
310.987
269.020
279.172
294.883
260.328
267.727
272.121
300.481
281.031
281.166
273.699
267.225
304.644
268.517
264.217
310.650
281.203
301.183
265.945
293.526
286.448
267.853
312.565
273.427
273.650
260.625
303.006
299.602
274.049
265.425
268.752
252.490
276.082
264.734
323.472
278.847
309.856
260.841
286.752
254.769
282.647
293.108
277.692
288.834
321.954
270.876
259.072
266.205
260.403
265.564
309.253
280.592
298.564
268.531
268.239
271.177
277.082
315.106
291.946
257.979
262.347
263.834
262.457
270.456
268.453
280.894
260.595
279.588
258.456
288.990
336.662

Error results for GA2
---------------------------
1088.585
1204.548
834.820
1098.519
1017.219
1059.980
864.832
1202.509
903.300
1043.567
977.531
1120.358
1107.431
1068.724
1051.997
888.444
948.135
1135.966
941.540
1053.833
1077.915
1127.734
948.220
1011.430
928.090
1311.919
1028.197
810.380
1130.520
978.638
894.733
1053.489
1112.635
987.811
1119.386
1084.537
905.150
905.324
839.572
876.076
1052.896
998.119
937.359
1093.417
1191.132
952.949
815.531
961.251
993.341
911.770
978.754
861.220
882.906
1114.876
1008.847
1047.173
980.343
863.660
954.236
878.883
992.268
1071.667
908.359
1025.671
818.010
901.609
1121.560
1033.814
1147.992
950.775
936.498
908.411
992.064
935.692
920.096
1100.194
858.237
1011.185
961.439
1014.912
859.674
973.913
998.315
1087.793
893.842
829.580
763.186
1033.307
1006.636
987.145
1088.206
770.448
1032.208
977.852
991.720
895.904
926.205
700.638
884.564
805.654
973.274
985.786
894.577
793.592
931.857
934.736
781.969
821.369
796.553
836.857
869.585
816.459
1171.210
961.598
883.779
842.015
997.944
750.931
829.376
903.016
693.351
919.861
873.958
714.897
761.473
783.407
827.432
705.191
792.406
740.629
724.630
584.453
701.288
664.254
822.850
750.717
602.826
748.767
860.181
683.019
746.158
510.902
572.302
817.921
736.984
656.870
515.251
721.647
667.578
739.953
810.355
533.538
739.275
613.460
660.558
581.477
544.411
578.582
583.860
480.490
682.127
653.092
591.990
478.064
699.633
662.147
463.790
811.047
512.174
547.075
509.787
446.894
456.807
452.248
566.754
675.337
617.445
409.815
447.644
513.564
505.728
510.596
471.401
449.966
401.614
474.881
482.471
447.675
489.200
459.241
478.391
514.110
435.397
420.401
354.622
511.201
506.784
583.991
484.998
387.406
446.505
375.950
461.302
416.285
432.496
391.196
449.158
373.481
484.871
391.119
475.441
473.931
383.854
415.352
404.030
421.266
372.432
477.480
408.222
435.921
413.908
408.990
397.089
459.155
430.101
326.771
554.558
503.985
331.621
357.592
432.808
367.388
401.634
324.732
377.767
331.468
386.993
376.525
459.490
481.313
349.830
428.800
378.785
343.267
329.860
397.880
461.305
474.020
340.877
365.588
322.535
424.142
429.868
330.825
385.613
352.798
320.095
338.948
357.730
337.994
408.736
381.212
358.121
442.826
481.595
328.308
336.896
487.265
322.190
363.023
369.349
365.225
406.509
391.799
349.266
392.184
341.460
323.351
373.824
380.000
333.853
321.704
312.945
359.880
337.847
358.376
296.056
351.238
337.420
317.360
342.383
418.585
306.735
338.620
302.170
355.570
278.980
472.580
319.813
320.860
362.514
348.826
333.025
323.208
309.085
400.882
333.629
304.243
387.384
292.582
353.101
327.005
360.124
304.554
321.558
301.197
314.524
306.756
313.548
320.640
311.050
326.500
322.106
328.405
335.189
323.616
333.484
313.579
317.040
301.719
316.736
305.814
313.192
286.455
282.162
314.528
309.116
334.161
300.901
310.292
311.590
293.269
279.167
302.652
303.945
289.648
310.724
285.791
323.726
321.590
331.437
289.870
292.436
285.483
309.402
331.748
317.144
294.266
288.273
304.072
294.702
305.056
336.146
290.311
300.811
270.057
343.375
328.872
295.444
291.979
325.930
328.771
360.769
282.150
295.635
305.921
288.686
283.827
303.013
324.279
292.349
375.206
306.276
271.381
294.110
283.064
313.393
280.876
272.059
293.608
265.350
287.646
304.828
270.995
286.705
342.830
345.581
287.671
290.379
270.831
370.019
290.268
300.764
327.330
268.291
286.041
303.585
295.038
263.051
274.864
281.967
320.713
286.863
345.676
268.919
277.156
287.995
274.466
287.916
336.211
276.864
275.621
275.237
283.771
314.435
285.948
296.517
278.892
282.099
273.085
276.775
271.139
279.087
280.063
287.679
331.253
289.788
281.527
259.740
264.078
293.169
266.608
263.561
284.667
305.591
268.728
272.201
262.501
429.104
300.900
258.719
318.793
273.860
312.311
259.725
262.915
261.535
285.168
283.590
268.342
256.801
292.410
257.216
285.203
267.097
268.496
275.971
284.586
263.471
282.342
267.499
266.429
256.328
320.608
281.264
291.089
279.562
306.224
281.551
263.414
283.676
296.312
270.394
276.326
302.663
251.662
274.224
271.489
272.638
289.775
288.054
283.142
304.239
279.178
297.696
278.922
258.640
269.075
264.327
267.678

Error results for GA3
---------------------------
1231.913
788.846
998.829
950.633
1022.853
1056.387
925.595
1141.121
1163.349
967.180
1039.130
1025.446
1309.589
880.713
1039.118
1098.563
891.168
1018.928
998.679
1112.049
902.613
766.378
986.987
912.829
904.197
1056.952
990.562
1083.297
1083.269
1025.549
1174.029
942.778
1112.251
1086.401
993.846
1173.393
893.008
1033.284
1023.479
965.121
1119.930
582.952
1042.795
855.704
583.573
751.095
813.268
900.676
954.803
784.984
1097.828
1064.496
788.123
1035.216
1115.547
688.137
825.717
872.852
671.422
815.401
922.362
1171.303
747.395
796.805
633.178
642.402
654.286
1049.780
737.864
635.022
783.626
841.728
755.570
830.906
840.485
595.356
755.143
572.594
701.133
587.536
728.517
559.406
639.519
727.067
620.246
736.180
751.379
523.651
604.800
509.551
543.909
499.601
636.032
432.552
621.115
413.323
632.718
466.036
613.600
425.723
644.035
483.853
420.823
570.169
489.120
513.962
475.849
409.990
395.537
633.196
409.932
513.155
543.567
546.345
506.531
432.338
338.866
477.021
639.209
404.891
467.910
441.353
452.258
549.896
389.269
618.140
348.935
627.571
383.331
421.066
447.262
333.080
386.710
378.140
403.895
313.838
369.900
300.008
345.797
412.596
326.792
339.557
395.643
498.284
360.442
358.726
327.770
361.930
341.191
372.564
319.374
332.069
355.601
352.803
377.647
335.038
326.783
303.497
337.607
372.134
334.854
362.564
347.841
380.909
387.314
332.121
335.705
374.883
312.986
404.210
320.002
461.633
322.468
302.342
349.632
339.290
351.847
339.938
345.134
278.556
362.264
340.316
299.150
265.222
293.864
371.373
294.589
317.155
337.016
302.148
322.603
293.158
360.126
304.793
331.142
334.444
286.198
317.358
326.522
471.031
341.321
305.328
307.393
306.572
385.211
353.757
347.136
332.271
307.724
293.792
310.424
329.027
388.973
271.442
300.188
367.655
336.557
373.335
318.265
297.877
300.918
275.703
276.135
311.499
334.167
313.855
308.016
289.408
281.818
344.109
318.915
295.699
294.262
315.951
291.117
288.226
285.103
289.185
348.087
290.261
262.542
268.774
293.451
299.743
293.451
281.595
280.554
289.288
302.728
350.328
301.790
282.819
298.814
342.966
278.110
317.988
332.094
328.790
286.836
273.031
282.361
313.366
283.201
286.797
280.472
398.861
310.384
404.429
298.137
278.582
263.387
276.652
269.929
298.484
279.422
277.318
286.916
299.293
289.019
291.221
288.772
329.012
283.891
312.644
266.337
296.349
285.310
307.034
285.450
309.922
273.415
264.408
398.719
265.388
315.232
282.059
279.690
282.271
306.682
262.290
265.939
284.397
302.913
273.002
295.460
318.826
304.851
320.618
278.930
283.178
285.851
275.550
285.618
317.667
279.444
267.463
265.209
288.566
312.005
267.944
279.462
273.845
304.688
287.272
273.173
268.561
300.398
286.907
305.060
261.555
265.888
267.244
268.975
259.488
270.112
270.442
355.004
270.564
282.778
279.218
258.256
267.440
301.571
260.706
274.260
268.124
276.731
277.543
283.677
289.920
288.352
316.879
274.172
275.113
307.500
317.899
265.747
277.786
291.496
256.746
273.563
282.693
276.027
275.361
270.613
272.731
274.737
272.311
299.559
256.983
262.015
268.038
268.802
264.400
277.086
292.739
275.826
262.685
288.054
259.666
290.743
269.752
272.461
263.214
267.696
275.774
256.242
256.007
276.233
282.766
262.543
288.270
254.895
271.228
258.394
271.185
267.252
249.842
272.164
268.788
253.017
274.666
279.129
270.699
265.374
283.638
263.992
258.452
282.529
266.017
266.951
273.919
268.849
271.162
300.658
279.583
267.096
258.313
287.361
260.927
258.193
301.816
265.337
275.223
273.131
371.952
290.895
259.326
269.005
268.236
289.495
267.277
287.802
296.878
309.593
258.335
264.230
274.366
254.535
261.657
255.633
267.292
245.831
263.692
330.549
263.468
269.553
257.660
274.540
259.009
263.490
273.233
253.400
262.360
266.585
279.477
258.946
273.359
260.531
287.052
250.144
256.682
272.128
264.621
271.521
271.139
271.825
261.011
273.264
259.324
268.064
262.860
280.425
257.993
259.593
358.991
269.131
251.534
339.616
273.045
273.206
269.984
258.730
255.986
252.107
261.543
276.512
249.782
270.353
257.941
286.635
254.742
255.276
253.171
273.041
247.137
266.854
252.953
249.555
248.439

Error results for GA4
---------------------------
887.791
1175.861
943.533
1124.493
1055.552
750.662
976.764
1163.365
968.196
1340.717
829.436
1031.334
1153.780
902.732
970.267
1215.217
1196.096
1211.184
982.415
1097.993
888.656
1000.487
1085.833
1121.540
1250.664
1000.620
1022.853
773.645
850.301
1262.161
960.053
1266.738
957.803
753.713
962.373
1108.776
1024.914
1022.550
776.174
909.214
1047.585
970.326
947.382
796.597
1053.791
1069.979
902.221
951.815
884.191
1220.690
954.673
865.651
770.837
1062.036
1011.808
1247.084
952.813
867.843
733.850
978.721
978.894
1112.404
938.953
808.857
847.067
918.855
1137.027
835.808
665.894
852.500
872.383
965.946
1143.885
966.704
1042.736
783.817
810.604
877.453
929.895
971.516
739.796
1119.134
954.718
790.776
1019.772
702.580
863.175
1115.881
998.493
834.269
781.749
811.835
976.726
921.958
1045.847
958.089
1044.483
907.728
927.543
952.791
989.742
1198.110
811.092
796.399
807.603
896.065
846.436
738.287
799.243
890.393
882.557
1012.699
795.295
892.958
653.686
675.771
937.271
696.671
718.537
622.788
662.959
905.150
645.412
797.079
595.642
629.758
973.855
779.168
894.883
726.973
826.940
860.845
700.030
699.768
723.445
714.745
885.233
761.946
774.354
704.475
594.917
584.453
908.805
918.115
762.092
663.675
835.084
565.275
727.775
882.102
574.710
752.776
575.336
580.094
512.012
537.202
572.886
469.848
482.733
490.563
594.885
497.381
457.366
475.184
532.749
563.336
587.458
593.305
470.770
554.761
437.200
373.042
392.759
477.794
585.007
429.018
529.785
443.528
394.908
552.468
443.809
473.045
476.215
427.014
455.099
495.069
468.947
493.654
442.426
457.220
442.241
398.337
381.525
352.179
401.883
362.782
351.842
392.157
360.265
389.348
364.277
429.846
396.599
320.814
335.027
328.630
367.358
434.502
347.658
402.258
302.317
425.385
324.178
386.366
349.296
303.129
463.752
396.190
324.380
344.010
563.832
303.719
352.286
322.129
322.351
380.427
409.730
338.033
329.209
328.226
400.053
591.562
352.723
301.418
330.611
386.889
370.114
358.077
329.685
379.689
691.404
343.105
313.176
304.555
331.059
290.940
343.027
386.265
310.491
302.697
306.488
377.898
348.972
277.111
311.869
301.294
292.775
308.209
360.082
324.923
334.989
312.073
292.808
446.892
351.160
286.023
305.931
302.907
320.978
371.355
280.603
273.298
381.717
308.468
329.392
281.336
275.302
342.112
270.942
300.120
289.387
342.378
285.054
332.618
325.703
314.848
275.643
352.571
393.903
406.693
301.296
329.287
295.221
270.811
292.932
306.853
319.108
288.525
264.688
274.401
287.048
273.718
413.265
390.300
304.992
337.298
270.103
328.583
293.301
310.167
305.191
301.647
273.268
305.817
304.649
300.943
287.042
312.381
262.502
272.973
303.985
302.825
341.729
275.642
263.180
288.102
291.437
320.249
248.580
276.151
263.143
279.205
262.069
291.621
290.294
267.642
275.037
261.448
281.492
320.785
331.237
333.507
278.219
278.510
252.311
249.622
261.414
288.771
295.932
247.191
278.517
273.314
261.167
292.731
263.693
277.334
298.913
310.987
270.205
267.490
280.465
272.767
349.235
276.466
284.528
256.110
269.258
470.354
382.467
253.250
270.189
267.413
295.700
264.391
268.978
266.944
276.474
267.846
277.515
280.808
363.431
309.463
239.532
268.977
306.736
256.139
292.594
279.240
267.054
332.554
274.746
296.805
347.562
345.390
276.440
439.295
285.000
298.913
266.755
280.714
289.579
248.921
285.792
294.799
274.290
304.115
308.553
278.106
241.166
292.008
259.185
247.292
371.388
289.309
252.401
264.720
293.769
314.057
270.676
343.510
263.130
279.799
258.853
259.668
255.109
302.208
318.340
262.720
249.836
250.140
288.609
256.630
267.044
266.641
307.964
286.151
251.229
249.643
327.120
251.216
297.812
275.950
254.861
279.055
290.073
277.409
297.984
272.225
282.553
308.286
252.765
260.394
268.246
243.479
249.759
247.665
243.060
257.883
263.239
241.625
267.935
257.190
252.846
257.598
277.680
251.571
268.930
248.942
281.766
270.120
260.603
267.861
256.550
261.510
255.040
252.123
255.542
290.931
254.223
270.366
257.340
259.396
249.864
262.727
273.074
248.121
248.680
278.242
261.123
251.011
278.882
320.351
259.141
289.353
260.959
243.144
323.551
262.335
249.961
264.171

Error results for GA5
---------------------------
889.263
913.550
921.599
1015.513
981.614
964.091
961.691
1017.585
1229.631
1064.335
952.213
1008.262
1027.059
1013.734
929.338
937.969
898.260
1208.062
962.885
953.758
1231.637
1106.758
850.737
936.061
1158.192
1009.984
875.666
1080.707
919.719
945.885
1016.277
933.323
981.629
1175.108
1041.674
1058.050
1022.109
1219.414
896.101
942.385
978.527
1023.162
921.162
931.233
937.165
852.310
1166.123
1098.603
787.039
1105.743
1129.826
1178.921
837.459
1036.447
879.864
1045.909
975.332
954.649
758.410
1044.556
1043.791
1025.824
1064.073
946.035
1012.461
979.255
878.340
909.295
1159.882
1080.720
1058.589
882.278
989.410
878.231
1080.869
821.374
905.442
1071.499
1072.407
839.251
1159.662
903.816
827.436
826.251
979.759
834.978
777.912
1131.928
953.687
962.812
793.110
1015.326
1021.739
726.207
899.554
978.174
1017.478
883.026
956.728
988.086
909.298
922.663
1042.998
1077.599
942.723
675.861
887.608
912.346
849.252
645.991
798.830
628.127
735.189
928.532
893.132
690.779
729.868
505.000
768.775
634.872
774.131
753.108
921.552
893.059
503.526
621.277
836.051
741.559
664.650
702.499
660.854
811.366
644.902
778.631
607.769
670.759
676.116
933.750
745.735
683.148
853.822
596.154
616.245
719.953
555.350
609.550
658.548
710.397
587.589
694.323
615.057
578.234
548.563
690.841
534.581
491.216
496.444
450.222
528.628
456.135
728.023
518.032
441.773
480.617
522.430
528.977
480.209
527.675
488.799
636.623
631.218
455.401
377.549
458.556
503.690
518.854
563.743
545.554
589.214
417.137
531.777
434.785
470.558
486.723
462.998
512.904
576.922
456.643
503.768
472.575
384.789
475.756
512.577
424.833
432.375
472.159
441.195
457.624
595.905
400.261
387.860
418.451
404.275
391.552
438.861
459.775
440.075
515.748
491.479
597.037
417.571
404.715
379.201
365.747
435.648
455.606
365.502
402.285
556.323
345.880
391.031
419.530
338.526
351.216
489.823
511.828
421.519
382.410
383.112
325.872
362.337
413.598
333.371
331.496
380.699
331.319
385.097
372.788
390.990
406.240
317.784
461.719
337.757
364.673
321.064
365.391
339.931
327.820
426.975
300.004
322.075
390.526
311.459
333.936
316.985
348.748
354.685
308.573
362.763
365.477
335.532
328.140
333.165
341.606
311.430
320.657
347.195
333.306
331.898
343.655
292.357
336.221
334.506
300.295
351.975
319.734
385.915
359.484
317.780
376.745
305.155
309.564
291.272
289.931
330.055
331.775
392.644
337.893
295.922
439.356
345.571
317.389
319.120
330.541
442.071
331.238
318.835
289.310
313.408
374.860
465.230
433.459
310.107
331.436
289.524
299.684
299.769
338.374
318.931
307.631
313.925
368.928
310.788
312.598
305.605
329.865
291.079
311.596
307.710
300.259
298.033
343.968
321.968
287.457
293.904
301.147
284.776
295.988
315.967
283.182
297.732
304.137
318.606
291.007
304.609
279.556
294.941
273.952
299.902
303.808
317.238
327.011
277.031
263.855
288.793
292.277
313.276
314.678
277.089
301.705
288.063
319.016
283.118
368.392
308.418
270.960
328.031
286.960
297.505
304.575
284.830
333.336
313.281
278.150
300.029
284.564
276.763
276.847
327.742
314.886
274.463
287.432
274.830
276.305
281.655
320.907
315.971
343.059
285.526
270.884
284.943
277.804
293.601
303.137
305.137
310.393
313.874
316.665
292.337
274.527
306.362
306.180
291.430
277.342
281.435
277.924
279.025
274.948
283.905
291.302
296.698
290.272
265.048
273.467
296.198
270.414
331.672
300.146
269.827
295.925
288.700
279.332
294.977
279.595
286.844
259.234
308.892
277.261
266.820
267.061
272.923
325.938
266.615
262.928
259.067
289.491
265.990
277.284
271.032
305.160
298.550
271.186
296.398
283.366
308.481
283.054
248.242
381.375
299.156
290.846
312.124
280.716
274.824
284.964
291.645
271.877
294.593
288.516
319.504
272.499
269.797
279.372
292.928
276.524
329.332
288.644
265.577
280.281
285.582
272.596
282.145
242.595
338.318
263.247
322.627
261.896
257.352
283.657
297.015
255.351
260.775
260.967
283.705
298.965
294.303
278.149
260.952
283.513
264.782
255.633
423.171
272.998
266.348
291.525
266.196
258.505
266.536
262.604
321.666
265.194
248.025
265.135
273.451
285.978
293.874
251.057
261.484
251.700
291.691
312.996

Error results for GA6
---------------------------
1051.607
1033.942
1020.870
885.295
983.095
896.016
1015.092
1074.395
964.676
943.268
894.180
951.667
960.141
893.980
1083.566
742.146
1182.870
1180.606
1020.762
1074.106
930.764
675.596
999.563
1148.583
915.189
1038.889
926.828
746.881
1013.253
1118.361
1312.981
834.531
825.045
1240.344
1160.498
901.931
982.297
1033.977
1147.252
873.061
921.954
1175.282
863.664
857.014
900.930
1199.865
1189.927
1151.508
910.580
1092.428
864.197
905.733
940.198
1103.864
969.090
729.057
1150.231
1046.631
1163.223
1271.126
1010.895
1101.400
1039.305
1052.315
930.648
1226.652
833.714
799.864
1116.504
1032.591
717.291
652.814
1027.736
606.998
694.293
1023.864
659.535
994.866
754.560
848.268
832.946
724.855
742.465
879.874
742.471
771.547
1131.490
904.262
966.092
852.888
797.072
680.046
1047.240
817.784
816.362
985.829
757.847
845.671
721.521
835.590
733.398
708.443
577.182
823.760
994.195
543.896
1101.469
572.350
581.815
929.410
729.204
606.508
766.314
717.360
690.580
720.647
705.730
709.456
721.100
592.659
857.291
507.310
642.603
628.777
937.855
652.254
460.411
753.675
734.375
616.816
777.807
588.634
444.719
534.976
583.342
533.409
533.702
545.259
517.856
839.849
570.804
521.090
555.695
618.321
505.113
611.683
473.890
689.848
577.169
535.809
689.009
494.670
440.321
521.878
625.208
378.211
416.750
496.312
519.433
393.816
412.003
385.978
474.179
452.541
525.353
447.991
408.228
442.173
352.078
424.109
482.097
494.401
423.182
531.176
359.107
397.984
366.505
351.432
432.638
441.699
477.557
360.450
527.898
443.219
462.095
382.978
381.545
633.317
463.412
429.707
355.047
412.027
351.700
383.625
360.326
385.192
334.648
343.117
374.407
599.144
383.970
384.078
384.695
428.619
341.996
422.460
381.410
504.209
368.384
360.572
425.375
425.811
373.357
331.542
493.422
344.391
339.804
349.696
339.941
390.100
406.033
359.873
339.099
380.314
328.363
321.823
325.140
348.539
351.729
384.986
374.320
399.014
366.167
302.078
432.138
355.591
313.265
332.238
338.252
319.467
336.874
365.236
319.020
309.602
331.196
333.157
313.211
323.169
354.575
378.098
352.285
325.921
337.058
380.796
364.455
391.634
397.664
297.494
527.430
318.182
287.908
295.663
323.899
294.564
296.041
314.977
308.740
327.419
317.660
309.362
332.223
314.384
333.282
306.659
373.240
494.677
313.398
361.749
420.673
367.381
306.512
316.219
344.444
312.161
386.382
317.218
336.578
300.969
356.131
322.084
299.416
354.511
374.776
509.346
284.328
325.913
331.544
313.502
334.469
309.894
348.786
294.815
295.372
319.379
297.748
280.315
314.053
279.724
292.698
277.164
331.454
294.075
309.296
290.123
296.676
308.965
300.139
287.674
272.972
272.616
295.751
306.210
278.548
327.748
291.363
289.602
288.500
271.647
330.721
353.300
278.569
285.982
280.418
481.248
327.966
268.850
292.341
290.548
295.323
293.539
302.845
294.078
353.679
293.951
293.074
270.679
268.649
282.802
305.426
324.865
282.556
283.490
356.905
298.524
271.540
273.089
269.593
304.335
279.506
280.803
282.867
284.905
290.206
278.970
266.192
277.005
313.015
279.318
297.827
276.818
280.657
291.632
277.792
304.222
364.192
285.623
296.428
310.114
286.594
344.199
304.116
290.481
279.985
300.412
282.868
260.254
410.415
277.753
283.540
259.852
354.824
289.846
288.164
284.029
264.257
287.766
287.000
282.605
277.654
272.834
285.352
273.191
282.415
311.687
264.502
267.237
275.386
277.927
268.572
265.741
291.308
292.407
272.927
282.783
280.089
281.150
278.862
290.138
272.802
291.162
279.390
279.465
275.950
280.743
294.642
293.121
282.348
266.044
262.813
294.336
265.363
294.971
287.483
289.227
271.855
312.959
287.917
264.099
280.647
272.342
287.272
245.410
283.298
274.191
271.234
312.870
276.326
254.052
302.523
260.250
249.114
274.776
266.875
282.534
246.846
318.204
277.314
260.105
286.666
265.248
273.932
275.285
280.496
265.215
267.152
276.451
301.953
271.107
304.492
276.870
262.828
254.256
263.581
292.991
261.025
262.915
262.561
302.661
254.454
263.408
275.918
267.383
267.148
261.540
255.842
275.529
252.731
264.993
251.626
260.539
249.991
272.624
271.013
258.482
267.655
254.266
276.848
245.280
271.125
284.558

Error results for GA7
---------------------------
926.821
946.512
906.264
1086.947
1012.017
1037.054
1136.253
1000.548
901.722
1154.238
924.236
784.439
1122.762
1004.431
879.689
923.518
871.803
987.182
1076.748
1179.829
978.087
967.374
1054.914
755.299
1067.091
854.002
1258.343
900.862
1134.715
888.654
953.871
849.369
912.079
955.701
954.440
1085.914
965.451
924.077
1049.636
1091.385
890.910
1084.530
1058.494
921.189
1494.785
984.559
1000.884
1246.272
943.106
868.204
1160.617
874.056
1016.936
938.466
854.972
999.009
831.236
841.943
785.025
1036.854
841.415
955.142
1117.334
1001.231
990.969
1155.959
935.285
842.511
931.788
989.659
901.434
935.560
777.737
979.067
1088.009
959.410
1115.815
845.801
884.714
787.303
1018.269
1076.099
880.350
996.320
955.220
730.183
835.638
723.437
908.982
988.564
973.564
1010.165
933.711
834.051
730.015
798.772
934.837
1019.773
1044.777
849.168
840.830
732.520
970.158
943.938
951.688
802.391
889.952
768.233
819.503
1096.827
918.393
706.938
731.781
1181.428
891.733
964.392
792.996
799.058
1061.569
794.061
606.028
682.934
618.046
848.177
656.508
927.385
761.903
609.307
657.917
694.896
894.972
837.048
719.945
735.896
619.373
589.473
519.564
683.850
602.713
576.180
557.308
791.473
603.412
563.537
527.619
619.775
620.539
584.093
704.850
725.399
671.936
538.966
555.948
523.390
490.936
508.659
460.041
607.657
603.780
481.255
392.986
395.911
552.673
507.489
513.257
569.956
528.326
508.124
772.980
501.072
589.262
597.942
434.934
511.338
418.569
543.069
547.569
468.901
429.694
420.598
432.612
414.190
416.997
744.186
406.618
401.200
417.082
378.153
382.881
529.629
531.812
517.097
339.263
439.158
701.193
425.021
368.974
418.715
396.055
478.998
578.830
336.280
374.080
375.898
382.513
414.426
451.598
365.616
400.397
365.950
316.980
338.665
366.581
402.539
449.228
353.206
421.154
412.886
465.368
399.547
363.309
338.826
602.873
370.739
385.331
373.521
508.031
367.526
393.627
349.380
334.675
377.970
312.400
334.604
349.349
387.289
385.170
319.691
401.559
343.883
323.605
382.379
475.726
320.220
360.183
378.717
395.866
413.155
325.866
312.870
383.658
320.634
335.719
319.208
328.703
283.845
300.802
391.497
334.348
326.603
299.459
298.712
314.935
442.415
299.106
376.184
294.075
423.254
342.316
358.227
310.436
333.545
411.727
291.925
370.872
365.883
301.865
347.464
270.519
325.916
328.979
312.728
324.081
346.383
366.540
317.628
337.105
285.138
291.647
285.165
320.095
326.088
296.251
281.205
388.292
294.399
296.426
255.677
398.371
270.543
297.119
363.720
310.428
354.402
327.327
256.348
308.480
315.111
291.962
293.135
279.287
264.645
295.391
297.002
321.917
273.235
297.241
283.258
332.821
323.933
312.518
278.865
276.836
290.513
254.979
283.863
299.876
278.343
283.212
301.049
284.496
297.608
311.616
277.087
280.287
291.524
266.440
262.017
285.178
285.953
310.049
327.435
311.742
278.283
306.332
271.531
278.013
291.940
280.314
275.119
290.963
273.140
265.004
281.228
338.471
304.299
271.648
326.314
268.551
277.217
353.744
259.343
274.343
283.953
251.353
267.545
330.597
287.643
287.916
272.381
283.945
339.135
266.995
275.492
395.190
271.551
291.068
295.834
326.968
291.699
263.387
292.386
338.834
287.008
260.316
465.216
262.918
272.792
282.283
336.085
306.509
303.238
280.735
279.705
310.193
303.835
268.161
332.471
296.853
296.414
291.160
254.474
276.619
268.307
270.018
279.510
266.409
302.275
273.453
330.931
258.952
283.041
258.503
274.769
372.037
264.578
270.006
256.387
271.511
272.494
268.157
295.799
306.626
272.993
244.946
276.128
280.050
292.810
296.409
379.625
286.447
281.610
323.422
256.651
271.230
270.954
279.146
278.421
265.157
265.251
286.562
255.316
309.262
310.689
276.489
260.153
269.952
257.687
277.229
274.258
255.766
270.041
319.029
269.028
297.252
265.834
285.628
264.031
277.024
283.615
313.905
263.766
277.547
265.383
257.897
283.971
278.886
268.318
278.194
275.647
258.135
250.308
289.305
310.152
282.809
300.737
275.870
320.269
266.937
276.803
264.427
238.930
276.147
254.703
286.989
273.150
262.214
247.400
285.514
271.039
253.889
261.052
269.913
309.880
286.868
257.559
254.517
257.833
259.329
270.184

Error results for GA8
---------------------------
963.348
1203.797
1040.039
1184.781
916.798
1166.511
832.419
961.221
902.202
924.515
1016.867
1095.263
1145.631
943.557
941.540
863.614
962.950
1142.216
1171.548
1097.865
940.973
1075.895
753.591
891.894
849.194
828.703
1000.883
1070.116
899.120
1067.452
971.213
1049.821
949.435
818.271
1155.198
909.493
1039.886
1024.395
976.335
965.526
1163.669
944.460
1052.360
916.820
1127.335
1019.772
1082.380
911.867
1119.089
716.573
1119.385
1136.760
931.350
1011.047
874.630
911.304
995.939
937.371
1026.514
938.170
1070.858
956.655
778.883
853.936
911.467
1161.872
986.903
1048.273
1037.599
933.742
856.119
1006.117
1005.767
942.909
1068.125
898.527
906.311
913.840
1060.973
1104.155
898.404
970.374
1045.533
830.838
844.511
964.638
954.248
888.551
1057.223
1164.886
1016.385
1102.362
920.053
982.164
1039.463
883.763
917.514
793.458
986.276
901.351
725.636
808.964
855.490
809.130
874.504
814.981
917.651
912.632
1025.729
994.877
1106.136
784.829
768.199
827.486
818.405
865.512
861.555
879.946
819.579
1014.949
969.415
933.255
832.495
907.425
831.401
867.408
704.843
813.111
738.319
809.525
803.863
715.676
686.166
603.194
921.493
875.139
655.043
720.615
957.519
662.627
722.520
871.027
500.672
658.801
670.560
652.796
675.058
736.310
570.268
590.475
756.415
560.888
515.676
570.639
641.057
514.268
665.186
492.883
630.751
658.433
567.048
554.464
620.656
460.559
574.463
637.107
547.265
707.900
446.621
527.030
336.814
575.659
339.125
412.143
587.624
370.185
494.307
433.868
460.011
486.588
440.447
524.310
477.150
426.695
631.354
370.233
384.629
401.535
419.077
469.086
380.054
568.576
381.585
419.179
482.739
363.739
470.354
429.411
373.302
442.642
390.299
419.522
370.983
404.358
378.197
497.209
367.196
398.186
427.033
452.633
359.488
346.941
350.768
368.080
324.494
315.782
368.090
394.414
437.790
319.266
302.494
356.127
389.799
308.385
326.794
337.883
343.339
395.470
379.321
369.638
361.964
312.859
332.261
290.309
346.583
367.518
350.251
311.710
348.024
339.495
328.380
279.106
350.595
301.822
326.426
352.224
322.967
354.594
306.207
334.873
312.621
320.520
293.978
309.039
430.082
314.353
275.564
319.310
284.444
318.101
334.531
302.794
346.690
347.062
323.122
334.131
477.287
320.002
318.404
312.975
346.115
304.656
287.241
356.122
384.010
304.644
325.558
340.945
331.689
309.570
308.148
294.721
298.592
289.090
323.671
281.872
287.018
323.133
294.305
297.180
279.897
318.206
357.825
288.775
400.250
319.067
325.203
281.230
337.320
293.355
300.713
311.099
287.690
303.510
304.140
277.894
311.307
313.809
280.784
290.703
289.581
292.664
295.285
298.036
336.464
292.124
274.926
280.612
287.919
316.478
281.611
316.389
281.095
284.269
295.055
285.052
293.456
318.554
273.910
332.837
295.679
285.092
294.527
279.312
292.530
275.341
302.970
321.662
286.689
351.461
342.754
300.385
286.238
280.161
317.525
297.077
286.650
290.378
286.387
279.812
307.844
258.165
276.107
271.869
273.426
274.771
281.030
269.002
299.281
286.811
265.024
291.561
278.543
289.203
267.069
297.951
277.249
295.897
318.354
279.763
262.636
272.758
281.758
328.227
271.822
275.987
348.523
272.339
297.725
286.102
305.826
260.910
290.514
286.917
265.898
282.543
300.549
272.341
292.839
277.777
277.623
278.720
304.897
274.425
261.188
289.376
272.956
287.588
288.597
263.165
295.990
296.308
282.274
274.267
284.964
274.355
268.368
266.792
301.816
263.226
289.360
283.528
262.698
265.062
266.248
325.255
282.444
291.116
259.666
280.163
281.028
280.259
274.958
257.509
271.044
260.468
282.285
279.741
271.937
266.064
277.735
266.659
271.007
280.248
310.264
255.843
280.038
288.797
283.774
265.778
266.910
274.056
264.660
296.936
280.799
296.410
275.500
273.275
290.905
274.411
262.664
269.411
273.283
282.679
289.280
284.732
263.715
268.528
260.691
282.368
257.086
275.979
255.736
297.728
277.199
382.221
274.680
267.635
274.986
288.617
280.709
255.823
280.577
282.527
258.416
277.043
267.038
268.310
265.686
274.422
273.774
296.739
273.841
257.682
262.142
258.038
304.867
277.128
256.933
258.261
270.661
254.871
290.773
285.822
319.656
280.842
268.043
271.403
280.505
266.943

Error results for GA9
---------------------------
1072.480
1011.606
1202.720
981.193
988.061
976.009
1319.393
1076.294
997.797
962.899
1038.597
927.712
701.543
1231.256
1240.912
943.339
1203.906
933.399
896.493
1154.833
1000.560
1290.385
928.327
1065.106
970.541
1129.711
1153.535
736.218
1136.863
785.321
1293.873
1016.736
928.079
883.996
1024.502
1040.242
1216.801
933.572
836.698
1348.984
830.079
960.859
1052.565
1071.262
809.352
919.281
776.210
957.904
1247.028
1151.816
1126.249
995.690
1364.297
1236.372
920.077
956.663
860.608
1219.688
890.061
1164.461
938.139
956.628
1016.406
991.033
1095.617
851.321
1036.517
897.233
914.080
1017.789
892.796
948.722
1026.276
975.891
992.985
939.692
1117.572
889.963
934.671
1016.726
868.041
746.059
1011.455
1034.206
923.257
909.899
839.735
973.967
1048.775
836.911
1085.948
1025.462
1155.534
784.765
960.824
817.567
946.338
1032.242
971.394
1054.816
861.045
994.815
925.869
857.010
907.155
738.457
965.792
1098.566
958.386
822.324
914.317
827.242
1026.096
840.944
818.006
804.045
825.262
788.775
1190.058
829.637
1012.693
1174.593
786.791
1199.688
840.774
925.562
682.637
938.231
879.319
794.702
728.381
774.246
880.621
835.363
776.699
791.844
784.373
704.861
822.441
756.300
631.600
713.709
525.097
685.273
860.098
793.693
842.682
869.256
743.379
769.909
838.600
693.101
899.672
648.338
659.592
788.380
477.411
560.015
909.784
655.117
721.764
538.852
504.526
553.181
641.655
861.476
438.793
488.076
514.397
568.365
720.180
604.928
526.425
522.004
493.180
667.479
474.341
525.013
689.462
457.361
985.014
591.528
614.662
656.485
549.963
508.525
606.382
444.182
429.173
507.643
562.880
388.032
510.780
464.578
449.166
456.393
471.553
432.628
364.241
485.424
489.231
499.192
472.819
473.490
416.986
450.156
379.500
477.968
509.454
608.269
436.961
487.614
336.821
473.950
351.687
438.574
462.128
597.982
382.466
563.647
329.513
380.047
475.936
338.405
432.270
386.729
401.608
374.519
395.806
451.685
404.293
567.160
398.300
403.671
372.500
329.786
370.348
329.675
481.516
474.345
432.193
316.249
339.975
455.521
341.811
361.263
435.489
358.316
316.524
360.653
381.018
364.386
363.927
312.419
405.379
326.609
338.067
368.085
327.145
419.577
428.573
303.929
334.446
364.297
461.792
380.771
387.488
336.682
350.686
316.308
320.441
324.670
358.252
359.449
374.192
369.864
314.609
315.324
302.264
318.283
300.367
398.746
357.856
298.302
382.482
306.640
294.734
329.021
388.606
358.616
322.051
336.158
323.237
313.784
361.960
277.147
338.437
302.499
352.379
312.072
334.333
294.646
276.433
284.154
342.761
335.834
466.730
315.603
395.737
306.913
319.984
380.825
307.582
292.753
326.092
284.665
359.271
341.533
306.882
306.596
297.903
304.986
314.327
315.969
291.774
314.344
275.202
332.584
289.414
288.098
297.507
305.752
293.906
274.829
289.374
348.715
347.212
368.490
305.372
343.108
313.679
294.904
295.889
291.204
289.112
292.498
334.246
312.902
296.679
365.558
332.500
288.358
272.932
284.237
321.303
347.929
315.841
339.475
311.951
450.881
300.101
285.939
309.203
303.301
276.001
295.581
276.624
285.708
316.084
287.372
273.291
261.696
289.571
304.304
304.560
265.562
273.431
260.260
284.457
288.665
291.998
309.036
308.029
294.700
329.260
311.616
285.431
292.478
285.972
294.533
328.943
330.752
343.947
278.696
326.645
284.778
265.368
285.304
275.052
263.326
271.667
261.111
303.608
335.543
268.321
305.555
297.909
303.656
298.507
288.954
396.129
287.949
364.287
274.060
259.708
292.190
285.051
277.243
339.861
281.940
288.132
280.507
289.181
305.730
295.296
284.032
265.872
276.570
312.289
286.232
301.834
300.737
287.906
276.940
287.335
311.560
295.149
309.887
270.873
283.815
295.327
295.870
311.059
278.691
278.619
281.791
316.651
271.761
263.827
282.831
271.765
314.074
284.460
254.669
269.373
326.983
253.655
275.696
267.889
266.071
314.536
271.433
263.249
272.160
280.332
262.532
317.507
262.487
259.261
371.185
340.230
282.409
316.314
270.109
264.779
294.464
266.776
263.313
252.792
283.100
284.417
264.906
283.793
258.925
271.773
257.764
269.308
273.213
275.072
288.229
304.986
280.255
283.709
274.510
302.092
272.130
269.298
290.158
275.922
272.784

Error results for GA10
---------------------------
1093.912
938.261
1274.983
849.726
930.219
955.059
992.898
1070.502
790.156
1085.364
1017.213
957.541
990.925
952.137
909.887
947.663
1081.463
893.174
949.689
880.127
923.894
910.955
1164.200
889.833
936.934
833.660
1006.909
1277.758
945.708
851.674
1108.142
956.959
1087.217
1118.648
978.076
978.220
926.041
1099.114
1120.412
1140.221
994.784
986.817
963.713
896.567
1262.290
912.840
981.113
1070.819
1063.437
863.549
1071.912
882.215
923.390
981.794
1150.736
903.283
898.048
886.116
1043.137
800.597
877.604
942.944
1098.558
1048.712
1019.925
906.424
963.875
1191.785
1008.171
1116.349
916.389
1188.945
890.249
1028.042
785.876
804.679
650.177
1090.184
786.938
1088.779
1051.195
959.554
997.765
1046.593
1005.510
885.202
919.678
822.278
873.338
1004.836
942.040
880.918
1116.526
1115.291
944.210
954.525
1060.536
741.146
1197.910
777.774
1075.935
950.689
1083.238
689.325
992.147
821.905
907.692
815.218
944.425
1113.860
859.073
728.157
796.352
797.450
832.334
990.952
698.269
978.400
836.830
654.176
889.419
1063.356
929.841
713.121
806.454
997.331
904.125
790.902
730.301
775.077
792.324
1015.102
861.923
854.709
571.242
804.369
985.977
841.865
791.824
868.720
739.855
872.855
618.935
736.117
881.108
619.124
617.622
556.945
690.329
711.561
631.279
631.989
711.889
760.209
567.044
689.196
946.407
535.979
653.440
707.424
815.634
723.305
824.080
568.929
733.555
684.385
660.427
630.298
806.563
496.153
518.661
808.468
528.505
772.605
611.974
524.910
620.702
543.411
567.567
532.413
636.470
635.099
618.148
560.814
552.469
452.136
456.749
615.479
516.538
484.034
572.199
469.835
417.823
587.349
388.405
447.731
526.377
475.307
505.651
416.368
442.877
438.276
445.831
399.082
486.949
513.909
433.295
412.740
404.309
427.115
535.619
368.278
436.433
418.637
501.839
394.598
530.856
465.581
399.045
480.594
388.500
431.978
395.520
417.065
394.824
401.366
414.799
463.193
467.375
508.536
392.788
382.542
355.768
382.082
415.081
406.093
565.493
401.356
378.727
397.178
364.048
340.612
390.311
403.166
376.957
429.370
353.956
465.091
380.067
324.851
394.215
532.392
413.451
315.348
346.253
411.304
381.520
397.517
350.805
451.247
391.745
431.519
342.637
371.075
397.374
303.303
333.270
319.733
357.625
339.824
349.374
385.462
340.313
357.252
348.682
321.074
312.272
354.384
323.105
353.620
387.756
333.392
319.710
366.707
338.746
339.380
401.990
334.274
335.878
360.978
334.366
311.117
368.109
364.630
350.103
379.938
288.638
333.956
360.936
353.088
304.312
307.346
334.559
360.556
292.462
351.664
347.936
424.998
326.974
303.842
311.107
339.662
321.751
291.507
300.142
342.688
303.986
296.312
327.246
293.968
289.556
315.419
317.438
310.215
326.605
368.538
306.477
292.131
315.089
295.511
326.381
319.647
324.796
281.081
314.351
285.209
314.658
288.778
323.716
295.177
307.320
285.849
321.443
300.417
320.154
335.740
285.240
314.400
353.518
271.986
456.595
333.490
292.552
287.264
291.445
310.442
284.350
303.228
326.019
312.964
295.074
312.478
307.117
283.484
292.266
341.477
311.694
288.497
290.054
277.694
286.068
312.716
268.032
299.687
291.640
326.471
290.892
289.159
290.780
296.142
295.609
301.080
336.388
276.187
287.394
293.194
292.495
275.525
309.688
274.091
308.526
302.242
288.965
285.283
282.084
270.905
278.763
267.970
377.512
272.517
335.221
275.902
283.265
272.477
433.115
305.440
374.030
320.920
283.094
262.865
272.239
283.416
281.620
305.434
361.351
310.952
271.614
294.547
283.266
269.100
282.299
287.588
306.388
280.668
283.265
255.305
273.587
268.038
293.915
266.832
285.328
270.586
257.616
259.321
284.119
260.586
265.521
285.051
255.334
263.318
294.867
286.139
301.360
280.365
295.957
301.126
283.485
280.716
270.678
273.077
254.759
262.785
284.326
284.171
282.488
296.701
277.062
280.640
251.460
266.113
256.814
292.819
275.365
263.226
270.583
274.724
273.102
282.953
267.493
257.730
269.023
283.419
282.584
254.788
282.625
265.682
270.421
273.484
259.873
260.374
268.803
272.273
271.225
249.008
267.322
261.547
265.962
327.706
265.228
255.935
275.602
266.082
264.041
264.688
271.281
273.668
280.456
276.070
278.269
250.155

--------------------------------------------
Results for GA1: 
--------------------------------------------
Correctly classified (TEST) 3065.0 instances.
Incorrectly classified (TEST) 252.0 instances.
Percent correctly classified (TEST): 92.403%

Correctly classified (TRAIN)7138.0 instances.
Incorrectly classified (TRAIN) 600.0 instances.
Percent correctly classified (TRAIN): 92.246%

Training time: 1914.957 seconds
Testing time: 0.275 seconds

--------------------------------------------
Results for GA2: 
--------------------------------------------
Correctly classified (TEST) 3058.0 instances.
Incorrectly classified (TEST) 259.0 instances.
Percent correctly classified (TEST): 92.192%

Correctly classified (TRAIN)7130.0 instances.
Incorrectly classified (TRAIN) 608.0 instances.
Percent correctly classified (TRAIN): 92.143%

Training time: 2162.643 seconds
Testing time: 0.099 seconds

--------------------------------------------
Results for GA3: 
--------------------------------------------
Correctly classified (TEST) 3064.0 instances.
Incorrectly classified (TEST) 253.0 instances.
Percent correctly classified (TEST): 92.373%

Correctly classified (TRAIN)7110.0 instances.
Incorrectly classified (TRAIN) 628.0 instances.
Percent correctly classified (TRAIN): 91.884%

Training time: 2087.292 seconds
Testing time: 0.098 seconds

--------------------------------------------
Results for GA4: 
--------------------------------------------
Correctly classified (TEST) 3064.0 instances.
Incorrectly classified (TEST) 253.0 instances.
Percent correctly classified (TEST): 92.373%

Correctly classified (TRAIN)7148.0 instances.
Incorrectly classified (TRAIN) 590.0 instances.
Percent correctly classified (TRAIN): 92.375%

Training time: 2243.667 seconds
Testing time: 0.165 seconds

--------------------------------------------
Results for GA5: 
--------------------------------------------
Correctly classified (TEST) 3046.0 instances.
Incorrectly classified (TEST) 271.0 instances.
Percent correctly classified (TEST): 91.830%

Correctly classified (TRAIN)7113.0 instances.
Incorrectly classified (TRAIN) 625.0 instances.
Percent correctly classified (TRAIN): 91.923%

Training time: 2798.109 seconds
Testing time: 0.134 seconds

--------------------------------------------
Results for GA6: 
--------------------------------------------
Correctly classified (TEST) 3055.0 instances.
Incorrectly classified (TEST) 262.0 instances.
Percent correctly classified (TEST): 92.101%

Correctly classified (TRAIN)7102.0 instances.
Incorrectly classified (TRAIN) 636.0 instances.
Percent correctly classified (TRAIN): 91.781%

Training time: 1863.740 seconds
Testing time: 0.113 seconds

--------------------------------------------
Results for GA7: 
--------------------------------------------
Correctly classified (TEST) 3069.0 instances.
Incorrectly classified (TEST) 248.0 instances.
Percent correctly classified (TEST): 92.523%

Correctly classified (TRAIN)7135.0 instances.
Incorrectly classified (TRAIN) 603.0 instances.
Percent correctly classified (TRAIN): 92.207%

Training time: 1798.691 seconds
Testing time: 0.086 seconds

--------------------------------------------
Results for GA8: 
--------------------------------------------
Correctly classified (TEST) 3064.0 instances.
Incorrectly classified (TEST) 253.0 instances.
Percent correctly classified (TEST): 92.373%

Correctly classified (TRAIN)7133.0 instances.
Incorrectly classified (TRAIN) 605.0 instances.
Percent correctly classified (TRAIN): 92.181%

Training time: 1408.508 seconds
Testing time: 0.068 seconds

--------------------------------------------
Results for GA9: 
--------------------------------------------
Correctly classified (TEST) 3066.0 instances.
Incorrectly classified (TEST) 251.0 instances.
Percent correctly classified (TEST): 92.433%

Correctly classified (TRAIN)7111.0 instances.
Incorrectly classified (TRAIN) 627.0 instances.
Percent correctly classified (TRAIN): 91.897%

Training time: 1273.198 seconds
Testing time: 0.085 seconds

--------------------------------------------
Results for GA10: 
--------------------------------------------
Correctly classified (TEST) 3045.0 instances.
Incorrectly classified (TEST) 272.0 instances.
Percent correctly classified (TEST): 91.800%

Correctly classified (TRAIN)7121.0 instances.
Incorrectly classified (TRAIN) 617.0 instances.
Percent correctly classified (TRAIN): 92.026%

Training time: 1273.805 seconds
Testing time: 0.064 seconds