Error results for GA1
---------------------------
958.822
938.023
956.048
942.186
912.880
1048.689
858.138
910.719
935.994
1055.506
991.463
985.416
881.059
995.076
1035.931
873.606
873.363
897.669
908.807
870.911
878.688
858.863
918.233
897.693
874.479
1032.701
907.104
830.988
1140.173
859.110
1095.652
874.261
843.971
885.498
839.584
1155.074
874.708
824.295
894.267
953.735
759.771
891.175
873.534
763.568
876.088
874.350
765.166
853.205
833.487
764.845
871.428
923.109
766.598
833.443
913.340
785.587
834.524
1153.390
825.988
765.664
767.153
764.097
834.267
834.081
765.299
831.195
835.274
764.845
764.845
767.537
764.749
762.839
764.437
757.127
769.703
765.554
877.545
774.201
766.288
764.738
764.743
725.418
726.650
764.392
764.842
873.569
769.419
763.442
767.455
763.947
759.595
772.574
766.223
763.862
723.872
785.946
767.927
761.550
762.942
764.014
774.748
760.628
760.366
798.804
766.009
764.845
764.845
764.845
767.537
769.273
761.189
767.468
764.775
764.065
763.096
767.537
761.749
765.687
763.534
767.357
762.915
764.875
764.845
766.033
765.521
766.033
774.028
762.969
771.417
767.086
766.178
774.125
756.108
769.392
755.264
764.279
767.485
760.378
765.151
764.845
764.691
763.579
775.221
764.866
759.173
769.817
759.780
750.647
761.851
765.142
768.557
765.056
770.031
764.965
765.684
764.845
763.900
760.357
768.275
765.976
765.120
765.244
767.015
763.442
764.845
767.079
766.119
764.938
763.910
764.121
765.765
764.513
764.999
763.666
766.428
804.040
769.893
776.673
764.325
761.194
768.354
765.567
738.911
765.299
770.273
773.922
774.565
773.847
765.478
777.290
769.118
769.783
771.445
768.344
767.367
766.329
770.378
766.930
764.845
770.377
764.211
768.062
731.378
765.343
772.266
768.192
767.575
767.693
764.235
766.480
772.814
783.420
768.147
762.981
766.908
769.150
767.604
766.941
766.090
771.294
766.918
762.781
763.057
765.740
773.365
777.122
765.633
772.068
766.033
768.775
779.093
763.842
763.154
766.930
762.362
765.955
769.439
766.930
776.510
759.833
763.715
766.930
770.319
762.567
757.911
768.264
765.706
770.817
769.384
760.750
762.567
762.609
770.981
767.478
767.603
771.038
767.312
753.489
764.741
769.254
762.567
762.885
771.232
766.454
761.877
766.930
767.992
771.091
764.128
766.989
773.746
767.800
767.123
770.647
762.992
763.000
768.557
761.801
767.351
761.250
762.307
767.685
762.986
766.756
761.023
764.867
759.196
766.112
769.228
753.003
763.779
762.574
774.599
768.840
761.969
768.462
767.251
777.096
761.493
762.620
766.785
768.064
765.716
769.804
771.682
764.028
759.100
761.540
766.930
767.501
757.884
754.513
767.633
779.081
765.341
777.531
786.260
753.903
765.799
779.416
766.191
766.907
768.547
772.187
777.096
767.425
765.931
766.572
774.504
780.947
779.774
777.096
777.435
786.074
785.392
773.495
763.201
769.259
766.989
778.786
781.467
781.340
782.300
781.173
782.365
788.175
768.753
787.250
781.546
784.207
783.764
788.497
773.787
783.764
740.015
780.908
773.784
781.521
787.117
774.597
767.660
766.930
781.729
783.236
762.683
765.831
781.301
782.534
766.930
781.291
766.566
766.720
791.230
769.038
766.930
762.898
768.708
767.221
777.981
772.846
770.810
773.926
767.290
784.207
788.271
781.941
789.419
781.899
782.884
767.189
755.878
761.627
768.024
786.242
769.101
769.274
768.490
772.708
766.209
770.893
795.474
767.603
767.679
767.591
764.365
766.930
794.217
766.606
786.704
767.603
768.554
757.612
793.790
790.406
787.660
768.455
766.671
784.207
768.808
775.988
769.084
785.209
762.220
770.633
765.279
772.967
770.757
776.027
765.644
772.765
765.601
766.458
767.404
780.813
791.992
766.688
790.563
782.344
768.802
773.245
767.067
758.630
740.487
780.776
767.067
757.951
761.763
781.387
781.273
768.234
779.382
768.319
755.543
773.322
774.711
764.736
773.643
782.300
772.522
775.497
761.313
766.863
798.758
771.493
763.215
771.805
773.079
784.329
775.138
773.934
771.790
773.643
766.736
763.580
775.441
773.643
767.603
765.164
769.790
764.693
787.237
779.418
771.800
772.306
771.015
776.932
778.193
770.019
766.458
771.362
773.348
767.799
753.872
778.830
764.669
774.578
772.083
773.643
768.209
774.193

Error results for GA2
---------------------------
1247.491
1040.101
967.884
1078.992
946.329
884.148
941.378
1048.476
815.251
1049.874
818.062
891.518
1185.673
1211.952
814.054
884.889
1087.056
842.628
1252.470
829.882
883.833
889.097
871.069
840.487
891.200
842.003
868.849
920.517
968.511
883.160
1001.245
816.560
875.535
875.174
815.251
932.155
882.272
1108.977
883.627
952.979
885.714
818.018
983.835
822.709
1022.330
883.977
1068.912
867.302
1077.987
867.434
818.312
883.279
882.191
823.481
818.496
1094.073
822.355
815.693
822.373
824.236
818.699
820.822
818.658
822.653
823.122
823.180
822.611
808.119
818.834
822.653
809.127
815.370
820.660
816.371
812.309
809.956
818.791
819.956
818.915
821.359
809.088
817.453
747.258
736.323
818.623
832.660
820.010
819.580
827.752
808.105
806.907
817.107
816.623
760.052
818.755
713.812
821.345
913.584
822.111
816.882
779.879
750.074
761.693
713.124
687.408
714.608
780.770
783.576
784.433
801.997
779.879
753.463
749.175
775.618
823.042
802.644
749.243
714.862
777.069
695.206
728.789
715.179
697.742
757.341
730.568
758.557
754.438
756.848
755.187
712.955
712.286
731.336
723.767
715.367
708.621
725.646
745.508
687.064
731.364
710.127
711.321
737.051
685.401
741.901
689.422
745.958
765.224
714.244
683.627
722.050
722.373
676.909
715.970
712.765
757.837
713.011
760.102
678.030
686.201
715.406
769.608
764.599
697.619
697.575
669.063
713.597
684.880
705.998
681.081
696.226
695.275
708.186
698.853
731.026
730.494
661.350
728.218
713.526
698.645
672.769
710.539
692.167
689.884
689.595
714.540
698.099
699.481
676.620
697.182
708.735
669.389
689.032
692.931
689.323
696.731
679.943
670.104
651.238
675.678
671.104
663.094
696.770
687.155
670.524
682.080
672.589
694.752
712.202
701.618
680.510
709.945
715.106
640.153
680.157
639.503
686.421
689.542
729.560
656.869
703.559
691.286
704.473
749.608
669.766
660.424
715.375
688.644
683.880
690.987
655.614
657.622
691.286
680.482
686.688
639.083
659.931
657.904
690.399
659.751
688.882
681.163
689.830
689.542
680.267
697.321
704.162
703.158
714.064
681.598
680.593
691.771
647.285
718.967
691.908
691.778
670.577
692.172
714.292
691.097
691.151
691.267
676.958
699.352
695.859
686.550
691.291
698.156
700.703
688.219
695.355
655.123
694.130
683.913
645.773
659.400
693.597
692.193
654.463
689.199
665.945
644.831
649.289
643.206
643.936
638.498
634.709
645.503
638.354
665.411
652.808
644.789
651.579
657.237
639.238
645.386
658.562
638.839
643.199
633.894
645.867
657.879
637.386
644.125
640.715
638.876
658.395
639.870
648.223
639.685
639.114
649.664
642.092
651.948
651.089
638.997
646.763
646.368
645.447
648.310
635.193
650.563
639.731
634.137
647.472
642.522
639.485
645.181
639.419
653.681
644.799
642.377
642.678
641.543
647.847
644.395
646.690
642.092
647.864
675.672
636.219
633.994
641.694
644.345
642.513
634.778
635.763
645.324
643.614
643.122
656.621
643.324
634.205
643.065
651.420
631.591
629.555
642.253
643.331
642.645
634.006
633.586
646.901
643.353
640.452
648.711
643.276
642.494
643.586
641.827
636.874
633.976
642.823
657.255
653.210
638.352
641.898
642.437
637.768
633.629
634.078
644.950
630.777
633.296
637.938
637.843
634.294
638.046
633.901
631.257
656.387
640.391
639.250
634.969
641.052
636.579
634.453
636.839
642.745
642.880
633.720
646.253
625.682
642.203
638.719
633.796
636.142
643.345
636.051
634.005
636.399
648.949
633.940
632.272
639.126
636.399
636.293
634.005
633.477
635.632
635.926
633.872
637.168
634.205
636.370
632.827
634.495
636.399
633.913
637.371
636.777
637.305
633.098
636.399
636.483
636.241
637.129
637.480
634.732
649.289
637.013
636.541
636.399
622.063
635.340
636.771
635.545
636.193
650.185
642.741
641.825
628.635
638.086
637.814
637.646
637.349
636.399
634.230
642.542
634.005
637.600
652.115
630.142
634.871
628.635
635.305
644.692
636.133
636.801
633.902
626.309
632.274
637.179
650.543
635.282
639.592
634.205
636.534
632.911
630.866
632.905
634.486
688.985
639.830
636.676
634.105
638.970
635.470
633.938
634.009
636.534
634.005
634.205
649.825
649.070
634.266
633.454
634.641
637.845
637.218
625.512

Error results for GA3
---------------------------
970.277
985.186
981.888
1073.209
1039.720
1040.827
789.520
1072.713
786.560
911.076
979.843
1022.012
892.257
791.955
911.065
790.592
784.409
786.923
880.427
759.716
791.189
879.620
971.109
801.113
785.924
787.061
784.506
789.523
790.757
783.744
788.488
784.224
791.274
769.393
800.556
783.554
787.153
786.166
780.061
791.189
786.990
776.098
785.320
763.969
791.111
786.531
791.568
787.061
793.362
779.674
787.394
791.257
783.773
778.656
786.236
787.237
792.089
787.693
785.243
790.952
790.749
784.361
786.941
790.526
791.189
789.747
786.630
791.189
761.781
789.032
790.937
791.994
790.458
794.981
791.565
788.955
790.692
787.061
790.530
794.001
787.313
791.189
791.189
790.958
788.625
796.170
806.100
829.121
783.853
791.282
787.035
796.800
793.487
784.193
788.971
791.070
790.991
791.881
794.139
774.289
788.424
797.479
807.103
783.509
801.025
791.420
791.207
785.838
813.093
802.441
791.267
788.711
788.337
805.445
791.637
787.061
767.714
784.600
790.910
787.061
792.904
788.186
787.259
786.664
791.504
790.801
796.058
783.276
791.590
776.302
787.620
801.010
784.131
794.582
774.171
791.092
791.944
790.029
791.189
789.362
768.065
791.735
762.109
762.890
792.912
785.727
784.300
775.625
792.765
790.447
791.044
786.606
791.845
791.315
787.337
791.249
799.288
791.267
791.444
790.765
791.431
792.352
785.811
786.918
785.927
790.765
787.418
794.903
790.512
795.384
787.061
787.418
792.634
802.401
807.524
790.850
794.607
791.107
785.445
776.621
788.859
785.705
789.910
790.253
783.551
787.061
793.330
783.555
786.415
791.608
790.509
787.374
784.125
791.630
778.532
782.582
794.898
791.030
790.564
791.189
779.557
794.871
783.536
780.730
787.227
781.876
785.954
776.621
784.432
798.635
780.079
785.202
775.287
792.281
778.694
800.002
791.556
769.445
779.965
774.940
780.350
785.868
776.857
780.370
789.560
800.519
776.556
784.786
790.239
786.826
791.109
785.069
787.762
777.051
780.437
776.619
777.366
779.391
780.868
776.465
775.012
777.658
783.269
809.656
783.186
776.360
775.203
777.735
781.931
776.823
791.412
776.842
784.432
806.594
777.713
779.189
778.358
774.631
775.280
778.979
776.732
801.175
772.423
780.477
772.081
770.859
777.051
778.996
769.418
775.691
767.040
773.594
775.395
743.304
767.551
775.607
779.386
786.878
773.738
776.667
784.557
784.512
785.191
796.540
803.889
783.277
776.637
787.985
785.191
778.670
784.646
783.244
797.323
773.858
773.639
789.542
776.110
787.196
780.822
776.536
776.246
794.067
759.457
774.208
778.112
762.226
772.906
775.984
778.240
774.416
775.607
782.332
764.456
781.232
775.311
775.607
764.695
773.045
776.264
783.217
777.508
775.340
777.081
776.275
769.153
783.182
787.743
774.116
764.246
767.854
775.443
773.080
778.728
770.676
774.209
775.985
774.841
773.747
778.443
783.762
776.544
777.054
782.005
780.089
747.401
759.538
777.023
764.115
764.115
778.291
775.607
773.801
776.372
782.756
777.407
774.483
775.607
777.606
776.626
776.142
775.607
775.735
777.222
775.589
779.406
766.128
768.323
767.875
767.881
768.624
767.962
776.202
775.607
776.330
773.466
773.952
775.589
777.956
787.371
777.233
776.377
764.972
765.384
771.242
772.684
777.765
775.607
779.783
774.028
771.749
765.816
763.963
764.712
789.951
774.403
767.569
775.607
781.462
759.809
776.326
784.036
773.406
775.607
765.473
770.982
764.095
839.546
782.430
775.589
778.883
753.736
764.115
764.694
764.095
768.510
768.585
764.493
775.771
764.099
777.816
764.115
785.971
761.498
775.790
776.230
775.607
764.536
747.592
768.521
772.654
763.159
774.767
764.493
776.289
763.285
764.109
773.978
766.003
760.198
764.095
772.763
763.021
764.031
771.499
769.126
771.447
762.735
766.267
777.201
763.615
767.522
777.636
779.046
766.395
777.726
765.594
761.403
765.894
764.557
762.124
760.875
764.679
763.876
767.499
768.815
767.075
755.930
763.399
769.055
775.370
761.951
763.243
767.459
755.213
764.031
764.077
760.620
763.063
765.860
768.799
757.604
773.782
766.211
764.438
764.171
756.797
762.071
752.986
764.092
761.837
779.623
762.131
753.632
775.539
762.438
768.072
764.473
771.082
764.576
761.667

Error results for GA4
---------------------------
1042.706
1282.931
1019.259
1016.977
1123.875
951.125
903.342
882.703
992.195
996.359
999.422
1000.188
919.373
1005.409
1066.177
1138.028
1015.548
929.709
951.582
936.076
932.040
998.866
951.150
1000.115
1064.363
1001.676
982.356
1001.197
917.628
984.873
954.443
918.714
924.432
1011.056
988.682
997.255
903.061
901.652
1035.282
1025.168
1001.095
1025.672
998.057
900.022
1182.678
903.614
857.369
1023.827
1025.996
857.824
1252.297
1022.710
858.396
901.783
857.481
930.099
856.048
922.091
924.613
973.099
912.370
922.177
857.328
861.196
961.149
901.800
946.078
930.149
917.886
1011.316
922.266
922.510
969.027
848.689
1209.994
938.703
901.967
860.791
991.341
973.088
857.132
989.191
857.399
868.469
855.861
857.312
861.153
840.071
990.514
913.707
857.679
858.181
857.482
839.560
857.222
900.549
848.697
900.549
854.876
856.796
837.130
848.443
827.568
856.617
860.723
856.941
838.678
861.793
856.554
835.634
776.745
877.202
750.883
851.056
852.747
851.734
848.039
784.605
853.710
735.759
843.718
846.823
879.526
819.788
816.524
838.415
858.531
777.122
735.918
755.329
821.907
772.355
853.155
822.386
866.359
734.458
730.523
732.697
734.458
731.146
731.198
730.978
736.468
735.867
726.498
736.820
729.433
755.555
734.250
737.181
730.767
709.641
732.861
740.347
768.152
724.446
754.023
770.803
719.920
734.710
772.472
774.685
739.810
734.007
728.577
734.121
776.837
706.568
715.028
692.460
714.540
715.975
794.108
721.987
718.431
724.453
714.736
714.890
719.314
714.711
728.523
725.694
758.733
726.497
725.671
727.037
726.763
726.367
714.711
742.447
729.875
713.393
728.032
725.000
739.667
704.789
717.288
730.290
714.838
711.893
714.475
706.387
711.349
709.781
702.813
722.460
713.437
739.667
724.653
720.167
726.492
722.153
716.294
716.059
702.154
737.800
726.396
689.259
732.212
739.667
725.448
718.510
742.609
740.196
742.800
735.590
733.994
707.600
725.527
735.849
740.795
733.151
708.647
690.884
725.746
737.824
712.679
688.269
698.162
727.104
715.553
741.712
697.325
723.846
694.146
702.816
727.100
684.764
753.476
724.661
687.274
695.345
714.976
712.887
685.816
688.237
734.942
708.147
700.411
694.981
688.838
744.179
700.685
694.863
706.684
690.175
689.073
668.192
706.341
701.548
715.729
692.880
692.433
686.570
688.545
706.838
707.004
700.528
692.463
693.366
688.267
687.815
718.000
690.790
704.333
709.442
710.057
700.854
687.034
688.123
735.687
685.076
728.384
700.139
701.192
684.077
708.442
723.891
703.209
683.159
698.622
688.961
700.359
700.046
688.773
699.006
684.764
701.170
704.981
706.096
700.517
690.519
700.642
696.314
710.972
701.196
707.318
701.348
692.535
727.972
705.787
694.509
699.830
682.620
703.611
684.984
684.205
709.461
684.777
702.420
716.718
684.036
704.075
694.208
714.443
735.624
684.687
706.193
700.949
710.254
690.854
699.052
690.742
690.854
722.229
695.628
688.673
717.530
707.397
710.753
699.090
683.145
705.108
694.766
704.299
712.446
684.075
683.536
687.430
687.182
686.285
692.112
700.179
669.865
716.075
699.749
688.263
690.879
700.719
669.865
681.413
700.752
691.740
711.932
702.529
691.094
688.781
687.795
687.032
702.621
705.950
706.254
696.340
703.496
657.251
685.270
681.407
701.671
699.746
683.408
673.343
684.507
689.873
698.326
707.670
671.661
654.412
707.239
668.921
671.577
667.761
671.411
670.758
665.873
706.736
670.536
670.866
670.116
677.129
658.340
660.222
665.156
660.304
670.112
643.867
630.146
669.727
669.783
670.243
674.139
667.624
662.345
659.898
669.789
664.531
670.092
659.749
670.290
647.152
670.107
661.611
667.403
670.495
664.892
662.440
645.252
642.912
636.022
633.015
683.552
633.059
644.027
633.894
640.801
644.027
672.063
669.829
674.783
633.201
637.639
633.016
651.852
633.335
638.353
638.744
633.737
641.742
655.783
658.364
661.627
668.085
639.651
640.597
632.023
632.749
635.056
632.989
632.527
657.341
640.570
631.062
646.002
658.326
640.373
629.153
640.459
635.926
633.238
635.244
631.062
659.268
633.222
633.287
633.490
633.449
632.253
626.128
648.117
631.314
634.401
631.065
633.663
633.435
642.598
635.622
634.104
630.348
626.050
632.790
629.295

Error results for GA5
---------------------------
881.601
1123.159
1010.016
931.684
878.022
915.827
857.844
1042.432
1078.156
1013.145
962.098
1018.122
1043.487
1021.261
914.097
1024.488
936.900
912.040
898.605
910.578
1020.924
1045.349
1045.583
1020.947
1063.474
1029.416
909.775
1062.384
912.293
906.849
1045.127
1036.162
904.237
1039.705
823.816
1023.495
1043.804
914.660
818.107
859.170
1115.387
818.639
815.956
910.412
1119.014
1150.049
1044.857
1043.547
959.782
822.163
825.971
821.904
815.956
829.288
815.956
813.515
821.294
819.882
821.207
819.898
817.462
874.997
811.602
779.741
934.410
860.642
817.101
819.596
873.441
875.748
869.531
874.100
958.100
778.028
777.600
778.691
779.854
792.540
876.406
858.086
844.276
877.440
831.936
815.375
817.747
812.517
872.771
874.644
779.829
943.691
873.942
779.741
804.593
789.671
833.485
834.663
945.520
863.973
820.249
779.741
922.975
818.081
831.936
927.985
782.583
943.469
777.575
777.719
780.330
818.142
832.363
781.925
772.776
780.619
822.748
789.841
771.249
775.533
770.379
774.115
771.328
821.838
779.312
783.264
804.609
788.683
781.898
782.655
794.599
779.741
776.286
771.176
781.977
780.407
843.846
778.781
776.892
781.256
779.705
774.033
770.062
764.494
774.704
777.655
773.565
762.089
793.168
784.251
782.615
732.838
765.872
793.347
805.038
758.312
779.017
783.005
768.124
764.031
749.667
740.621
799.991
778.159
785.861
759.549
723.909
749.907
778.159
746.748
762.643
746.936
786.172
782.453
763.072
792.154
831.034
786.377
844.686
695.849
787.270
759.795
786.940
775.851
704.103
803.539
751.946
722.517
787.843
735.707
803.770
804.089
786.452
718.426
696.386
777.299
803.539
792.666
763.835
741.462
776.473
710.903
710.802
749.801
748.564
731.815
777.366
735.587
720.540
721.452
748.564
749.659
707.042
725.525
707.730
732.784
700.752
722.045
725.214
752.136
706.266
723.446
731.054
723.619
750.661
708.906
711.409
701.039
724.567
727.670
746.364
717.954
722.905
712.836
709.551
711.247
729.944
706.640
753.390
708.665
704.556
743.488
720.537
751.375
740.095
745.038
743.701
746.229
727.721
707.002
707.447
710.778
744.987
707.776
708.729
744.811
744.518
715.285
703.039
710.734
744.842
725.245
752.857
714.337
730.456
697.659
714.316
722.905
728.540
724.991
728.622
726.876
700.752
708.826
739.202
698.008
714.988
738.370
715.657
743.589
705.515
715.706
700.797
727.599
726.246
698.008
731.242
701.260
710.281
707.583
707.017
696.870
699.939
732.754
716.763
699.081
701.631
702.004
754.028
711.798
678.771
721.875
718.941
697.503
708.771
696.490
692.412
692.797
697.840
709.732
728.529
703.486
695.081
698.903
699.465
708.211
699.973
703.315
688.185
700.109
705.876
695.278
706.209
703.422
694.367
786.630
700.714
695.747
705.987
715.003
701.856
693.000
710.863
698.301
691.991
715.797
688.262
699.651
699.578
699.563
704.129
700.300
718.534
700.382
693.203
693.976
705.980
689.038
706.709
701.196
708.073
693.156
694.017
712.322
698.788
709.040
706.684
704.649
697.318
696.698
690.427
715.692
706.712
699.454
708.125
700.064
704.114
699.645
694.670
702.613
713.460
689.492
699.623
697.422
712.038
704.753
702.492
689.104
707.900
703.157
703.719
694.779
713.470
707.197
697.008
698.358
696.698
698.664
695.658
701.638
697.441
696.649
694.703
696.678
693.625
699.403
700.473
695.650
700.810
693.383
708.285
701.187
690.497
698.352
695.759
699.328
696.127
700.464
694.837
696.039
693.814
700.443
691.184
700.471
696.082
696.885
696.197
700.023
705.503
699.454
696.080
701.631
695.648
693.054
701.299
706.690
697.503
699.488
699.265
689.662
699.484
703.219
695.536
684.804
699.626
704.658
692.198
696.244
698.409
698.338
687.004
712.956
673.549
712.512
699.454
704.486
701.189
695.224
693.634
691.105
693.294
691.645
690.892
693.460
689.486
688.439
690.762
701.193
694.982
701.670
692.752
692.590
693.277
692.652
691.629
713.887
701.298
695.780
692.842
695.634
692.853
687.096
695.216
677.565
702.118
693.946
692.736
693.588
693.495
692.737
694.489
690.896
696.650
696.163
689.187
689.844
702.369
695.221
685.602
700.069
698.312
696.158
693.209
695.610
696.615
692.588
693.358
684.147
692.497
695.048
693.006
688.030

Error results for GA6
---------------------------
891.658
1159.512
1013.024
968.004
981.055
1074.918
1089.538
907.069
1024.757
960.989
1090.937
741.547
938.741
747.741
872.713
750.213
740.395
741.547
766.665
750.697
782.085
768.065
750.501
753.140
760.828
750.514
748.687
741.785
748.714
733.054
740.776
752.706
748.312
740.404
741.032
759.455
753.568
738.327
741.423
741.631
740.949
740.529
751.607
751.607
735.881
751.607
727.809
750.485
741.142
743.080
749.390
741.547
766.727
741.100
742.830
752.812
741.625
741.536
741.547
748.183
757.568
741.764
741.547
745.104
768.098
741.450
739.461
741.541
745.212
740.660
730.480
740.606
727.030
740.863
742.506
744.560
741.068
746.819
740.804
757.051
741.547
744.915
739.371
756.925
748.950
729.504
739.980
753.802
742.386
741.574
755.553
741.450
749.340
740.855
741.617
740.433
745.802
743.003
739.424
741.450
744.859
743.609
749.673
749.750
742.464
741.547
750.081
741.547
749.073
747.172
728.610
756.436
741.593
738.747
734.036
741.547
740.983
749.716
742.826
729.367
759.190
740.822
753.150
726.671
748.845
750.021
741.507
748.546
745.308
753.738
741.766
741.547
741.721
753.691
742.911
752.464
742.738
743.792
741.155
754.008
745.883
760.865
733.195
740.045
752.300
741.587
750.457
742.670
754.595
750.408
735.297
743.473
735.297
753.431
754.008
766.000
753.897
745.034
738.740
746.235
755.759
741.547
735.635
752.667
747.200
733.378
743.254
741.792
740.158
744.441
745.832
734.318
769.900
752.136
745.387
739.608
738.682
739.406
741.987
732.648
746.360
738.135
732.928
740.117
741.587
738.514
738.464
741.274
738.758
741.547
738.727
738.727
739.575
741.012
740.312
741.172
754.322
755.672
744.263
738.643
738.865
738.513
741.695
741.398
740.974
742.046
728.533
741.776
743.788
740.664
733.079
741.235
738.656
747.322
737.120
737.948
769.244
733.656
740.793
733.153
749.064
722.766
733.183
736.437
740.834
763.165
753.659
737.757
743.176
741.547
743.897
741.656
747.512
737.591
741.382
750.040
740.629
733.937
742.694
749.627
741.670
741.101
741.439
734.383
735.115
741.530
748.505
741.137
736.415
741.532
741.755
741.955
743.917
735.276
743.686
741.886
736.800
741.525
739.680
733.871
741.489
740.733
743.001
741.569
753.533
735.243
733.995
736.162
744.216
741.547
742.627
741.547
744.296
740.021
742.582
740.870
739.051
743.705
741.547
743.145
744.831
727.875
741.646
737.414
742.055
735.661
750.877
700.785
741.547
736.540
741.656
740.481
741.572
740.950
742.843
740.993
759.963
743.818
741.559
741.571
731.585
741.298
735.098
750.303
745.428
739.323
743.486
741.693
745.218
722.011
741.711
734.289
741.397
751.700
743.806
757.585
742.437
759.501
741.430
743.858
740.027
749.655
739.891
741.775
765.050
736.631
754.692
743.948
741.493
756.685
752.304
765.956
741.276
742.691
765.473
741.575
739.649
742.681
740.995
742.179
740.836
765.050
740.242
742.289
773.363
736.395
743.073
739.139
740.741
740.716
741.547
776.854
746.070
756.287
743.839
738.622
740.321
739.180
742.739
744.498
749.219
744.225
738.729
742.661
739.649
755.793
742.344
741.973
741.250
734.635
742.541
734.225
747.927
738.694
740.379
740.543
759.555
741.941
737.938
743.150
741.249
751.032
770.564
739.174
748.400
742.078
743.065
740.888
743.116
740.562
759.004
742.446
743.816
769.253
754.168
741.547
738.944
743.289
744.146
746.266
741.656
739.738
745.159
742.048
739.972
741.709
740.414
741.519
741.158
741.125
739.038
742.170
741.656
741.150
741.656
747.715
741.801
741.022
747.857
741.656
742.341
749.565
739.655
745.480
737.227
742.337
754.601
742.293
738.201
741.656
742.166
743.122
746.043
743.766
741.191
737.833
742.344
741.507
743.171
733.526
741.656
741.656
742.984
742.682
742.344
743.096
743.096
742.188
742.170
741.753
758.792
744.253
752.314
743.893
743.384
740.007
742.727
754.370
742.346
769.591
760.369
743.028
744.757
742.344
732.093
741.656
743.705
741.785
742.344
750.344
742.204
743.235
740.128
741.681
749.101
734.439
741.262
733.416
741.553
741.710
741.735
750.342
738.932
742.291
748.276
737.540
740.170
741.225
740.320
744.537
750.556
743.944
765.429
744.929
741.169
739.078
741.233
740.320
740.846
740.410

Error results for GA7
---------------------------
1027.495
1186.946
1003.645
1024.466
850.912
930.404
924.069
938.144
815.627
999.416
1120.012
1122.618
940.692
1003.469
967.646
1170.381
1013.009
913.286
853.510
860.936
907.507
1103.600
911.136
913.104
842.922
1130.575
829.529
845.230
830.056
815.583
869.170
815.620
897.491
816.060
961.339
982.850
915.054
866.337
851.362
902.728
816.758
815.010
1007.139
797.414
815.789
819.973
867.697
801.486
812.668
815.627
802.823
867.750
816.596
874.516
785.418
818.552
826.702
808.976
864.770
812.603
804.968
815.233
816.780
819.576
817.761
830.975
806.096
815.728
808.976
811.882
815.627
822.592
829.983
815.627
815.627
812.154
816.135
815.627
808.835
818.088
816.249
818.006
825.814
823.651
815.674
815.033
843.091
816.504
814.561
813.394
814.917
816.061
812.158
815.646
817.304
821.869
809.450
815.286
810.857
819.794
819.576
816.949
819.576
822.245
815.770
814.415
816.290
819.681
812.715
813.739
826.340
840.253
809.979
819.429
835.295
802.249
815.627
814.618
814.657
813.739
824.786
839.010
815.627
812.283
819.429
824.288
812.370
815.673
819.174
828.874
827.289
845.272
813.739
812.015
812.589
809.639
812.626
824.421
813.879
815.627
814.649
819.307
828.816
799.284
824.269
815.821
817.283
827.937
827.151
812.684
821.254
811.481
832.505
823.345
816.785
815.618
816.421
810.283
814.500
813.986
815.873
814.308
810.040
811.595
815.745
815.769
815.627
817.033
814.636
817.398
824.593
815.627
819.650
794.774
814.605
812.057
821.011
820.611
813.107
818.229
818.206
817.412
809.205
817.283
815.129
819.612
814.232
806.868
817.401
822.202
808.637
818.804
812.057
815.664
813.704
814.308
814.083
821.597
829.057
816.582
816.570
824.180
814.123
814.850
819.924
817.517
804.950
808.376
820.805
818.683
811.400
811.685
813.968
816.054
819.438
811.572
817.945
812.017
814.012
828.856
815.317
810.167
811.306
810.692
809.841
804.215
813.903
827.589
810.864
822.805
813.365
813.747
826.779
815.537
810.414
814.300
817.692
820.994
806.159
816.963
814.504
807.243
818.941
809.760
807.508
810.585
810.401
833.460
812.065
810.717
809.096
819.884
810.741
811.758
820.109
807.086
825.883
814.804
809.657
814.917
828.145
806.369
817.348
810.493
810.734
808.993
810.699
815.865
822.450
811.002
844.444
818.307
815.957
810.699
828.023
783.973
820.461
783.522
823.898
814.050
836.764
814.766
808.331
809.767
827.388
835.034
807.495
877.418
812.039
845.736
815.627
805.898
822.460
814.105
854.978
820.192
820.760
809.447
813.286
810.699
815.319
805.071
812.412
823.291
817.268
817.909
806.563
813.315
819.959
800.882
807.495
821.261
807.509
805.935
815.061
813.011
822.392
812.299
802.591
812.053
809.929
810.699
799.593
812.057
816.059
819.964
815.896
797.191
809.964
789.108
813.957
810.167
800.358
821.789
815.697
820.324
812.057
807.511
812.811
819.698
833.277
833.198
812.461
812.057
810.952
815.526
819.192
814.005
820.103
806.442
822.352
808.868
811.792
820.643
822.331
797.725
798.789
815.484
814.475
821.525
816.176
818.911
803.245
815.628
800.672
835.401
801.834
806.718
817.738
803.186
803.050
814.684
793.408
810.296
800.921
815.882
807.171
807.730
804.839
784.381
803.167
811.729
795.311
812.486
798.957
803.770
803.050
797.683
795.854
805.377
792.183
790.891
803.167
810.071
812.057
797.611
819.905
792.974
812.808
802.137
802.269
810.304
803.552
796.288
803.050
855.557
793.623
803.527
801.359
823.828
809.062
816.724
817.913
802.394
810.289
812.462
812.352
819.542
814.087
810.258
823.920
809.848
813.624
825.128
805.439
819.858
810.296
810.320
790.049
812.286
791.459
844.316
788.923
778.312
810.158
812.239
800.012
811.695
803.936
817.033
812.388
803.936
812.536
809.038
815.834
813.811
785.251
794.996
808.607
792.051
803.150
811.737
807.006
813.697
799.508
791.665
808.343
810.723
808.629
777.037
776.491
812.284
778.431
795.094
803.167
807.384
800.616
778.312
812.746
811.286
803.720
818.540
790.496
794.178
805.438
779.158
801.861
791.001
825.749
804.227
803.376
776.558
771.213
788.274
793.248
792.385
796.689
821.689
792.633
805.107
762.543
797.633
808.972
801.068
792.492
803.875
804.169
791.131
797.513
778.508

Error results for GA8
---------------------------
1066.113
1180.857
666.907
966.803
960.398
857.404
1254.585
1032.675
893.477
1101.528
1012.212
1104.671
1030.322
842.299
895.314
842.634
828.713
968.532
841.211
1149.105
1010.791
840.303
841.044
653.357
842.281
849.982
842.675
826.776
840.622
831.298
831.360
725.917
842.299
976.575
836.345
840.885
853.084
651.042
842.135
845.659
830.666
650.326
842.881
651.061
651.702
816.506
653.303
661.199
853.714
636.270
652.227
653.484
846.123
649.389
665.830
654.755
661.380
650.041
650.813
651.054
653.361
653.271
653.424
672.235
652.495
651.034
644.749
653.531
655.416
652.717
655.091
653.392
649.718
651.067
651.537
651.830
652.981
653.459
652.681
651.458
661.129
655.366
657.929
658.651
653.531
658.151
650.944
646.342
650.891
658.708
649.607
660.860
651.267
651.464
652.874
656.927
640.621
653.091
659.122
653.186
653.531
658.504
651.042
647.050
654.475
657.769
649.015
661.202
654.524
647.605
666.521
649.562
653.531
653.431
653.131
669.206
663.118
641.779
657.355
661.402
644.943
651.896
654.299
631.925
609.340
657.920
645.460
652.279
651.904
646.935
648.247
645.545
651.151
672.985
649.134
659.205
658.651
650.252
658.667
657.934
664.059
658.154
652.977
648.948
648.614
655.309
643.634
638.645
651.188
640.187
637.881
649.506
646.672
645.992
652.112
655.674
649.425
648.822
654.463
644.902
644.299
647.065
657.551
657.544
652.977
643.007
635.217
662.263
646.884
649.204
642.785
641.346
650.654
658.304
646.756
650.638
651.604
657.140
641.325
655.817
653.009
653.935
644.714
643.184
651.678
636.987
644.902
643.659
650.604
645.637
635.206
669.301
657.661
656.164
652.988
642.225
646.359
655.615
640.294
635.192
647.885
645.515
646.829
655.615
645.773
647.458
647.458
648.070
635.217
646.093
646.815
648.314
645.773
647.495
641.228
642.177
642.644
650.637
645.037
646.326
651.663
645.275
633.815
658.681
646.038
641.406
651.148
646.260
638.905
648.459
639.511
653.408
645.961
643.406
644.479
648.850
646.407
644.928
666.992
646.732
643.510
646.333
646.740
647.788
645.102
646.447
642.582
644.809
650.417
646.721
645.046
647.100
663.903
645.257
641.726
647.206
647.458
640.024
647.244
647.454
648.645
647.403
651.749
647.788
649.094
649.729
645.863
651.115
647.800
647.679
661.399
650.989
645.526
647.458
647.625
644.904
646.840
647.203
644.092
648.454
647.458
662.406
646.985
645.361
647.458
647.428
647.646
646.721
651.795
647.679
648.070
651.411
646.111
646.830
645.874
649.873
647.998
646.261
653.981
649.550
648.732
648.081
647.395
649.102
660.320
649.033
648.304
647.973
648.464
647.692
632.779
650.280
646.553
646.291
646.495
632.779
647.458
647.962
651.706
630.816
646.411
647.158
631.931
647.975
638.232
634.010
657.475
652.440
648.771
648.703
634.832
633.163
643.491
633.396
633.369
648.522
644.871
644.949
646.836
646.064
632.781
640.944
644.767
647.458
633.854
635.229
638.984
632.479
641.287
633.066
632.523
637.153
636.355
642.944
645.955
646.108
648.087
639.836
634.163
624.522
636.795
632.605
630.009
631.930
633.369
663.135
646.714
635.895
632.343
647.740
624.563
634.290
636.304
634.852
637.338
634.226
692.854
636.477
635.317
636.851
635.376
635.921
636.275
634.721
635.239
640.973
638.197
640.119
636.053
637.162
636.703
636.238
634.525
636.583
656.069
637.194
626.706
634.450
648.723
647.732
633.679
634.031
630.401
643.440
650.910
648.252
648.295
647.732
638.942
638.744
636.430
650.914
648.369
635.189
635.883
648.230
636.192
647.396
640.587
634.479
637.345
643.614
636.055
642.243
679.114
642.028
643.822
633.404
634.134
636.596
679.127
635.260
653.362
634.956
678.387
635.895
646.436
677.676
633.234
634.906
680.332
637.711
634.369
634.176
637.127
635.180
641.707
646.785
636.198
645.249
638.565
656.144
651.771
639.285
661.028
646.312
634.756
635.322
634.291
636.508
657.552
635.454
634.972
636.730
644.381
633.032
635.096
642.781
634.688
631.235
636.361
636.119
635.756
635.123
630.731
634.476
635.356
636.217
635.923
637.201
636.219
644.228
636.415
641.472
645.029
642.994
640.052
635.043
637.189
640.084
634.886
632.437
642.377
638.205
627.609
638.291
628.885
635.742
669.255
631.247

Error results for GA9
---------------------------
1040.789
1062.322
1180.376
900.213
959.149
898.827
893.383
1040.985
1000.476
959.295
893.297
882.437
1025.875
919.943
961.099
983.613
935.058
931.800
1005.481
925.894
917.857
925.721
932.732
934.626
907.583
932.200
1033.117
905.868
919.316
909.943
934.332
893.662
931.913
917.244
907.547
907.459
893.647
938.047
890.060
894.025
1001.132
907.446
893.647
816.211
1095.903
907.251
907.939
1000.997
894.224
1007.486
770.051
814.080
814.377
1106.466
771.552
907.251
1104.320
1103.853
958.813
889.625
889.432
769.560
888.580
808.505
808.505
890.636
771.132
771.132
771.270
769.735
772.829
767.311
834.250
773.098
769.974
769.658
771.166
753.443
909.324
758.341
771.132
714.026
824.957
771.132
771.524
771.372
772.665
827.391
772.651
755.228
771.111
771.128
808.176
775.276
772.807
806.215
747.768
772.560
774.738
773.732
777.484
807.889
806.032
749.353
771.297
772.886
772.474
786.371
806.580
771.682
802.735
769.933
806.028
943.543
756.349
790.842
772.604
771.132
860.073
770.499
770.175
770.212
755.204
798.442
771.414
774.870
817.193
771.389
772.612
770.108
756.168
790.694
789.546
767.684
772.496
771.564
771.024
777.966
883.113
771.266
771.899
753.445
770.692
771.132
756.955
764.999
771.745
780.339
775.386
754.911
771.070
774.058
762.676
773.932
766.583
749.697
770.941
764.940
757.744
771.367
766.652
756.041
765.069
764.746
738.741
758.140
764.021
771.385
771.234
766.096
770.582
763.697
735.647
763.283
773.345
773.450
756.343
768.802
769.848
775.959
788.951
771.315
774.137
783.834
760.810
774.028
773.797
755.537
771.051
773.964
769.272
772.865
766.652
746.376
771.640
764.732
775.833
770.920
749.486
775.822
773.155
779.486
772.116
766.652
746.497
771.674
773.356
774.010
768.489
749.516
764.526
762.458
772.080
734.101
766.594
759.899
763.108
770.255
747.065
766.565
744.058
783.054
740.400
770.854
757.533
764.959
784.053
742.024
766.750
729.854
731.432
772.748
769.586
764.753
755.674
736.398
740.420
775.515
757.495
747.015
751.957
771.383
775.572
752.498
741.133
747.360
751.674
769.940
738.833
749.597
738.961
741.960
772.142
734.949
745.576
752.459
741.340
740.374
739.289
734.628
741.220
739.687
740.365
740.959
741.462
743.052
740.701
738.903
744.226
752.612
741.278
741.718
740.835
738.094
742.716
740.162
741.278
740.419
750.827
724.123
724.123
740.992
744.879
740.346
736.495
740.794
736.686
741.131
742.906
742.845
739.262
740.277
743.267
743.267
740.572
737.037
751.326
738.950
740.680
736.692
735.419
740.964
738.968
743.243
743.256
739.634
739.187
764.065
735.649
741.596
736.135
738.078
742.743
740.703
740.576
739.987
741.148
739.397
749.042
740.396
736.602
740.859
740.053
740.396
739.267
746.816
738.452
744.867
742.737
741.725
736.393
741.515
738.608
736.340
739.239
738.374
738.885
740.883
732.723
739.519
737.744
740.113
738.610
743.807
740.396
752.824
738.486
741.087
739.436
738.465
723.166
738.622
739.897
745.585
775.932
740.081
744.654
740.546
740.627
744.890
741.132
741.278
741.299
761.683
743.513
742.702
741.585
737.974
742.276
735.126
740.549
738.241
739.491
742.504
741.954
753.440
739.325
739.168
740.602
741.889
739.436
739.202
743.728
740.438
739.173
745.357
740.396
755.092
738.268
737.462
741.489
746.526
741.278
740.396
741.278
735.944
743.974
740.246
743.728
739.741
744.419
742.305
755.463
740.295
740.396
749.474
740.396
739.529
741.352
740.405
740.416
736.675
745.263
744.205
738.279
750.140
730.993
746.464
740.627
738.694
745.252
728.965
743.205
750.626
740.402
747.436
740.463
752.042
739.925
740.409
740.946
744.133
747.663
735.792
745.369
740.406
743.943
739.867
740.396
741.912
748.646
741.278
740.465
759.572
736.904
721.534
740.396
745.252
740.491
745.127
749.185
740.396
741.027
740.825
737.560
744.667
745.435
738.238
744.737
768.237
741.316
738.974
740.232
739.737
745.194
746.599
744.312
755.777
745.057
746.859
745.029
749.696
746.046
739.046
745.249
740.046
739.069
740.273
744.011
741.349
737.905
745.959
739.684
743.006
738.441
744.359
745.063
733.072
740.936
746.291
745.447
744.255
740.874
740.273
737.367
740.410
741.343
744.944
739.323
741.013

Error results for GA10
---------------------------
946.117
1121.302
1031.188
997.173
1017.386
1161.330
1064.271
872.053
953.107
841.378
1012.533
841.486
1080.926
864.289
842.201
869.088
1043.038
841.973
872.769
869.350
844.964
856.401
842.387
859.571
1003.964
841.225
843.873
841.898
839.338
841.788
845.921
840.804
839.943
841.486
843.002
841.462
842.522
841.517
840.423
841.733
841.668
849.303
841.765
840.880
841.517
841.408
841.306
841.542
857.213
842.106
841.594
841.365
841.444
840.364
841.517
841.517
841.494
842.752
851.677
841.512
845.887
838.758
848.123
846.004
843.533
843.660
840.336
842.187
841.574
851.870
843.857
843.876
837.991
840.318
842.705
846.278
844.041
843.547
857.536
843.316
841.782
841.653
870.526
841.595
841.643
839.486
839.450
841.517
843.764
843.873
839.404
843.669
842.249
843.788
841.390
841.834
848.742
841.561
842.863
855.918
848.072
832.260
838.357
841.223
843.721
841.116
843.701
855.589
841.800
842.528
844.610
830.889
850.723
850.728
836.446
841.319
840.046
841.513
841.410
845.637
841.758
838.801
834.319
841.601
843.641
842.280
841.570
837.405
837.614
842.121
841.896
843.616
834.770
852.146
838.073
838.037
839.501
840.700
830.335
848.481
841.517
837.905
840.911
836.853
845.948
834.748
843.625
856.920
846.121
842.523
830.127
835.396
839.403
838.599
846.124
844.271
837.967
840.536
826.155
839.670
841.220
848.116
841.517
843.127
839.363
837.272
851.774
842.052
842.553
830.336
847.497
841.640
841.692
848.344
841.622
854.121
839.501
839.514
835.581
839.078
839.501
844.719
848.123
844.902
836.027
836.597
847.609
841.579
841.581
854.237
834.513
837.335
850.640
834.648
842.318
841.600
836.941
860.647
838.271
836.397
840.728
838.036
834.982
841.190
841.214
841.935
839.363
841.394
842.215
841.969
845.156
835.230
841.431
822.933
841.845
841.781
841.061
842.776
842.931
840.786
834.440
845.548
831.190
841.517
842.116
821.673
834.533
840.973
821.119
841.506
841.623
841.400
835.473
823.205
840.407
842.226
830.189
841.174
841.506
840.741
841.441
841.645
833.770
835.209
816.948
840.720
841.507
822.144
841.723
841.130
820.948
821.310
820.589
833.620
820.407
835.556
836.629
841.129
855.343
835.726
843.375
820.641
835.850
833.978
831.034
835.556
838.300
837.852
834.047
827.983
841.539
841.128
835.772
840.814
815.831
854.908
820.472
831.425
838.475
820.589
836.451
835.544
848.312
837.323
841.265
843.056
835.050
839.294
831.216
839.348
816.775
835.413
834.956
848.664
841.517
833.744
829.674
835.810
835.682
835.268
837.430
834.372
836.229
835.572
828.555
836.488
834.413
809.594
842.143
822.369
834.210
837.352
834.494
831.932
834.711
834.494
846.814
849.474
834.328
833.983
833.564
833.734
832.985
833.640
826.144
835.526
835.120
836.006
820.167
834.010
838.081
851.709
820.633
836.602
834.756
822.196
820.723
834.513
827.800
838.514
822.593
836.452
837.634
839.622
833.715
834.496
825.483
836.078
834.789
835.221
835.214
835.345
834.935
847.351
789.274
831.722
834.774
833.866
822.593
822.308
834.793
834.763
833.715
830.682
829.556
833.721
833.798
834.868
824.263
835.158
834.631
840.630
836.126
838.420
835.799
834.295
822.639
834.619
829.461
836.751
834.492
834.475
836.589
834.513
831.430
834.545
829.806
833.723
834.508
828.324
833.766
836.589
834.513
842.918
846.543
833.452
834.493
841.461
833.766
835.301
834.473
838.352
836.143
835.239
838.445
843.316
840.573
831.683
833.488
834.393
830.837
833.520
833.715
833.715
834.100
834.383
834.390
833.783
837.933
834.316
834.257
834.747
835.506
832.995
833.679
833.441
834.453
833.693
832.291
833.310
827.128
833.607
834.144
833.189
834.101
833.312
833.668
831.785
832.427
833.969
835.975
842.219
833.854
836.163
834.505
833.499
833.715
831.521
833.814
833.569
831.153
835.999
833.701
842.763
830.970
833.970
833.850
833.715
829.241
830.484
836.714
833.791
832.146
833.631
835.249
829.758
836.932
831.667
835.470
823.183
833.660
821.855
834.386
834.007
833.748
842.779
834.795
831.261
827.407
839.915
836.741
841.704
836.351
833.572
835.016
832.274
834.288
833.793
847.914
833.749
835.236
855.700
834.084
832.392
833.652
831.234
833.192
835.671
824.475
831.476

--------------------------------------------
Results for GA1: 
--------------------------------------------
Correctly classified (TEST) 2421.0 instances.
Incorrectly classified (TEST) 896.0 instances.
Percent correctly classified (TEST): 72.988%

Correctly classified (TRAIN)5629.0 instances.
Incorrectly classified (TRAIN) 2109.0 instances.
Percent correctly classified (TRAIN): 72.745%

Training time: 140.046 seconds
Testing time: 0.270 seconds

--------------------------------------------
Results for GA2: 
--------------------------------------------
Correctly classified (TEST) 2639.0 instances.
Incorrectly classified (TEST) 678.0 instances.
Percent correctly classified (TEST): 79.560%

Correctly classified (TRAIN)6237.0 instances.
Incorrectly classified (TRAIN) 1501.0 instances.
Percent correctly classified (TRAIN): 80.602%

Training time: 140.210 seconds
Testing time: 0.198 seconds

--------------------------------------------
Results for GA3: 
--------------------------------------------
Correctly classified (TEST) 2337.0 instances.
Incorrectly classified (TEST) 980.0 instances.
Percent correctly classified (TEST): 70.455%

Correctly classified (TRAIN)5481.0 instances.
Incorrectly classified (TRAIN) 2257.0 instances.
Percent correctly classified (TRAIN): 70.832%

Training time: 125.304 seconds
Testing time: 0.156 seconds

--------------------------------------------
Results for GA4: 
--------------------------------------------
Correctly classified (TEST) 2734.0 instances.
Incorrectly classified (TEST) 583.0 instances.
Percent correctly classified (TEST): 82.424%

Correctly classified (TRAIN)6331.0 instances.
Incorrectly classified (TRAIN) 1407.0 instances.
Percent correctly classified (TRAIN): 81.817%

Training time: 129.248 seconds
Testing time: 0.169 seconds

--------------------------------------------
Results for GA5: 
--------------------------------------------
Correctly classified (TEST) 2479.0 instances.
Incorrectly classified (TEST) 838.0 instances.
Percent correctly classified (TEST): 74.736%

Correctly classified (TRAIN)5823.0 instances.
Incorrectly classified (TRAIN) 1915.0 instances.
Percent correctly classified (TRAIN): 75.252%

Training time: 129.424 seconds
Testing time: 0.200 seconds

--------------------------------------------
Results for GA6: 
--------------------------------------------
Correctly classified (TEST) 2549.0 instances.
Incorrectly classified (TEST) 768.0 instances.
Percent correctly classified (TEST): 76.847%

Correctly classified (TRAIN)5922.0 instances.
Incorrectly classified (TRAIN) 1816.0 instances.
Percent correctly classified (TRAIN): 76.531%

Training time: 135.361 seconds
Testing time: 0.260 seconds

--------------------------------------------
Results for GA7: 
--------------------------------------------
Correctly classified (TEST) 2331.0 instances.
Incorrectly classified (TEST) 986.0 instances.
Percent correctly classified (TEST): 70.274%

Correctly classified (TRAIN)5424.0 instances.
Incorrectly classified (TRAIN) 2314.0 instances.
Percent correctly classified (TRAIN): 70.096%

Training time: 128.705 seconds
Testing time: 0.203 seconds

--------------------------------------------
Results for GA8: 
--------------------------------------------
Correctly classified (TEST) 2593.0 instances.
Incorrectly classified (TEST) 724.0 instances.
Percent correctly classified (TEST): 78.173%

Correctly classified (TRAIN)6081.0 instances.
Incorrectly classified (TRAIN) 1657.0 instances.
Percent correctly classified (TRAIN): 78.586%

Training time: 135.514 seconds
Testing time: 0.154 seconds

--------------------------------------------
Results for GA9: 
--------------------------------------------
Correctly classified (TEST) 2485.0 instances.
Incorrectly classified (TEST) 832.0 instances.
Percent correctly classified (TEST): 74.917%

Correctly classified (TRAIN)5797.0 instances.
Incorrectly classified (TRAIN) 1941.0 instances.
Percent correctly classified (TRAIN): 74.916%

Training time: 131.852 seconds
Testing time: 0.138 seconds

--------------------------------------------
Results for GA10: 
--------------------------------------------
Correctly classified (TEST) 2228.0 instances.
Incorrectly classified (TEST) 1089.0 instances.
Percent correctly classified (TEST): 67.169%

Correctly classified (TRAIN)5153.0 instances.
Incorrectly classified (TRAIN) 2585.0 instances.
Percent correctly classified (TRAIN): 66.593%

Training time: 136.287 seconds
Testing time: 0.237 seconds
