GA. Pop: 100, Mate: 75, Mutate: 10

Error results for GA1
---------------------------
1083.587
1080.532
890.805
1249.504
1110.307
1072.509
1008.665
1198.282
974.051
878.532
886.344
1170.810
1039.699
1066.306
1187.775
1134.744
961.360
975.371
994.506
1263.177
999.007
1131.985
954.698
830.059
838.367
1046.887
1049.070
1168.275
926.611
1078.044
952.786
1034.594
1004.423
1051.088
853.105
1062.625
1043.932
1057.108
1128.426
1040.666
1076.920
943.242
1058.928
981.282
959.121
902.703
921.082
742.762
1073.019
883.105
954.468
1002.602
1014.422
933.254
944.150
1026.706
982.526
862.951
983.179
1008.462
1041.049
865.724
927.786
778.751
967.116
1192.142
1204.722
846.913
958.351
724.958
770.628
799.414
1042.792
855.731
834.092
821.254
940.569
825.457
797.811
801.918
900.074
810.964
887.415
863.972
840.253
802.077
864.832
952.532
915.525
620.318
709.224
760.868
823.067
710.821
890.055
674.709
844.987
582.078
719.516
696.054
861.869
701.017
632.798
721.729
771.762
827.411
675.997
704.782
662.743
703.389
641.088
631.091
637.626
618.876
618.209
651.966
627.704
584.558
664.618
633.147
575.556
653.452
570.607
586.273
604.593
560.212
507.953
641.350
573.462
664.776
564.595
536.385
747.722
651.199
554.582
505.276
609.810
593.857
516.560
566.998
651.693
651.693
589.650
572.235
597.939
505.905
527.463
530.045
520.302
485.439
558.907
547.781
478.138
591.576
506.962
516.473
513.405
567.294
539.636
534.609
475.712
542.082
474.717
532.636
589.438
554.811
531.834
478.352
494.826
509.566
504.498
500.942
466.962
490.773
477.712
464.055
516.925
547.616
515.409
469.826
464.140
495.096
471.394
509.622
452.096
508.131
498.578
453.541
467.312
473.675
513.492
542.820
477.671
438.950
431.395
456.000
471.875
490.546
486.392
447.449
482.584
526.593
432.750
480.844
437.259
491.647
436.651
462.071
421.095
423.715
484.103
482.614
392.945
437.616
443.154
473.971
436.172
444.010
402.130
408.973
433.851
445.911
420.399
432.487
450.330
410.715
416.590
420.445
417.505
443.627
443.490
466.616
453.814
425.374
428.350
477.098
409.520
413.387
419.645
432.317
418.877
440.402
456.136
439.630
424.223
420.186
399.169
416.162
452.720
395.932
488.480
384.550
444.729
434.048
420.938
447.803
420.752
447.105
402.039
428.511
440.755
407.085
411.200
429.216
420.262
390.841
385.047
414.908
458.134
418.227
390.864
462.954
410.155
429.670
429.244
428.902
398.225
426.821
391.274
379.042
405.820
397.845
405.939
409.801
391.667
386.083
409.802
413.370
400.971
397.059
393.984
397.821
390.155
379.303
418.809
415.511
420.353
397.865
386.376
379.550
381.201
386.967
381.391
384.111
375.631
407.930
375.053
383.770
380.809
396.927
379.498
386.345
386.252
393.028
399.560
408.375
389.098
397.238
389.164
421.080
399.267
398.690
386.394
394.006
416.284
390.734
396.377
416.867
373.371
399.156
388.687
407.679
384.548
390.255
391.900
401.195
410.748
404.045
383.781
398.936
398.510
383.850
400.759
393.021
394.979
391.583
382.943
391.835
386.917
407.631
371.721
401.378
376.194
406.032
389.528
393.398
395.167
385.109
393.731
414.025
412.734
408.353
380.939
382.495
409.793
425.758
399.575
387.763
423.267
395.496
398.988
403.015
391.881
394.577
399.686
392.510
403.552
379.518
406.211
386.446
381.868
383.286
404.520
393.726
385.436
431.919
393.115
381.483
395.687
412.924
378.149
382.534
390.574
384.824
390.373
404.365
389.195
404.997
382.509
399.511
407.761
378.875
394.766
373.118
370.124
377.018
383.503
385.145
377.120
374.919
366.673
374.070
384.473
385.561
380.728
394.004
379.433
378.179
385.431
397.337
380.188
394.619
381.475
368.474
385.564
380.445
371.531
383.945
397.445
371.877
383.453
385.795
389.056
388.273
393.196
394.307
388.280
390.084
376.474
388.571
385.137
386.265
363.921
384.067
385.742
376.301
389.431
377.066
382.205
367.451
384.697
375.785
390.961
401.776
373.371
367.370
382.525
362.107
374.794
401.697
414.630
378.242
373.386
363.930
375.443
365.333
377.168
386.128
378.213
384.222
368.718
369.627
367.368
366.821
365.857
369.984
387.074
375.812
362.589
376.127
368.684
400.016
373.076
373.712
373.393
391.287
367.133
373.393
367.730
386.004
365.856
374.823
367.143
363.449
363.636
369.485
375.940
375.226
370.127
372.413

Error results for GA2
---------------------------
880.538
891.216
1373.324
994.312
1043.504
1168.395
1018.379
1045.289
1068.069
957.830
975.150
992.158
1169.423
1106.102
1149.960
1057.672
907.306
910.497
1005.583
1143.896
1056.816
1103.951
845.153
1304.773
829.418
989.105
1017.388
869.661
909.049
1160.768
1196.441
975.233
1332.498
942.640
1065.802
1133.365
1008.471
903.297
976.681
929.912
942.675
1154.978
1087.002
951.748
787.437
732.229
1104.233
1202.283
987.977
1240.433
843.129
1005.714
909.381
812.006
1096.429
1032.074
1047.912
834.596
942.200
952.723
908.417
1092.759
912.444
731.214
1065.681
1018.624
727.295
894.385
1020.438
1038.816
890.819
844.910
795.001
778.524
891.615
901.921
947.703
877.393
804.530
848.452
904.912
649.975
746.886
687.035
728.228
967.505
701.793
808.015
809.623
742.716
847.568
972.156
826.739
978.141
921.328
774.163
789.665
794.154
830.486
792.740
936.615
869.788
699.714
776.513
657.594
782.029
627.722
685.783
965.842
849.988
640.006
793.246
771.225
689.345
751.371
644.849
720.477
691.535
749.917
667.672
669.227
649.596
687.899
611.697
610.415
1005.004
657.146
599.672
680.437
763.051
671.849
572.706
660.669
591.295
611.067
635.814
667.296
633.000
599.119
586.415
560.997
708.707
665.993
592.294
582.786
585.772
710.759
658.925
659.377
615.496
541.012
599.075
634.799
755.244
672.200
609.105
613.763
647.752
614.408
539.588
637.343
637.117
641.171
668.289
545.214
671.850
606.321
618.568
573.946
538.837
568.923
571.487
607.231
626.400
570.839
645.692
603.666
552.988
592.820
570.911
662.523
548.876
582.717
536.275
601.362
550.901
599.968
572.949
606.983
578.393
611.458
605.652
553.913
569.242
557.785
646.374
581.714
579.824
566.841
565.525
554.685
491.223
583.443
582.169
569.722
548.840
494.404
510.845
552.744
552.695
522.927
530.615
541.302
521.013
504.207
494.521
494.986
475.150
492.217
528.176
476.504
566.577
502.696
509.926
520.289
484.363
528.310
530.543
534.177
536.084
514.075
507.594
509.670
473.547
485.581
504.304
484.506
506.523
460.958
483.450
537.398
478.505
487.133
503.954
480.795
489.075
485.284
481.128
537.097
463.200
511.935
514.529
487.348
501.713
483.276
480.593
491.711
524.398
589.454
579.893
461.708
468.123
486.787
483.305
496.420
527.875
470.164
529.505
491.998
471.307
488.120
467.899
485.926
528.970
480.648
487.574
481.003
465.209
494.310
499.747
486.216
514.212
498.117
498.525
498.431
502.462
504.717
500.768
492.123
490.689
508.114
483.552
484.428
495.326
503.475
514.671
474.538
467.859
475.804
490.650
459.474
494.628
491.454
487.076
486.499
488.294
493.842
475.169
474.585
476.578
453.529
470.660
473.289
455.105
481.805
455.612
476.134
454.540
461.639
466.627
494.317
465.987
490.673
492.399
472.077
434.440
467.844
433.818
462.755
441.593
469.317
439.717
448.388
432.689
413.104
419.203
417.663
444.983
430.583
449.383
445.715
426.278
441.219
435.416
424.964
416.646
444.902
437.158
428.231
433.485
434.125
432.560
453.216
433.915
438.833
425.582
429.959
445.880
432.510
411.713
432.606
432.612
429.753
401.149
424.186
433.706
414.837
420.037
427.757
446.466
427.397
431.747
430.840
453.399
403.734
421.342
413.412
423.745
430.535
410.573
430.126
455.515
412.620
432.716
415.885
425.520
442.884
414.642
416.456
407.441
445.391
409.877
421.705
433.120
428.996
398.512
425.553
398.312
389.715
424.412
424.541
399.996
410.453
412.361
426.097
421.586
402.469
404.560
394.113
414.736
405.923
418.217
388.539
403.799
391.805
400.851
419.446
412.697
422.035
403.925
400.197
407.781
392.217
418.011
408.564
405.336
416.122
399.613
419.039
402.803
420.862
403.713
408.363
391.722
382.766
383.066
428.122
392.773
388.192
391.029
384.835
378.630
390.931
378.729
383.854
393.778
387.251
394.871
384.662
387.336
404.094
380.634
384.898
392.364
392.164
396.330
377.665
386.624
386.575
385.487
377.654
394.692
391.610
377.146
389.422
383.751
395.664
379.472
406.172
385.400
383.245
386.948
384.504
372.096
373.077
369.893
377.131
380.638
384.231
386.108
394.240
384.767
380.844
386.987
375.875
392.457
373.790
383.567
380.724
383.094
379.012
397.238
363.743
375.184
379.572
373.798
376.818
379.341
385.888
380.728

Error results for GA3
---------------------------
913.297
1046.402
1232.754
1115.326
1517.045
1026.560
1219.971
1072.716
1032.063
1129.575
1098.891
904.237
1238.555
1102.559
1382.762
982.038
1193.686
886.916
1131.894
1032.899
883.902
1339.322
1055.678
991.444
961.500
1101.662
980.130
1148.683
1043.166
1118.762
1218.187
909.992
989.543
974.068
876.087
1012.405
1040.225
1298.242
945.159
925.764
974.812
940.804
1000.397
912.429
1037.569
1220.911
978.282
998.670
934.353
894.798
1092.772
867.623
1145.369
1031.268
1068.910
945.124
932.493
880.332
1079.515
1115.436
698.574
897.668
938.444
1042.708
788.104
1036.237
912.716
963.376
928.387
982.257
836.078
964.531
856.465
935.546
1023.690
908.237
804.631
946.573
930.153
892.323
867.188
736.957
1073.419
874.086
922.292
855.256
756.789
855.694
739.321
802.155
776.176
734.709
755.172
651.299
724.006
698.126
863.263
1104.670
937.948
789.140
934.923
786.259
707.576
741.543
851.533
814.325
752.092
846.255
737.695
674.741
781.295
630.623
746.838
765.545
622.368
684.400
675.746
711.877
677.914
830.050
698.549
736.267
687.874
880.702
719.780
754.717
534.832
652.836
626.319
600.509
734.503
688.494
761.202
544.586
692.186
618.068
583.907
738.460
535.701
535.988
620.572
681.566
720.485
747.978
558.803
690.051
663.194
619.349
668.108
599.104
668.919
703.593
649.695
561.304
611.415
689.230
572.936
606.086
595.688
532.120
657.218
591.163
601.642
578.415
585.134
561.272
570.923
615.920
605.304
647.673
572.046
542.291
486.179
629.761
558.879
517.496
547.777
604.737
565.042
624.455
610.208
563.663
560.602
593.714
511.400
539.329
554.607
546.004
548.024
499.156
529.739
495.696
620.571
561.440
501.942
534.890
564.462
542.834
624.123
471.134
537.834
541.308
538.205
473.550
509.961
492.192
503.336
492.710
496.038
541.359
559.474
476.285
460.749
465.264
458.422
523.526
527.372
462.900
476.137
491.290
453.274
486.787
505.572
492.616
461.194
476.192
480.635
476.125
485.537
445.748
479.537
475.865
514.737
477.285
486.387
532.066
468.670
440.647
443.522
489.356
483.911
441.537
503.047
512.326
494.709
471.919
461.736
454.765
454.450
483.405
510.351
452.160
515.082
445.934
469.791
532.762
467.754
463.609
463.827
459.242
452.540
455.313
470.602
442.710
434.600
515.747
497.901
433.966
463.882
483.051
454.641
499.348
465.057
475.668
477.656
447.552
444.279
424.305
465.978
464.997
492.069
498.607
576.993
439.861
495.720
446.111
464.123
463.044
443.546
458.128
444.089
487.462
461.520
481.091
468.831
431.015
449.182
442.330
444.060
453.991
439.279
464.083
450.302
479.361
441.250
452.472
458.428
429.019
427.723
451.101
479.521
454.556
440.760
459.319
433.939
443.346
442.144
458.656
435.578
421.440
455.242
414.615
445.402
412.957
444.989
473.698
452.444
446.876
465.422
454.832
450.062
459.706
435.641
398.093
449.925
460.570
480.851
423.332
427.394
426.745
480.711
442.025
449.960
413.149
443.659
443.457
442.081
411.283
438.361
435.482
445.787
405.243
413.303
431.486
398.594
445.357
413.011
419.430
415.411
434.360
436.784
399.803
432.319
430.844
452.921
411.469
415.183
434.175
412.870
403.303
427.189
430.431
397.143
395.699
415.606
410.639
416.903
399.371
381.608
425.672
381.606
418.461
409.642
425.049
416.736
432.247
412.156
392.810
402.962
404.247
400.741
408.879
406.222
421.225
428.980
413.150
399.373
387.862
420.576
397.087
380.374
405.038
390.451
440.969
389.151
401.716
425.265
422.630
387.515
414.783
421.862
401.229
406.197
387.036
408.299
402.177
415.595
416.705
433.331
391.495
378.545
393.999
395.777
395.920
403.963
403.259
385.650
397.783
387.889
410.468
418.614
390.322
402.693
374.823
401.403
413.823
416.461
401.735
425.084
413.685
419.417
399.918
382.170
396.746
407.195
410.325
383.455
377.991
419.781
398.669
417.773
407.518
392.593
377.061
398.118
382.994
419.512
386.997
408.460
395.013
419.363
381.852
392.560
396.302
395.709
382.210
422.411
414.942
379.357
395.795
407.814
380.595
391.715
385.343
382.372
393.024
399.668
391.396
407.853
388.193
397.106
390.569
378.051
404.006
394.565
398.529
374.099
401.333
402.018
384.433
390.201
415.362
405.912
394.293
396.397
384.043
390.003
400.875
380.848
393.106

Error results for GA4
---------------------------
928.387
999.538
1191.848
1102.138
937.314
951.453
1092.764
974.777
998.906
1244.458
1114.433
963.965
1039.081
973.775
886.666
938.807
917.655
871.488
1243.904
960.346
1184.068
955.275
1109.608
1199.389
993.880
946.159
1087.875
1060.821
850.448
1051.232
1117.415
917.767
1046.780
882.785
993.256
1073.936
959.768
890.155
889.904
1068.497
867.073
1004.838
947.222
898.482
890.984
922.027
1032.012
1019.093
907.933
1035.865
962.670
1066.152
980.568
695.116
1051.488
1021.490
757.047
1126.786
834.329
706.870
945.991
1080.272
1014.799
861.626
760.868
1080.820
999.230
799.289
941.868
723.702
955.656
924.991
729.944
686.860
751.826
871.451
861.822
730.854
836.618
859.326
652.939
796.459
824.960
725.177
807.281
994.618
659.708
791.356
806.181
709.433
574.684
764.893
737.686
684.028
718.305
816.179
623.369
607.469
800.396
807.069
688.588
756.381
549.913
685.852
653.783
631.896
560.639
600.149
781.586
620.576
627.282
616.461
654.043
516.482
634.091
580.022
552.528
536.598
713.910
630.349
610.665
643.880
567.164
556.543
539.328
516.753
632.919
531.626
537.566
466.693
531.739
485.189
578.145
540.433
669.932
613.409
558.796
609.734
568.751
566.512
564.701
604.699
535.251
500.483
602.157
711.836
546.023
496.594
564.351
560.831
523.368
485.921
453.958
524.023
574.152
500.242
505.155
579.769
466.344
486.712
499.127
596.189
490.270
407.954
502.588
445.823
509.755
541.389
421.414
488.433
477.264
497.417
505.535
599.943
441.759
446.371
486.556
444.411
444.327
431.885
463.748
466.068
502.145
433.021
434.561
480.681
458.678
417.158
458.365
471.462
394.291
484.279
436.808
444.888
477.881
426.429
442.763
387.144
508.425
423.004
426.126
390.103
418.531
430.924
455.748
427.884
491.016
400.737
441.293
394.268
414.792
398.387
373.147
420.564
402.537
513.687
520.123
421.838
405.512
473.765
383.452
424.386
399.808
425.353
396.408
401.252
433.828
411.787
394.047
415.636
431.699
401.470
428.812
433.720
415.775
416.386
392.674
394.900
401.110
412.002
415.895
395.787
406.781
422.392
426.839
400.893
401.779
419.575
432.504
417.785
405.072
469.528
414.003
424.496
416.445
448.303
430.164
394.023
407.347
431.838
378.033
426.538
394.180
429.906
412.928
381.778
397.839
401.550
401.260
414.368
430.833
409.425
419.143
417.927
396.299
400.846
420.615
423.319
446.759
417.449
410.020
401.491
391.335
398.536
411.639
413.519
401.364
401.866
407.715
425.085
392.630
411.884
390.749
400.168
400.659
387.301
405.819
396.098
401.127
400.259
418.477
379.879
380.668
386.736
412.104
376.075
390.428
381.578
402.675
397.386
371.475
390.672
404.185
401.315
394.680
392.229
398.507
392.228
395.099
386.040
399.761
385.143
377.049
399.017
387.535
380.754
374.970
393.894
403.534
380.925
395.063
391.392
381.004
391.117
380.798
395.879
405.579
401.422
449.099
402.820
404.601
397.242
407.269
386.000
381.978
405.318
403.816
392.972
401.324
419.644
386.760
409.396
410.961
402.706
383.855
396.961
401.108
421.127
404.063
402.797
382.461
389.793
366.489
398.427
400.988
402.868
368.705
377.995
428.456
406.225
380.176
371.499
394.708
369.931
367.168
378.196
374.736
374.170
372.471
366.871
371.698
378.812
385.216
409.873
379.372
368.580
388.590
393.602
373.150
379.440
366.544
374.066
399.549
392.287
374.440
371.078
370.612
373.205
372.320
375.321
374.908
388.476
375.405
371.204
374.293
370.804
394.824
402.499
380.399
373.027
400.067
386.988
383.770
370.592
371.763
375.138
373.181
377.939
376.307
383.499
377.507
379.161
373.289
384.924
378.426
389.110
372.961
373.061
388.264
388.546
384.566
385.789
357.564
376.331
377.324
372.649
387.510
379.205
367.288
369.900
371.474
378.997
366.424
378.288
378.732
380.634
365.927
378.716
375.880
359.223
364.747
372.586
360.719
383.979
374.078
362.781
379.863
372.508
366.391
369.984
374.663
374.124
371.485
373.662
366.608
365.424
394.485
374.987
372.598
363.729
365.110
362.625
368.196
374.436
371.688
382.152
359.945
368.635
403.568
371.531
366.396
368.805
365.935
353.860
368.476
380.098
363.769
378.935
370.842
366.632
351.916
370.943
364.333
367.503
366.258
379.067
376.754
377.028
369.522
376.011

Error results for GA5
---------------------------
926.330
919.167
803.218
802.954
1135.627
1085.737
1225.229
1117.329
1095.738
1253.916
1015.239
1074.431
1117.085
989.812
914.168
1005.751
995.408
970.169
867.223
916.929
925.002
926.648
1162.877
1032.447
1039.734
1208.033
1276.262
922.776
1002.652
991.167
1121.604
1055.625
980.778
1028.137
1016.212
910.042
1096.851
1063.600
1156.353
914.889
1103.704
1065.031
930.897
948.967
1078.038
907.100
973.842
964.620
1178.073
873.420
1025.010
1184.892
1004.360
937.658
791.325
865.431
857.025
1128.985
1049.068
948.222
969.076
1106.507
945.870
1109.920
831.528
1095.306
974.990
834.374
971.846
959.584
903.924
973.113
1003.116
951.195
1019.933
886.110
966.763
1121.035
885.455
932.988
1173.378
979.316
768.633
976.234
848.391
1042.685
853.810
883.881
891.429
1008.404
862.094
632.198
924.305
746.601
783.456
786.845
878.623
775.905
721.730
838.509
748.361
851.733
844.875
776.560
751.587
746.748
731.551
692.286
738.286
725.567
699.698
851.881
697.030
696.219
725.450
634.376
662.852
803.705
664.760
733.712
886.667
671.395
571.389
685.174
620.692
617.221
729.282
580.554
617.098
538.304
592.993
654.365
643.983
721.196
728.636
596.712
667.909
644.453
619.886
675.685
607.717
649.396
633.736
533.622
508.660
532.354
617.084
742.705
570.500
475.222
708.469
590.175
637.536
552.184
539.221
693.854
520.215
550.487
594.984
599.112
626.901
604.343
571.153
607.323
566.087
564.550
562.198
620.602
609.628
619.344
574.145
491.701
547.713
541.288
662.655
549.874
490.544
556.109
521.010
532.425
527.491
495.792
595.923
506.781
624.188
531.027
530.158
552.367
540.605
515.910
534.054
568.202
561.089
472.955
518.544
534.987
503.674
510.597
498.674
509.302
535.137
485.036
527.949
504.520
499.541
500.891
516.825
513.169
516.147
521.834
497.515
489.145
514.590
519.374
510.474
516.895
472.927
515.363
499.712
497.783
493.152
503.694
513.446
483.476
513.260
495.030
498.093
506.933
513.361
479.997
487.048
521.730
512.174
481.208
501.292
518.546
462.180
488.999
472.028
483.149
511.047
469.943
469.665
500.723
490.360
460.069
475.095
513.461
476.997
472.143
443.470
492.483
473.588
470.418
474.677
476.366
485.947
503.820
509.864
449.491
459.848
492.185
494.672
491.112
470.061
439.789
456.102
449.890
502.468
466.064
440.118
478.238
461.093
455.921
451.238
452.350
457.839
454.036
459.579
468.439
462.466
484.750
486.526
474.134
451.859
484.769
441.843
454.612
467.358
480.974
424.953
477.186
490.517
488.280
469.036
477.789
481.094
446.577
471.199
451.880
477.830
476.759
472.743
502.586
459.986
462.114
457.856
472.485
472.278
459.978
477.420
469.462
470.481
468.136
472.528
491.777
491.478
450.390
446.024
464.920
440.987
501.198
464.574
473.749
442.475
450.434
462.961
465.529
449.429
463.026
464.457
449.130
475.444
422.526
461.443
478.929
450.205
441.414
453.152
440.331
428.450
447.232
457.992
439.583
445.763
450.250
458.171
431.783
453.653
442.775
453.826
455.485
446.445
449.995
448.407
457.880
450.442
456.255
460.257
434.995
405.253
433.584
457.204
455.581
456.437
435.521
441.494
450.663
428.236
462.143
463.642
419.087
407.012
421.782
459.447
431.125
449.951
448.421
417.533
435.141
437.036
404.133
392.180
424.976
409.124
413.890
408.301
406.429
399.770
420.884
446.743
393.771
421.061
408.052
406.598
411.779
386.795
399.102
404.480
441.579
388.558
386.076
393.032
403.907
428.864
398.618
407.627
398.534
417.482
398.115
399.312
405.436
413.916
400.113
403.528
415.542
400.492
403.657
411.034
393.235
395.694
395.550
402.502
406.272
404.307
396.879
401.881
407.611
399.542
395.288
404.848
388.688
393.716
406.842
395.133
413.732
395.535
404.621
381.868
414.564
402.360
399.452
393.771
394.683
399.985
413.037
406.739
391.902
391.990
413.833
403.665
396.552
405.475
409.237
393.010
399.716
391.900
387.910
389.539
398.544
396.846
396.572
400.656
410.800
398.805
407.561
387.462
406.244
406.518
403.886
413.028
387.965
405.591
393.924
400.027
398.304
411.967
396.356
391.723
393.929
393.352
394.387
390.879
391.170
401.361
397.005
405.097
380.935
405.158
396.793
394.780
393.462
379.300
386.707
381.994
386.781
380.459
390.631
425.411
392.159

Error results for GA6
---------------------------
968.350
1025.119
859.790
1195.343
995.377
870.519
1081.195
784.824
1136.540
1022.176
1204.615
1183.537
965.645
980.965
1075.221
922.285
949.381
899.436
1204.681
1015.654
1040.613
955.960
973.297
937.018
910.348
1012.067
1044.410
1129.932
1003.681
941.473
1242.538
1406.063
1193.089
951.325
1147.611
1483.432
1018.502
1136.575
905.706
824.785
891.092
957.667
905.088
918.599
1030.528
1012.790
847.513
847.752
987.866
946.828
916.219
855.354
993.807
1011.518
1048.623
1177.341
942.120
767.509
1136.294
783.495
798.419
789.459
848.472
1227.864
882.165
870.837
1131.563
850.672
854.420
735.070
881.710
751.979
839.021
812.502
924.321
741.359
745.928
812.411
818.040
972.374
792.082
715.493
961.416
962.565
804.932
697.103
847.764
805.295
795.183
721.741
802.304
655.111
741.907
652.857
585.354
801.181
801.936
692.351
662.014
686.452
776.035
638.912
791.167
707.669
624.047
793.040
569.421
957.719
685.169
596.375
607.603
701.810
641.199
614.910
605.766
686.163
618.138
642.854
639.446
686.665
755.449
582.881
746.417
670.014
737.841
678.454
707.413
673.975
611.810
678.432
557.378
631.867
712.572
627.159
681.807
580.099
547.271
694.448
613.256
676.260
518.657
591.980
550.291
709.063
590.868
575.221
566.192
548.063
675.483
527.591
516.732
556.903
485.744
526.316
500.007
619.945
551.857
570.105
516.780
531.616
579.380
561.212
581.164
507.316
481.826
497.178
592.618
481.485
600.443
516.090
569.728
601.063
494.884
499.917
576.008
500.418
442.362
557.148
505.683
575.958
489.137
556.502
489.187
445.332
505.771
427.129
430.193
441.054
443.757
525.217
486.952
474.022
526.707
459.388
454.585
483.550
410.604
475.897
433.449
431.569
420.984
508.073
516.537
414.467
429.389
421.883
438.895
454.882
445.645
445.645
471.416
528.501
446.785
602.560
454.118
424.527
502.457
455.582
449.994
507.297
477.171
546.413
467.133
432.714
483.327
440.012
382.142
487.690
470.901
435.215
436.654
522.211
458.037
496.652
411.260
406.168
457.450
411.110
398.588
433.668
386.467
437.579
431.480
401.781
417.361
438.280
459.504
401.742
436.043
372.982
407.804
382.248
407.306
429.825
417.160
371.830
402.916
364.102
392.322
383.698
379.263
396.068
417.626
372.264
387.924
385.400
393.794
375.569
433.723
370.379
390.902
365.504
397.833
408.013
361.815
361.971
378.848
391.479
358.634
379.694
392.240
405.972
362.789
329.101
407.728
382.210
376.791
392.221
356.061
332.027
352.733
352.874
345.961
355.926
358.610
363.582
381.030
344.594
353.524
362.015
350.090
343.570
334.062
351.149
377.707
361.617
367.710
329.773
351.639
358.910
336.032
353.898
369.744
333.985
360.599
354.181
349.942
364.680
335.979
362.444
343.739
345.970
346.259
336.209
352.230
366.670
354.748
336.322
357.285
371.823
353.743
369.843
340.896
356.156
336.189
350.911
370.083
348.048
349.672
342.598
346.305
352.781
332.840
361.966
339.421
353.585
358.624
348.888
363.694
339.033
368.339
340.585
353.300
351.767
346.214
328.269
371.583
339.515
351.315
348.889
346.928
343.026
341.408
338.590
342.367
352.916
336.108
328.966
344.253
341.594
333.518
326.512
338.524
338.957
347.792
350.386
359.864
359.864
344.205
331.514
346.568
371.445
342.425
347.727
334.375
357.878
325.777
346.111
358.465
352.659
332.629
351.250
351.993
333.470
361.906
348.183
347.484
338.849
345.125
356.063
349.812
333.090
335.164
355.588
336.908
328.112
333.187
350.796
349.258
364.043
345.273
328.385
326.116
339.097
330.074
347.550
345.390
330.688
334.743
335.063
344.904
338.855
322.643
340.268
323.501
319.947
328.415
340.958
335.555
343.372
315.469
335.783
326.751
356.954
325.375
325.747
333.283
333.067
326.937
327.065
329.612
327.099
328.150
333.273
331.135
325.848
337.909
324.514
336.551
329.821
326.127
332.348
333.867
328.543
333.026
338.286
335.155
336.415
332.444
334.348
325.181
337.723
318.401
318.922
328.886
326.912
329.001
326.040
333.594
327.996
324.100
326.782
318.351
323.335
324.463
328.324
316.904
323.019
315.642
324.365
331.078
320.028
318.280
321.768
334.573
320.378
331.259
323.963
311.782
321.078
331.605
324.487
326.871
334.237
335.026
316.649
321.865
338.757
318.713
330.164

Error results for GA7
---------------------------
852.873
939.150
918.797
934.903
986.082
868.206
1421.726
1046.433
1211.145
1164.419
831.020
902.747
919.199
905.332
1024.693
1213.137
1043.727
1228.611
793.822
1082.231
885.316
1332.524
1093.216
1051.076
981.838
862.543
1178.334
1075.800
1056.897
1210.585
1015.756
1244.041
891.464
975.689
1012.989
1122.626
997.840
1030.374
952.573
826.140
1007.005
1000.110
946.904
1215.819
1218.650
853.133
1033.424
900.721
1050.424
888.846
966.316
932.360
1021.133
1070.275
1041.641
1014.804
1210.033
1055.814
1127.043
1000.183
1139.021
1246.843
953.982
937.507
885.953
984.151
896.504
927.342
992.677
855.180
757.956
823.556
859.842
1000.117
857.509
852.398
893.490
926.405
1012.562
1065.000
748.963
792.292
995.909
748.892
956.212
867.026
846.908
776.839
852.895
954.444
992.419
956.395
918.037
861.199
898.997
857.235
936.850
796.807
847.810
734.790
841.105
690.802
892.619
964.935
961.190
927.423
720.113
833.872
758.079
797.734
810.795
713.670
764.402
665.143
782.381
663.216
749.463
768.263
893.264
834.237
819.614
657.764
802.436
719.537
754.742
798.149
946.220
753.765
711.299
840.645
744.296
825.418
815.068
728.866
702.189
1019.814
826.728
645.565
780.553
671.478
795.634
746.793
815.805
645.459
678.646
791.981
807.274
668.982
756.148
778.045
733.905
874.810
669.967
695.458
712.478
708.055
632.402
723.255
665.289
657.934
583.653
725.041
733.575
656.301
677.099
669.058
769.430
648.629
666.650
666.735
571.760
899.008
695.639
671.218
620.599
690.020
592.224
654.399
611.122
666.766
592.745
644.664
697.469
747.408
635.253
679.020
594.438
651.114
713.728
654.434
613.517
686.829
597.634
643.997
583.669
631.720
623.962
637.533
667.246
627.611
634.307
677.407
644.205
725.902
691.693
624.401
726.445
701.891
595.338
582.051
687.394
648.710
605.793
590.294
672.751
601.347
662.967
619.940
632.711
600.754
634.027
740.189
581.881
697.775
575.164
611.546
561.768
636.902
551.800
628.473
558.386
558.721
595.223
543.304
641.522
592.121
581.547
645.472
590.714
550.402
549.479
590.587
545.791
569.314
571.608
557.534
555.596
535.782
592.190
548.395
548.395
516.922
544.153
546.398
521.190
539.056
537.432
543.883
542.097
531.774
574.378
539.836
558.010
564.041
544.928
562.258
521.059
561.762
531.785
537.844
533.479
510.015
547.734
558.937
508.633
515.188
521.421
560.734
519.974
508.668
527.472
574.060
513.832
491.433
509.433
523.110
593.539
545.309
514.959
550.562
542.586
498.797
522.614
528.073
516.076
508.647
511.210
548.875
507.707
557.855
514.658
493.787
528.224
522.269
532.210
511.206
484.618
502.651
528.032
518.682
515.895
515.179
493.131
494.020
527.881
476.340
497.513
516.451
516.622
501.019
504.908
496.373
503.629
489.817
573.674
520.420
509.067
536.886
496.373
493.381
519.832
494.165
520.687
494.661
519.397
510.084
501.024
501.969
500.547
474.996
503.496
521.167
484.305
481.369
504.816
488.289
512.964
466.107
474.822
497.070
497.003
472.086
504.671
512.098
485.772
500.806
494.653
492.179
501.107
482.435
480.563
497.898
479.043
482.686
496.990
494.515
505.289
509.937
498.176
487.538
504.132
487.966
492.726
490.907
498.048
476.712
514.155
498.693
491.324
479.269
498.003
504.460
507.221
489.010
488.322
508.349
492.860
493.484
476.060
483.844
477.568
478.341
482.627
523.502
488.844
480.252
519.554
505.043
485.915
496.069
483.890
499.773
487.659
489.598
491.546
470.263
478.312
468.993
502.146
469.178
502.057
475.546
495.269
477.965
506.664
559.911
476.639
477.023
514.815
510.015
546.859
478.012
477.378
485.273
503.177
475.092
472.343
497.653
501.846
451.446
519.021
517.094
470.277
491.205
470.844
492.129
472.419
473.038
514.870
460.948
489.432
491.290
501.499
501.864
498.752
499.054
495.927
481.770
501.881
476.820
484.497
482.510
505.170
495.152
446.561
446.407
489.511
493.647
467.141
494.469
493.205
468.851
501.372
483.910
484.122
494.740
489.584
483.812
487.483
490.259
461.782
449.516
473.936
464.432
478.528
491.855
484.780
491.239
473.457
489.775
502.456
475.754
480.776
455.756
462.928
433.323
473.901
517.151
462.803
452.783
450.968
441.958
485.350
491.444
429.170
437.855
475.978
465.579
439.514
472.269

Error results for GA8
---------------------------
1086.156
947.327
942.927
895.365
1074.110
1116.990
1219.869
1383.481
970.621
994.036
1236.637
912.775
1092.210
943.430
1040.915
1074.047
843.717
942.224
1155.429
998.288
904.777
1033.535
904.129
1026.309
983.195
982.913
1083.329
1011.574
1089.691
820.367
1005.121
1022.487
882.889
1046.354
863.565
939.505
977.635
1137.841
1036.416
1230.380
937.268
902.041
1065.510
1044.037
802.867
922.099
1051.577
1159.041
874.878
1074.106
968.651
776.235
854.023
1177.599
920.291
954.636
799.561
934.331
904.456
851.110
924.532
1000.978
770.152
999.339
1163.675
1057.787
1049.577
1078.188
898.132
966.893
904.794
894.129
857.582
799.887
902.884
965.885
739.103
976.913
1012.816
815.895
895.826
849.004
924.917
892.066
756.102
880.772
790.283
797.722
722.978
821.959
904.047
806.052
801.447
828.523
753.612
1013.777
763.420
832.740
947.993
929.690
771.648
687.490
1018.760
679.471
833.465
829.177
827.487
764.419
826.228
843.688
791.610
826.590
845.394
802.592
833.490
809.953
722.621
693.821
841.616
779.820
578.357
956.373
631.301
646.991
826.850
585.064
728.863
713.213
736.726
723.385
671.596
810.808
629.648
762.002
643.675
721.849
703.836
692.528
643.911
708.483
673.954
606.970
739.097
735.528
673.242
628.856
731.187
680.792
641.379
701.428
588.333
655.308
591.782
643.313
636.821
608.202
564.242
601.603
600.866
629.898
618.646
686.127
635.992
634.226
619.114
581.231
708.637
583.791
596.481
700.521
646.440
572.660
611.115
592.601
603.282
603.610
586.731
595.515
543.210
542.236
627.793
671.680
596.169
587.631
576.544
603.639
685.756
592.426
653.098
595.182
579.254
630.495
557.832
560.866
607.343
594.930
549.678
564.198
547.453
526.613
595.752
503.740
548.220
568.595
568.558
585.651
617.806
551.234
588.425
555.489
550.039
590.167
637.428
569.416
530.292
561.191
597.542
570.934
588.872
575.978
607.265
573.024
547.861
547.686
578.488
570.652
556.445
495.600
474.023
508.185
571.753
544.783
511.523
533.406
576.485
523.139
503.051
628.816
540.480
530.871
495.597
564.619
523.588
571.283
525.997
499.214
521.034
525.445
517.758
537.480
533.682
563.991
535.529
560.621
522.277
495.541
507.978
480.539
480.391
539.647
517.968
496.082
482.091
483.507
523.940
500.355
517.924
478.921
535.720
519.955
538.350
540.152
524.053
535.781
527.913
513.363
494.321
553.877
489.591
520.981
523.874
549.891
502.057
500.317
545.661
467.152
481.442
521.665
487.983
472.855
491.364
483.126
481.246
499.316
504.334
510.267
488.958
489.658
490.608
491.980
490.075
502.277
465.092
483.117
505.040
443.575
455.356
482.986
483.767
461.859
447.900
523.211
458.193
497.730
487.999
513.822
511.124
461.509
509.375
518.019
507.623
503.658
503.993
495.000
499.000
461.589
465.550
497.890
511.600
471.960
466.734
457.368
507.476
511.570
462.669
444.158
452.608
450.972
459.991
454.356
470.312
450.410
453.844
467.979
466.085
496.182
454.259
460.926
474.153
454.713
500.788
443.195
468.235
487.249
460.798
458.663
463.230
441.584
437.011
440.939
438.622
465.380
446.944
466.723
444.303
438.975
449.722
447.630
437.717
449.650
446.068
447.876
436.280
445.618
454.902
451.352
449.180
453.433
437.354
439.247
459.846
425.142
450.886
458.923
473.388
454.974
488.223
453.563
439.299
458.875
452.920
440.793
448.393
431.308
442.616
436.678
438.465
450.800
453.957
441.714
482.012
447.804
457.235
448.112
463.982
483.352
451.036
444.371
446.424
438.250
443.844
439.601
467.482
463.276
449.215
471.667
458.492
457.217
451.485
458.443
447.126
438.570
437.951
430.836
438.487
424.595
435.273
450.293
442.922
459.678
432.484
433.412
430.584
428.676
440.424
427.022
444.065
444.814
432.697
433.403
465.768
428.691
440.680
437.819
437.976
427.176
434.262
448.034
429.548
436.441
443.000
440.430
443.511
448.062
429.290
439.205
432.378
434.615
439.543
443.857
456.579
459.844
438.375
439.013
453.296
431.861
438.269
431.915
429.248
436.007
436.478
438.230
433.323
422.025
434.044
427.858
443.730
437.260
431.758
428.000
436.871
427.482
430.312
437.263
420.498
436.956
428.675
427.067
442.362
436.325
428.370
424.542
437.385
425.911
423.784
428.334
445.024
417.561
421.890
443.163

Error results for GA9
---------------------------
1052.206
910.439
1027.840
972.737
1148.991
1088.001
1252.344
976.022
896.967
1140.799
1136.654
1131.528
993.670
1312.648
1046.679
973.861
1248.257
1030.569
1039.015
1129.643
1017.323
916.658
1185.417
875.585
879.968
782.376
1001.132
941.491
950.551
1275.913
900.820
1023.129
890.175
1018.136
857.927
950.275
949.109
1084.531
989.449
921.083
1188.763
1074.654
1058.346
1171.912
900.767
835.713
934.598
1084.868
881.310
868.957
923.031
908.902
872.110
896.726
867.976
1079.669
876.671
863.973
814.624
893.757
1090.313
979.237
822.781
890.605
891.855
927.729
808.223
889.800
740.957
907.123
804.442
794.533
998.387
843.716
743.890
808.948
736.335
821.033
870.464
749.214
775.729
735.845
647.380
826.534
823.433
654.352
876.325
968.030
656.717
684.547
634.404
598.099
860.518
678.576
609.369
646.415
635.334
824.356
589.886
649.914
714.470
950.601
923.708
657.397
624.130
716.297
560.735
689.793
703.284
685.377
840.732
620.015
643.426
653.282
630.758
627.816
680.054
556.544
704.281
540.806
680.147
643.845
730.373
611.541
571.408
598.225
640.217
613.574
901.155
658.381
607.081
727.517
544.287
571.467
529.149
625.103
615.704
598.747
598.329
563.319
556.064
602.646
553.685
528.284
540.731
558.540
549.666
605.231
547.881
605.480
472.447
524.318
555.316
568.175
574.401
542.038
573.772
522.843
572.444
552.086
523.841
476.599
496.455
521.732
438.020
533.873
474.398
477.127
501.427
530.043
449.262
485.585
643.284
499.013
493.408
448.805
499.138
477.957
500.975
437.526
524.325
498.482
486.822
517.679
465.826
467.529
466.753
463.794
444.678
595.639
403.409
413.585
517.031
449.709
427.408
469.991
457.980
447.155
463.784
533.824
432.400
486.265
508.707
437.843
431.176
445.478
452.178
451.640
416.342
447.308
472.224
441.083
439.359
446.544
458.934
461.649
460.652
434.438
421.226
429.326
451.389
442.804
431.779
443.049
462.576
444.015
454.908
630.667
456.895
459.401
430.862
412.030
462.052
443.208
418.345
421.379
448.971
419.735
435.441
402.351
425.352
416.462
432.879
415.265
445.178
427.992
433.245
441.246
442.953
430.037
410.679
414.419
414.381
453.859
423.678
420.579
425.330
420.481
428.395
431.653
463.970
424.162
429.221
438.574
417.589
423.167
427.715
426.833
448.076
411.278
402.945
421.397
418.724
407.974
426.904
442.281
459.113
409.994
429.268
411.024
457.671
413.592
450.326
432.558
410.709
422.475
431.181
432.357
432.287
430.737
445.970
430.831
430.133
427.334
408.391
429.898
420.882
446.072
423.952
417.989
421.162
424.687
429.064
409.952
434.104
428.441
411.359
417.770
414.526
434.189
415.246
412.672
408.177
418.593
422.859
416.450
407.310
434.153
450.232
409.952
425.703
419.337
437.670
422.779
419.413
421.278
427.217
416.061
411.173
421.131
424.950
418.453
409.065
425.195
426.122
416.710
407.389
413.731
423.337
414.140
408.281
421.533
419.457
403.460
400.380
422.608
419.338
413.781
422.018
415.918
412.313
413.814
419.147
408.820
419.307
405.807
405.218
410.739
419.868
419.221
404.879
411.190
414.261
416.352
417.882
407.444
405.518
410.021
424.509
430.640
413.496
416.273
413.742
409.641
401.043
431.622
405.290
430.513
408.349
409.299
425.306
422.910
409.770
423.540
418.585
416.099
428.750
408.936
413.768
419.437
404.270
406.996
416.999
407.935
421.147
412.968
416.985
429.589
413.710
416.853
400.057
416.616
418.729
411.084
414.750
428.614
427.464
396.265
425.379
423.348
423.081
393.078
431.843
422.928
419.000
415.990
430.140
413.318
418.763
418.000
408.977
418.895
417.192
423.836
421.103
418.400
412.332
423.857
419.855
412.098
429.825
414.077
429.109
422.275
425.986
420.738
401.199
421.294
425.396
416.768
420.024
408.511
406.161
424.069
413.783
421.105
417.895
419.795
416.049
433.185
423.201
416.934
433.985
416.439
423.288
448.604
428.603
405.842
404.638
430.683
418.658
410.418
421.008
431.225
423.746
422.272
427.564
403.176
423.085
421.493
420.467
426.459
412.440
410.760
413.338
417.324
405.060
429.221
407.011
422.933
407.386
426.436
402.952
411.926
413.623
417.706
421.901
414.128
410.069
409.292
415.986
414.248
427.489
402.126
383.115
410.092
406.301
415.913
410.661
408.466

Error results for GA10
---------------------------
888.027
1271.479
936.515
1006.123
850.533
1122.436
1052.984
1224.100
904.869
935.069
935.437
1191.863
919.412
1109.390
979.845
1058.391
955.641
900.939
987.061
871.715
935.169
1005.885
1134.908
1068.414
1034.710
958.236
1085.232
1226.419
1115.368
1018.822
1137.027
999.392
1083.904
984.980
845.751
930.288
829.451
811.922
1006.767
974.474
906.527
878.687
807.323
994.703
1045.439
1021.023
992.097
1005.841
858.086
825.598
948.687
1070.795
866.546
1043.226
907.065
937.196
857.011
833.698
822.152
1162.581
846.531
890.562
996.350
937.320
969.806
1042.548
836.497
1041.806
865.112
1097.361
975.077
864.544
911.035
891.294
894.555
680.972
835.863
687.008
819.839
960.323
900.519
933.325
793.770
728.240
761.687
815.932
830.145
797.248
737.049
800.935
814.159
717.872
716.605
748.191
887.515
770.214
733.403
680.686
931.425
762.688
802.660
707.402
695.902
715.752
774.275
876.367
685.701
813.961
744.357
639.943
642.730
699.467
580.877
640.718
562.677
689.075
689.271
592.498
590.909
686.898
641.162
591.149
695.222
628.996
630.537
610.802
650.382
721.788
760.964
636.454
548.180
644.045
715.677
649.610
605.891
680.847
777.681
606.907
628.745
671.544
693.828
608.324
585.239
670.804
534.616
652.430
519.694
569.592
604.476
627.657
571.761
577.943
546.971
528.117
557.036
533.143
582.754
521.295
544.754
549.971
548.223
552.005
456.411
534.631
631.974
568.989
586.880
548.543
548.585
607.503
530.768
642.381
556.295
538.282
520.449
462.849
540.214
522.006
587.334
544.532
604.299
556.155
601.772
513.956
480.052
523.673
495.227
490.464
472.888
505.399
542.113
471.920
487.488
507.730
545.825
527.919
487.582
478.112
478.791
489.069
515.599
482.655
503.188
513.329
470.144
467.176
472.240
517.823
469.439
460.434
451.017
466.476
468.063
475.102
479.177
478.947
453.073
430.476
427.612
438.359
527.014
485.307
483.437
431.037
471.053
469.058
432.942
486.361
458.009
423.276
435.994
480.351
465.704
456.417
452.770
433.375
452.752
428.509
431.598
496.885
470.714
432.154
459.312
444.637
387.088
494.303
438.220
475.704
473.868
482.334
477.414
429.197
439.877
447.640
455.804
395.441
408.397
451.623
452.929
428.573
394.358
492.273
397.210
469.510
475.184
468.292
412.365
404.276
367.948
432.511
391.964
425.992
399.749
383.871
382.257
399.470
417.243
409.976
396.463
392.052
420.054
401.400
405.609
381.054
372.551
402.569
371.609
392.806
427.505
395.934
387.701
376.862
420.316
373.690
411.511
394.292
379.128
383.231
396.667
401.510
399.472
383.347
373.737
440.608
379.190
395.666
374.618
367.124
382.732
391.628
377.930
373.183
399.367
362.314
369.240
368.763
410.758
418.573
394.115
388.072
419.971
381.729
391.998
374.056
380.000
366.038
377.609
370.556
394.864
380.970
374.907
383.337
380.947
381.395
381.974
379.168
375.484
376.451
372.277
377.155
378.570
383.262
374.768
369.173
371.684
375.545
391.390
371.017
389.030
371.786
388.971
382.442
368.154
369.075
362.862
362.185
371.722
383.687
379.637
396.741
377.762
362.629
371.182
367.218
398.636
370.525
382.800
360.716
378.518
353.898
368.777
372.811
365.666
365.578
368.143
365.321
369.966
382.357
367.169
384.178
375.989
366.349
373.969
372.710
365.644
374.722
363.574
371.760
381.240
370.159
368.205
363.694
357.026
361.876
372.553
365.811
349.240
369.096
359.157
371.293
366.626
368.502
382.201
363.915
385.784
382.898
372.388
367.090
372.413
374.048
362.159
369.897
366.903
375.089
378.667
368.115
376.047
372.988
367.699
363.351
368.125
383.047
369.402
366.420
373.999
370.153
381.759
374.884
361.897
367.968
369.321
363.886
372.946
373.125
367.306
363.691
367.287
355.885
365.148
382.545
358.123
367.717
366.108
362.504
364.190
375.072
378.149
368.223
369.474
374.124
361.000
363.735
369.549
366.866
371.745
370.105
368.834
365.192
354.496
365.523
358.361
358.754
363.548
364.075
365.571
369.850
364.061
357.336
356.107
360.411
359.733
363.852
358.319
359.697
375.502
359.941
368.007
360.126
367.267
355.903
366.863
362.852
371.105
364.363
352.606
364.294
359.679
367.336
358.904
361.512
361.991
362.669
362.656
370.743
360.111
360.007
361.673
355.207
365.234
354.921

--------------------------------------------
Results for GA1: 
--------------------------------------------
Correctly classified (TEST) 2916.0 instances.
Incorrectly classified (TEST) 401.0 instances.
Percent correctly classified (TEST): 87.911%

Correctly classified (TRAIN)6826.0 instances.
Incorrectly classified (TRAIN) 912.0 instances.
Percent correctly classified (TRAIN): 88.214%

Training time: 1128.202 seconds
Testing time: 0.293 seconds

--------------------------------------------
Results for GA2: 
--------------------------------------------
Correctly classified (TEST) 2945.0 instances.
Incorrectly classified (TEST) 372.0 instances.
Percent correctly classified (TEST): 88.785%

Correctly classified (TRAIN)6822.0 instances.
Incorrectly classified (TRAIN) 916.0 instances.
Percent correctly classified (TRAIN): 88.162%

Training time: 1085.013 seconds
Testing time: 0.287 seconds

--------------------------------------------
Results for GA3: 
--------------------------------------------
Correctly classified (TEST) 2949.0 instances.
Incorrectly classified (TEST) 368.0 instances.
Percent correctly classified (TEST): 88.906%

Correctly classified (TRAIN)6867.0 instances.
Incorrectly classified (TRAIN) 871.0 instances.
Percent correctly classified (TRAIN): 88.744%

Training time: 1093.674 seconds
Testing time: 0.203 seconds

--------------------------------------------
Results for GA4: 
--------------------------------------------
Correctly classified (TEST) 2974.0 instances.
Incorrectly classified (TEST) 343.0 instances.
Percent correctly classified (TEST): 89.659%

Correctly classified (TRAIN)6948.0 instances.
Incorrectly classified (TRAIN) 790.0 instances.
Percent correctly classified (TRAIN): 89.791%

Training time: 843.805 seconds
Testing time: 0.141 seconds

--------------------------------------------
Results for GA5: 
--------------------------------------------
Correctly classified (TEST) 2921.0 instances.
Incorrectly classified (TEST) 396.0 instances.
Percent correctly classified (TEST): 88.062%

Correctly classified (TRAIN)6780.0 instances.
Incorrectly classified (TRAIN) 958.0 instances.
Percent correctly classified (TRAIN): 87.620%

Training time: 659.516 seconds
Testing time: 0.123 seconds

--------------------------------------------
Results for GA6: 
--------------------------------------------
Correctly classified (TEST) 2984.0 instances.
Incorrectly classified (TEST) 333.0 instances.
Percent correctly classified (TEST): 89.961%

Correctly classified (TRAIN)6961.0 instances.
Incorrectly classified (TRAIN) 777.0 instances.
Percent correctly classified (TRAIN): 89.959%

Training time: 665.732 seconds
Testing time: 0.108 seconds

--------------------------------------------
Results for GA7: 
--------------------------------------------
Correctly classified (TEST) 2863.0 instances.
Incorrectly classified (TEST) 454.0 instances.
Percent correctly classified (TEST): 86.313%

Correctly classified (TRAIN)6708.0 instances.
Incorrectly classified (TRAIN) 1030.0 instances.
Percent correctly classified (TRAIN): 86.689%

Training time: 712.152 seconds
Testing time: 0.135 seconds

--------------------------------------------
Results for GA8: 
--------------------------------------------
Correctly classified (TEST) 2925.0 instances.
Incorrectly classified (TEST) 392.0 instances.
Percent correctly classified (TEST): 88.182%

Correctly classified (TRAIN)6755.0 instances.
Incorrectly classified (TRAIN) 983.0 instances.
Percent correctly classified (TRAIN): 87.296%

Training time: 684.469 seconds
Testing time: 0.109 seconds

--------------------------------------------
Results for GA9: 
--------------------------------------------
Correctly classified (TEST) 2947.0 instances.
Incorrectly classified (TEST) 370.0 instances.
Percent correctly classified (TEST): 88.845%

Correctly classified (TRAIN)6843.0 instances.
Incorrectly classified (TRAIN) 895.0 instances.
Percent correctly classified (TRAIN): 88.434%

Training time: 625.019 seconds
Testing time: 0.088 seconds

--------------------------------------------
Results for GA10: 
--------------------------------------------
Correctly classified (TEST) 2965.0 instances.
Incorrectly classified (TEST) 352.0 instances.
Percent correctly classified (TEST): 89.388%

Correctly classified (TRAIN)6866.0 instances.
Incorrectly classified (TRAIN) 872.0 instances.
Percent correctly classified (TRAIN): 88.731%

Training time: 604.637 seconds
Testing time: 0.104 seconds