Error results for GA1
---------------------------
880.945
890.758
1210.783
1316.173
975.514
923.063
913.073
836.946
998.320
997.712
951.515
1050.334
1041.128
997.665
1128.235
1188.150
1189.642
1106.781
1166.141
893.641
992.438
827.027
1056.196
1027.085
1086.001
957.902
1027.114
941.037
989.512
1016.774
951.462
1027.998
1002.242
1039.659
1025.748
929.643
816.122
998.684
1139.838
1021.380
878.792
981.280
910.191
991.634
948.300
1163.299
1067.839
985.591
1025.597
990.851
1016.273
861.511
894.327
964.911
939.738
1051.140
983.015
986.256
966.595
848.745
1152.342
1078.522
946.182
981.286
910.338
1027.972
878.408
883.354
730.740
843.979
862.557
1000.621
804.117
885.310
1130.878
1052.256
937.748
973.576
905.132
896.638
1083.119
824.967
1072.794
968.819
1023.469
984.249
978.555
976.726
1072.717
1021.313
1073.549
991.268
878.035
877.302
969.788
938.934
832.951
947.097
889.083
933.474
828.085
861.247
934.126
1068.261
770.406
812.140
966.999
975.195
832.156
940.120
857.134
798.325
988.307
760.578
895.045
909.231
873.008
781.012
936.425
794.137
777.591
898.292
815.706
763.033
850.988
847.498
825.145
807.422
773.453
691.375
775.222
767.197
754.062
819.941
892.761
876.616
706.162
962.773
859.197
962.451
858.526
785.966
816.207
867.288
798.065
780.822
795.358
825.486
736.660
782.229
737.968
837.049
710.343
758.592
716.812
748.312
804.714
763.482
679.218
782.011
679.679
719.894
734.927
802.866
690.445
750.277
741.433
777.891
685.702
695.881
663.666
706.362
718.596
673.643
727.327
687.476
708.361
694.986
755.625
667.834
712.638
720.613
686.999
707.981
751.273
672.920
729.230
651.977
723.644
712.112
663.563
726.301
678.400
691.852
670.443
623.395
651.565
699.673
762.479
622.705
667.893
614.543
670.974
723.517
635.839
678.697
649.333
719.527
632.644
678.962
642.070
630.039
632.602
632.868
655.851
624.473
641.490
666.034
677.615
639.153
630.931
662.153
666.121
620.142
621.895
644.286
631.210
641.342
636.601
612.323
640.765
624.262
611.269
638.857
689.055
712.515
640.099
673.392
672.791
676.172
586.969
649.700
613.977
665.181
660.221
594.453
665.972
646.511
656.195
634.134
617.850
628.907
639.401
636.767
658.281
625.723
632.946
634.817
599.943
636.251
665.352
655.205
605.324
626.022
663.009
617.239
665.894
624.930
669.063
612.865
651.643
617.054
645.788
615.152
636.340
626.796
663.048
594.854
666.580
676.408
655.070
623.801
608.112
592.228
609.484
624.683
567.090
659.990
669.185
648.620
608.609
617.436
631.493
635.298
632.854
606.537
634.045
642.903
621.641
644.984
636.130
616.883
625.742
631.944
619.112
607.505
611.140
630.503
597.105
612.132
590.535
629.898
611.392
625.440
582.302
599.460
579.031
638.455
601.615
624.188
603.059
603.062
585.621
586.597
608.128
601.186
626.664
603.122
583.347
602.448
583.736
585.591
583.535
586.357
610.888
577.860
602.504
657.373
583.322
629.514
577.465
591.971
610.007
577.771
617.652
593.847
624.640
589.995
594.597
587.476
580.164
576.659
582.373
583.340
583.407
569.592
582.775
545.250
554.866
604.429
569.195
552.775
566.365
587.522
567.213
591.486
590.548
568.507
593.099
560.776
590.655
592.807
583.885
584.531
576.327
570.777
583.363
563.191
584.413
566.663
574.422
572.728
569.595
575.160
563.519
578.122
590.084
553.486
590.106
580.141
601.986
594.150
571.369
577.400
565.134
610.262
576.798
564.987
588.372
596.608
555.347
576.423
572.704
569.894
563.115
591.126
588.496
579.937
574.092
570.812
566.302
557.775
570.994
570.873
581.029
584.048
581.652
573.972
585.353
570.275
571.777
580.213
580.253
579.849
585.415
594.154
555.844
570.955
612.301
578.782
575.969
600.759
566.045
571.107
568.789
584.522
573.123
587.176
573.426
582.997
577.800
595.551
583.695
572.993
585.086
584.666
577.676
581.881
584.238
577.516
586.200
586.804
578.342
567.380
579.398
572.368
572.264
572.342
581.431
584.890
592.671
572.834
580.787
577.024
583.212
591.450
571.818
570.837
566.881
567.403
577.538
587.074
575.249
576.904
573.742
563.843
570.343
567.457
577.973
568.343
578.026
587.374
579.000
567.025
581.012
585.753
581.426
578.453
571.453
564.642
591.164
567.101
586.243
565.668
580.397
567.090
585.361
580.297
575.464
581.607

Error results for GA2
---------------------------
940.735
890.384
814.170
1133.922
1035.172
1214.043
1078.092
1332.946
1063.687
1105.241
978.896
1092.548
903.182
1040.759
904.486
1049.321
1120.872
991.498
983.415
955.766
931.302
1024.500
1094.925
1043.785
1043.870
998.746
1157.807
893.564
951.250
1179.145
953.855
1106.734
766.572
1005.800
1066.098
913.162
825.983
1037.844
878.921
801.060
826.527
1105.135
821.344
1178.624
875.862
1023.890
1023.362
1051.865
1023.824
923.860
969.380
939.246
861.142
990.664
956.510
917.028
1032.292
763.644
1039.665
982.210
1039.212
1035.581
891.086
917.561
1012.313
1088.458
862.321
879.283
1126.427
1019.731
784.291
974.987
973.834
1001.286
829.245
922.029
828.728
804.255
978.844
946.635
709.964
882.965
857.796
1020.771
874.719
786.250
953.322
823.865
866.922
696.689
718.820
724.544
787.147
780.628
831.894
786.498
750.525
968.107
711.736
771.191
872.497
767.972
893.813
731.608
785.831
836.168
748.867
881.931
735.274
844.207
773.299
774.804
653.695
764.282
741.684
727.230
692.736
681.558
701.310
566.664
722.227
736.420
774.125
749.750
676.516
686.986
726.358
685.445
781.892
884.179
624.125
609.912
685.951
655.994
662.809
703.848
678.246
686.414
590.885
604.768
645.971
615.684
634.073
612.816
547.545
688.140
587.954
587.695
627.320
568.235
617.451
597.322
599.171
596.559
674.041
663.230
644.663
638.528
621.566
593.108
626.221
626.405
455.402
582.218
593.522
576.468
557.661
525.595
768.617
476.586
457.690
583.603
580.284
508.860
456.424
546.330
490.063
467.596
558.931
555.526
510.125
477.879
463.149
506.478
572.042
556.464
514.150
540.241
487.148
523.693
489.011
481.873
501.075
553.495
498.712
534.954
535.026
490.661
522.059
558.334
500.292
508.850
532.060
599.137
525.311
551.418
508.369
514.232
525.633
510.053
490.557
467.519
483.647
482.783
509.858
470.560
460.025
464.724
485.042
527.675
500.187
485.238
482.326
448.992
505.726
468.605
471.479
473.318
470.977
488.263
488.489
526.260
488.652
510.183
487.131
554.449
478.846
471.406
463.845
462.764
497.980
451.655
459.813
471.987
536.623
456.576
471.713
483.763
475.615
480.711
443.044
480.105
469.319
493.767
458.701
490.580
465.191
469.773
414.175
456.452
448.627
457.850
421.952
464.392
445.390
449.541
446.714
439.360
452.602
455.366
426.693
426.693
490.964
444.125
435.970
462.335
441.402
419.434
456.896
456.770
419.593
425.366
471.171
418.620
438.193
433.108
423.350
456.251
412.775
446.133
433.403
446.728
420.390
407.874
424.612
438.665
415.839
414.248
417.987
420.247
473.013
415.914
413.009
471.358
423.221
418.735
400.864
405.023
403.408
442.853
426.865
426.433
409.096
409.969
415.000
420.671
429.476
415.761
401.378
423.495
420.565
410.152
389.822
421.028
420.000
402.841
399.499
436.127
427.068
413.938
405.981
401.318
415.112
416.779
415.771
428.426
405.040
430.772
399.819
413.621
418.172
403.959
405.492
431.316
423.410
418.302
417.799
433.905
409.040
420.784
408.889
395.301
413.175
413.292
418.734
380.009
426.216
427.661
404.293
417.740
407.970
416.503
391.293
412.670
415.058
424.373
418.258
435.113
407.458
417.757
408.885
410.567
409.346
398.743
407.611
412.270
410.445
414.843
418.783
420.449
428.224
415.644
421.870
409.724
416.334
424.795
415.705
419.715
399.122
427.262
414.913
422.448
420.749
421.943
418.183
411.195
425.217
408.633
414.086
412.376
409.039
431.070
399.383
405.120
421.884
423.631
404.719
413.290
409.772
400.967
414.581
407.463
400.852
417.700
402.295
406.217
413.296
413.865
425.258
410.142
413.010
421.186
416.562
415.958
400.677
412.514
413.853
413.457
415.985
417.437
410.650
417.974
421.807
411.445
416.817
419.025
404.513
411.475
401.542
408.999
410.390
413.282
402.890
417.620
414.916
407.304
409.834
407.595
406.446
388.327
423.066
421.476
418.498
416.944
400.678
408.438
422.551
406.091
412.021
410.800
406.405
407.303
403.376
413.085
412.763
409.812
403.859
421.237
422.597
416.668
398.962
404.891
416.715
410.517
416.501
413.205
414.259
412.850
406.398
405.119
407.840
419.647
422.408
402.207
423.237
408.333
399.228
395.308
404.417
407.319
408.022
413.624
424.121
409.441
416.228
417.017
409.556
400.313
403.517
402.593

Error results for GA3
---------------------------
1062.397
950.681
1001.467
1004.453
986.014
991.047
1027.456
1105.296
1100.466
1113.054
897.717
907.158
1052.050
1035.915
909.144
933.237
1002.067
943.128
1039.848
1214.605
873.556
958.149
1035.756
1173.122
858.485
934.805
944.304
1022.201
1041.023
900.183
940.153
945.047
1083.482
1065.892
993.667
908.359
943.991
939.432
982.598
1024.520
795.707
838.486
797.132
952.733
910.610
838.910
797.754
866.494
807.138
927.088
680.275
810.145
909.488
869.586
1167.498
788.877
699.216
919.853
927.327
840.234
946.817
909.046
1092.013
861.948
868.564
970.013
779.830
862.540
771.306
857.538
1078.465
737.398
746.723
806.688
811.906
658.778
798.284
738.412
837.124
864.312
828.674
994.585
755.251
768.204
694.607
615.068
587.419
711.889
710.830
1010.168
725.286
672.861
814.550
703.491
793.484
693.795
611.353
618.614
616.243
600.849
585.160
487.285
787.627
635.943
751.053
630.383
790.570
621.870
586.485
690.953
595.082
594.589
554.571
519.002
530.573
755.021
697.113
565.647
588.827
489.890
459.275
533.703
528.472
473.212
464.191
433.744
392.055
450.027
485.660
493.695
516.688
402.046
469.419
559.355
434.527
404.613
390.347
417.718
423.315
451.985
362.490
551.307
503.429
370.568
416.805
451.904
424.163
546.572
432.065
367.364
402.597
433.919
499.218
483.076
434.826
441.506
446.505
384.971
394.775
390.781
381.544
518.471
407.943
398.987
571.415
415.966
386.124
380.655
381.160
365.932
364.851
382.362
465.369
418.965
374.451
371.898
488.020
369.238
387.761
465.160
379.720
369.940
341.636
365.842
410.034
410.583
341.260
354.966
427.573
366.707
350.692
371.808
391.727
343.977
366.564
409.977
357.315
346.154
364.242
360.969
349.709
351.383
379.219
364.486
370.680
381.805
383.770
351.735
371.964
374.980
350.432
370.155
380.985
342.139
347.932
345.751
375.154
333.027
371.587
414.679
331.301
389.146
343.585
342.098
342.115
359.712
346.307
342.911
397.253
349.298
341.264
341.931
342.327
352.832
335.148
333.273
361.725
329.835
375.653
329.542
365.234
337.912
366.835
364.793
342.510
343.757
309.936
325.243
343.434
317.514
332.598
320.112
330.307
317.085
353.454
354.073
310.656
326.762
303.599
314.593
324.367
315.717
302.915
312.156
329.181
322.853
309.319
338.424
353.800
362.198
324.537
325.512
321.208
323.329
306.414
302.572
307.556
315.015
321.740
312.250
300.749
316.896
323.242
317.751
321.652
310.947
316.138
321.130
318.474
306.913
310.958
307.430
310.029
340.867
323.428
300.525
323.917
328.348
315.895
307.518
305.098
325.620
302.852
352.524
302.046
298.867
320.784
307.169
307.778
304.532
306.280
332.274
305.303
327.188
306.779
314.045
316.759
306.868
316.759
294.904
308.163
311.266
303.550
301.681
308.797
295.093
303.142
340.399
310.411
317.353
334.965
313.064
318.725
315.096
311.348
313.492
315.265
300.472
294.845
298.071
296.683
301.508
292.124
290.597
315.712
292.247
295.395
324.224
303.722
305.331
294.348
298.129
292.251
327.103
313.562
301.982
303.836
320.109
297.279
305.477
290.803
296.203
302.040
305.844
303.183
302.659
307.542
302.702
309.958
307.251
297.988
306.091
297.516
304.137
299.880
300.691
303.337
293.939
296.592
294.835
313.930
306.357
293.104
315.144
314.847
296.321
302.251
300.226
305.658
297.331
298.807
303.494
306.271
298.216
303.043
303.791
308.368
303.197
307.920
303.430
292.363
296.425
298.078
307.471
303.713
300.893
300.232
299.937
302.949
305.961
302.665
304.394
308.022
315.088
301.520
304.304
329.313
304.878
301.981
304.766
302.031
300.041
305.960
302.073
304.606
300.257
301.501
308.090
307.058
309.317
301.672
298.307
310.440
299.003
300.292
297.178
300.959
309.072
296.737
299.707
298.540
297.646
301.290
300.636
298.803
303.726
295.872
303.630
305.053
306.282
300.784
306.770
300.611
290.607
304.463
296.138
305.300
308.557
297.338
297.518
300.346
296.588
317.881
295.839
302.514
302.514
293.427
305.385
306.577
304.134
296.681
301.308
304.766
296.726
305.258
299.384
290.100
298.992
299.324
300.264
314.041
299.114
293.580
291.534
297.113
296.943
302.560
302.104
295.096
296.184
304.970
299.385
297.839
300.861
294.777
304.040
296.484
293.587
298.769
297.463

Error results for GA4
---------------------------
1133.563
1211.568
970.180
915.789
1161.956
1039.488
1092.932
989.681
932.479
889.582
1074.374
887.164
1091.394
1025.060
1188.219
1260.036
880.473
1111.146
1041.782
944.433
928.223
870.957
913.840
954.724
1011.418
1016.038
1046.711
800.200
853.131
1066.768
773.600
945.841
961.572
919.470
919.482
826.843
964.951
906.648
852.427
726.887
1001.192
796.640
1027.125
742.156
938.520
917.713
1035.413
974.336
674.068
871.086
962.320
912.165
910.504
937.983
897.577
748.050
866.768
741.676
851.402
757.182
838.990
794.815
1001.124
836.901
837.417
878.368
927.933
915.648
854.232
752.476
752.846
761.639
929.975
737.789
716.712
886.252
780.004
773.684
727.875
757.295
758.265
849.019
1042.952
721.983
741.214
750.422
792.265
659.110
767.277
571.761
582.519
730.468
634.983
767.164
682.199
608.312
769.515
537.038
710.492
639.238
601.061
511.979
619.848
639.098
615.004
681.213
537.960
639.491
523.150
676.982
519.094
553.237
511.716
631.356
537.408
504.330
593.521
502.452
571.228
488.579
442.147
443.666
546.338
438.557
432.044
621.837
456.840
499.084
571.007
474.269
521.663
550.091
602.641
647.784
430.073
423.001
474.515
472.180
474.856
467.915
486.726
439.294
418.634
510.014
421.393
390.796
556.388
454.141
397.652
441.274
461.492
441.470
446.146
442.930
470.919
424.704
564.737
408.627
417.388
392.817
373.404
422.527
611.338
396.104
430.010
380.703
405.663
404.547
414.603
427.940
343.707
387.318
377.576
429.145
425.490
380.481
392.591
436.853
391.866
407.009
390.201
416.570
426.658
361.903
386.095
393.204
445.287
404.038
403.813
365.078
430.785
420.011
397.037
482.369
374.024
378.537
382.902
363.465
382.042
384.607
379.547
418.866
372.728
349.186
410.809
384.840
364.716
376.077
350.996
377.101
365.830
364.724
379.442
357.545
381.175
354.481
385.839
363.215
348.989
356.872
359.990
352.353
367.228
363.050
375.899
342.141
390.309
354.241
369.485
341.381
351.713
367.429
347.094
352.085
338.477
351.548
338.784
339.974
349.555
347.585
361.066
346.874
344.269
327.468
329.217
347.465
366.576
345.808
327.058
361.431
335.786
361.569
363.040
361.414
420.742
340.606
351.107
347.754
348.132
353.706
349.853
384.106
348.975
351.316
343.516
352.512
336.780
336.209
337.831
335.219
346.665
332.647
341.068
358.746
345.201
337.372
340.621
338.546
341.580
340.944
353.846
333.000
337.865
328.749
333.788
363.591
329.632
362.110
323.855
354.260
328.129
332.595
345.724
340.639
345.192
332.321
340.460
327.220
347.982
326.744
325.667
319.808
325.850
340.232
353.962
345.738
339.223
323.299
336.832
336.772
351.806
348.977
346.675
329.724
323.674
356.929
330.321
356.339
334.664
357.093
347.986
353.171
342.198
333.969
358.813
336.869
349.240
341.634
338.403
340.929
325.790
339.528
341.252
334.575
350.465
343.812
355.604
346.027
341.680
343.152
355.781
354.729
337.044
351.870
337.227
364.979
340.551
329.852
327.187
328.993
347.263
335.309
348.725
348.121
331.880
349.343
344.842
334.995
338.561
351.455
348.844
335.471
343.032
337.086
342.237
340.782
332.857
334.154
333.429
350.594
355.502
344.902
373.789
350.581
337.074
341.418
337.879
325.994
330.480
328.920
328.657
338.450
338.414
342.315
322.371
334.629
327.653
322.214
337.067
326.764
340.332
343.287
324.301
333.026
340.713
332.426
341.881
329.725
335.167
330.390
342.245
339.413
337.473
333.914
336.899
332.924
338.575
336.766
334.796
336.069
329.705
331.512
327.464
326.211
327.602
330.750
343.157
342.217
334.350
334.651
330.321
340.887
335.603
332.591
328.209
335.025
340.417
331.644
356.044
340.257
338.634
328.165
344.587
356.817
335.990
332.052
332.603
341.203
363.796
340.409
348.528
333.910
338.896
335.055
341.460
344.690
346.798
338.114
345.512
345.452
361.186
353.434
340.762
342.586
341.184
350.234
331.224
340.379
331.624
331.631
336.091
358.489
339.722
330.355
337.004
334.444
343.453
326.377
333.326
341.984
332.869
351.099
335.868
358.705
329.958
372.660
338.979
332.556
340.643
353.213
330.395
336.589
344.342
329.078
368.137
337.913
335.072
331.994
328.967
332.040
337.805
335.084
340.348
333.540
339.258
329.447
335.849
332.735
342.300
343.450

Error results for GA5
---------------------------
1140.575
1027.412
926.926
1100.005
1234.203
1077.138
942.492
976.207
1078.853
899.980
1040.735
1189.962
1074.746
1021.438
1023.580
903.158
1016.709
1053.979
1017.888
978.892
925.008
987.763
1036.243
786.324
927.092
930.127
913.275
973.846
978.690
750.691
1126.177
1032.275
982.501
938.739
1038.449
987.861
917.448
883.583
819.936
921.583
703.973
833.722
835.418
982.795
682.386
996.821
805.254
648.270
851.867
824.445
801.744
850.954
1147.170
786.235
839.779
863.129
864.863
712.073
651.113
775.172
817.903
957.166
816.518
758.402
798.285
833.280
638.295
863.671
805.824
618.145
644.758
679.733
635.960
649.579
638.848
713.201
645.165
777.389
770.515
647.232
633.219
653.267
663.387
608.901
613.598
645.188
608.999
632.280
656.134
576.560
613.023
484.876
482.956
603.957
472.638
467.925
680.490
675.232
621.959
566.403
570.160
571.947
495.567
544.819
606.804
534.598
496.675
595.102
428.622
521.900
526.770
444.513
594.356
651.336
616.225
617.305
501.456
701.502
547.364
466.210
509.930
487.853
473.334
552.031
525.736
647.462
469.000
558.825
477.333
453.779
506.286
486.285
447.990
480.508
444.349
474.478
529.009
505.494
441.012
498.120
453.144
457.860
513.183
456.902
504.130
459.660
488.483
447.201
520.800
492.612
452.473
434.000
444.479
441.284
440.333
497.545
429.228
453.000
447.658
440.355
478.490
443.982
418.334
466.930
472.885
456.049
470.837
439.748
422.096
470.365
447.766
462.058
412.899
410.688
384.359
428.033
398.943
389.451
419.659
439.594
430.654
382.956
431.319
438.161
410.728
449.641
428.833
412.019
429.601
403.915
389.274
417.866
373.046
445.268
408.369
413.177
383.593
410.185
409.094
377.684
470.423
384.065
400.995
395.307
365.865
449.766
386.737
387.256
404.925
388.245
404.457
386.351
425.861
384.704
406.359
397.765
372.525
364.004
363.228
395.896
389.154
368.457
400.053
382.618
388.831
388.898
405.467
396.173
395.124
416.399
386.456
367.583
392.690
418.059
402.950
410.627
387.854
379.135
408.113
391.178
447.819
405.691
367.327
388.545
393.817
382.211
368.687
401.574
429.256
376.064
385.967
424.960
387.965
378.813
386.409
380.923
385.545
380.874
390.067
384.442
382.039
395.884
382.705
397.446
387.091
424.119
389.292
384.415
374.567
433.768
387.183
406.535
380.549
428.684
377.795
370.717
406.190
437.391
409.149
372.144
408.047
381.852
370.746
393.065
406.077
362.432
376.996
362.322
361.841
383.270
391.375
391.654
390.811
374.576
395.256
400.681
389.806
406.638
402.283
379.192
367.136
393.863
389.566
384.286
413.826
363.914
398.645
379.466
375.592
385.955
397.583
379.162
396.371
408.243
372.337
373.068
373.992
363.540
377.141
374.471
366.142
373.218
376.027
416.151
357.824
357.713
387.334
376.134
377.575
368.673
363.987
378.540
356.596
373.033
366.882
388.813
395.061
363.990
373.697
351.827
360.095
367.091
369.774
351.042
359.567
351.337
355.472
355.670
352.719
363.776
377.426
370.585
370.268
366.760
365.799
362.875
365.977
367.352
359.088
369.204
370.570
374.337
363.937
369.966
381.264
366.037
355.086
363.227
359.864
355.313
355.221
357.789
368.443
373.710
384.124
367.279
363.261
375.302
369.469
364.242
349.788
358.231
368.869
365.256
362.071
359.621
364.711
362.270
365.158
362.596
372.189
377.131
369.253
363.306
376.409
357.803
363.835
377.618
376.223
361.723
377.923
355.862
370.582
370.421
373.800
359.745
372.203
364.577
337.059
366.526
342.627
385.756
340.105
372.529
376.808
361.962
369.976
357.323
366.663
370.016
373.469
354.509
374.247
377.609
370.315
372.096
376.216
368.609
358.254
359.340
366.247
371.666
368.558
345.284
352.526
362.070
369.617
358.149
362.516
364.264
362.489
372.757
368.375
362.940
356.618
359.293
371.027
362.110
379.597
357.075
377.059
360.815
362.165
362.174
361.712
366.983
355.300
356.609
374.036
357.411
361.879
360.496
361.926
359.104
380.875
348.579
381.870
359.705
377.583
365.946
358.769
378.564
351.515
379.024
364.543
352.738
357.406
351.800
362.992
355.718
371.649
368.757
352.947
351.160
362.362
364.535
355.377
365.440
363.699
373.341
369.319
360.151
362.049
355.140
356.345
372.996
364.624
366.192
370.271
373.431

Error results for GA6
---------------------------
1045.214
994.210
1043.348
1016.458
1009.165
939.659
1116.792
1074.439
926.108
941.471
1184.654
1124.857
921.027
966.168
1008.000
1106.508
1195.719
1044.120
1140.445
1106.382
1016.590
939.219
949.311
832.638
913.779
1020.155
1013.614
1134.361
771.344
887.089
1034.671
932.396
1096.456
929.508
907.094
801.235
1004.023
809.371
771.139
890.651
959.289
977.494
879.944
930.513
832.681
952.173
823.793
855.421
974.070
805.611
799.275
904.737
883.729
789.795
842.816
966.642
889.757
1024.386
805.214
865.824
1062.559
968.403
970.192
873.893
702.936
884.656
660.510
804.850
846.426
976.710
816.841
750.508
832.031
594.552
717.952
844.945
764.439
754.349
783.839
776.483
776.655
862.829
707.449
675.083
735.786
777.693
594.612
656.484
734.622
686.227
719.777
651.123
907.681
748.126
593.850
645.280
645.328
743.416
812.224
684.269
584.114
714.556
590.667
755.417
597.989
606.746
663.092
628.349
583.493
641.469
663.824
717.792
721.418
505.813
511.429
574.782
570.202
570.820
583.377
581.677
597.514
493.891
609.744
534.375
622.151
679.481
522.311
528.669
532.800
485.646
617.217
595.031
501.599
584.708
534.612
517.526
566.330
620.804
534.968
581.531
556.936
521.157
595.342
479.430
522.956
564.228
531.524
554.324
501.859
534.810
530.123
539.479
530.679
475.231
502.112
587.796
548.995
581.375
497.875
591.911
548.898
504.869
508.403
493.290
479.719
479.913
577.823
479.187
495.172
512.910
485.209
514.659
529.894
544.096
436.279
575.916
513.099
437.135
451.449
450.678
452.581
454.694
544.039
451.922
425.519
455.530
504.313
491.578
459.485
477.107
444.544
465.955
490.976
433.334
472.104
518.173
500.858
506.203
422.352
509.806
457.270
470.111
471.562
437.053
466.113
506.869
432.442
498.531
435.958
469.194
512.329
437.294
423.614
449.564
430.865
455.171
413.146
416.157
450.988
483.863
485.441
488.025
427.701
425.412
478.226
452.778
451.768
482.358
462.682
436.528
486.223
415.137
419.799
419.354
422.580
408.732
444.961
436.339
440.097
430.749
460.797
379.713
421.029
405.334
426.136
429.980
411.988
415.548
435.488
405.893
438.239
428.941
436.198
410.782
437.514
401.537
411.235
379.423
387.969
384.604
585.121
420.421
405.752
401.101
407.704
422.054
403.087
414.675
422.859
391.696
373.181
386.779
387.491
388.118
387.282
415.020
399.599
395.062
420.890
382.931
390.062
378.212
394.425
398.759
382.344
394.498
422.649
387.590
392.694
402.993
370.467
378.880
390.368
387.459
381.190
380.821
378.973
384.998
387.444
395.463
369.156
380.578
363.786
375.823
371.649
382.228
389.586
370.587
391.836
377.575
366.895
372.115
379.296
379.331
390.423
373.867
384.012
366.635
391.283
375.268
360.800
376.347
385.635
370.997
375.668
387.729
389.498
385.823
383.317
367.246
389.619
381.573
384.027
368.538
385.726
398.957
384.580
377.300
384.975
390.066
383.086
384.116
372.628
388.278
380.576
390.411
377.868
385.136
380.643
371.916
360.898
388.756
374.679
392.080
380.725
373.659
377.412
394.622
376.075
387.357
378.150
373.980
380.365
380.759
396.554
368.748
374.060
383.214
376.501
370.941
383.877
378.849
389.903
393.793
401.693
364.627
409.724
365.837
393.357
372.773
378.643
373.467
361.264
382.510
397.167
398.316
403.532
376.857
385.026
385.905
372.603
371.370
386.051
370.687
381.816
388.803
394.665
371.890
384.585
372.085
393.817
372.425
386.584
389.503
375.529
380.804
374.610
371.714
391.333
377.981
376.188
382.605
393.300
378.441
378.320
390.244
384.256
397.332
419.809
377.888
386.217
381.094
390.272
383.515
381.759
378.643
362.609
378.302
386.429
391.597
387.090
377.719
413.677
392.755
387.826
378.485
377.337
405.768
376.574
391.808
395.991
394.366
416.076
374.991
371.988
381.897
388.452
401.005
381.564
382.520
381.565
370.730
389.376
371.106
398.643
376.483
380.658
395.403
384.617
380.169
384.080
392.034
393.616
384.747
367.314
377.696
375.409
377.582
366.367
378.309
363.917
375.158
375.290
386.228
370.226
369.342
384.117
375.663
385.590
381.979
394.782
385.426
373.572
376.010
380.322
372.407
367.769
381.553
384.391
370.759
372.358
373.698
365.384
367.547
367.002
377.210
364.254
376.409
368.520
369.794

Error results for GA7
---------------------------
1004.701
1119.446
983.422
957.118
965.375
1046.849
887.593
1039.551
1013.688
1058.019
1321.732
1109.754
1209.013
969.510
956.330
1249.990
994.116
924.894
1282.108
1137.055
990.528
994.836
1088.480
1182.302
1186.436
973.842
1150.369
1052.364
1048.188
937.634
993.418
993.218
804.451
877.408
1093.517
976.477
976.963
996.848
654.220
1204.673
956.325
1095.636
882.130
906.383
988.903
886.516
811.522
1016.108
1400.097
996.368
647.809
999.050
1213.654
1231.756
1003.343
904.875
659.065
787.249
673.308
925.780
994.396
802.814
1197.454
879.146
708.377
685.455
621.517
721.607
702.409
728.829
859.551
869.824
761.220
820.997
1052.444
866.213
824.181
728.037
694.745
931.912
846.292
760.172
929.842
1036.855
925.944
941.203
770.172
712.155
724.792
526.698
894.399
984.131
634.569
617.569
683.386
656.381
659.742
662.674
781.551
532.856
548.188
582.967
554.121
560.932
634.186
562.793
555.097
564.961
564.956
564.706
560.195
620.378
606.019
583.779
566.923
584.706
551.018
803.291
571.548
548.459
549.528
544.429
583.092
536.879
527.551
511.612
544.938
515.192
544.525
537.232
510.114
559.759
514.087
587.928
501.074
537.634
596.092
550.186
450.056
564.953
475.211
533.612
571.887
475.167
509.463
466.527
495.972
481.201
505.719
505.530
460.643
534.369
494.759
442.452
481.103
520.137
456.865
527.549
507.508
494.751
499.662
457.070
463.462
486.811
507.122
508.371
502.310
490.580
504.639
517.665
421.930
478.856
473.601
483.016
512.257
456.663
452.733
510.244
458.485
496.682
455.861
463.788
488.519
471.879
465.635
454.494
461.485
438.540
467.123
490.646
473.847
477.909
419.016
475.395
479.832
435.275
470.242
449.860
431.493
492.792
435.490
463.474
447.708
442.277
445.017
479.264
455.382
426.848
417.164
450.048
450.483
439.801
454.426
436.900
474.975
442.377
410.648
414.311
431.652
416.964
444.385
407.641
442.632
384.849
417.252
390.913
435.344
389.968
412.619
440.393
418.364
445.235
459.405
458.604
410.887
410.114
424.408
430.203
455.720
403.460
389.363
417.393
399.432
393.571
402.820
405.099
419.535
402.285
416.891
406.945
447.934
397.778
402.422
375.665
393.800
420.695
453.998
389.592
387.781
402.703
377.197
391.447
442.008
386.647
397.864
405.940
423.932
399.856
401.991
390.051
406.850
376.967
394.470
396.669
389.983
414.739
408.765
373.631
407.556
394.057
412.784
397.484
399.133
388.566
392.982
409.149
422.722
379.279
393.019
361.709
412.129
421.347
395.843
380.830
395.033
406.733
386.908
365.532
402.676
387.948
361.640
406.912
421.936
381.438
376.855
425.785
388.314
373.288
385.536
388.251
390.461
397.509
378.804
372.736
373.495
378.993
380.219
387.187
382.366
362.198
398.058
396.654
386.606
385.470
403.440
378.266
386.129
368.582
384.924
379.131
399.648
381.592
377.507
383.248
384.859
376.231
389.642
372.174
365.971
393.003
383.636
394.923
391.166
399.595
366.633
383.900
364.807
355.207
382.774
380.030
382.690
363.337
359.945
384.995
365.346
371.953
365.808
386.199
376.956
361.880
386.460
364.596
366.313
365.537
377.771
360.948
392.039
390.439
368.682
370.699
365.421
361.323
369.613
403.675
352.717
377.380
385.419
364.265
392.582
379.509
371.645
366.216
369.854
393.914
370.531
371.543
366.792
354.066
358.654
372.521
355.805
365.111
373.206
370.341
365.547
361.045
367.424
368.345
354.959
393.048
374.734
377.363
378.072
350.325
374.689
393.503
359.792
372.692
358.864
377.911
353.149
357.977
384.628
365.087
361.506
383.368
348.779
362.087
371.320
371.461
366.168
371.455
363.248
361.643
353.886
361.138
361.737
384.223
358.158
367.760
360.641
358.535
354.274
351.536
357.861
359.010
371.223
369.334
356.770
369.133
355.509
359.561
354.483
371.449
382.981
362.216
359.734
375.130
355.047
356.178
358.177
355.550
370.332
373.527
346.402
359.748
362.052
357.441
361.938
361.955
356.327
364.719
357.898
353.580
351.316
359.585
366.923
359.994
373.409
361.573
385.900
371.033
349.382
356.887
371.240
357.711
360.291
350.791
355.954
362.821
354.613
352.532
353.952
350.310
353.583
359.971
363.674
370.194
357.592
366.092
367.962
360.353
363.591
360.077
357.235
360.464
361.305
354.563
363.031
373.706

Error results for GA8
---------------------------
1000.403
908.311
1143.685
1143.946
913.275
1067.131
920.168
1148.888
1188.266
1029.893
970.940
869.388
1157.441
1027.049
1154.055
1065.228
910.133
970.481
909.708
1002.005
970.686
1260.640
1030.636
905.888
1044.825
936.860
947.110
1002.713
874.698
939.494
1059.062
880.160
1164.290
1020.780
1105.768
1329.338
953.663
803.158
1061.559
1002.630
903.762
970.941
801.041
872.977
909.748
1068.178
944.367
769.815
746.698
1147.586
961.616
726.139
902.028
910.592
865.800
1076.270
878.955
854.225
945.509
1041.817
787.181
935.798
1121.930
984.264
661.391
860.179
866.851
805.931
709.338
824.391
797.373
667.988
746.443
766.928
938.786
646.438
762.528
920.043
801.924
622.800
666.897
690.910
648.625
697.631
642.789
669.955
764.632
701.748
867.402
752.803
889.355
721.054
696.909
701.045
598.481
597.922
657.288
683.325
759.563
684.056
777.369
599.187
650.497
637.162
713.322
652.829
638.977
704.679
661.650
680.447
595.920
694.713
733.183
856.269
638.082
556.378
596.414
711.242
591.902
560.110
582.777
628.279
678.678
593.322
625.893
521.763
523.107
687.614
558.668
597.246
636.146
651.032
665.918
546.465
548.466
592.049
555.699
444.146
535.340
477.300
554.112
484.229
500.938
440.055
461.673
615.002
483.247
476.850
517.412
461.126
517.501
467.632
454.434
499.600
487.400
456.863
523.418
473.470
454.197
489.993
500.139
502.997
478.870
492.329
534.548
490.853
449.983
480.824
460.613
508.256
450.333
482.095
524.389
462.560
485.688
413.995
436.546
442.497
427.019
493.594
476.198
447.577
434.151
490.518
459.318
447.488
466.357
447.370
487.104
460.362
459.907
452.733
496.266
467.730
461.277
445.769
457.631
434.863
462.669
457.929
418.551
483.342
420.781
467.573
445.693
427.729
429.809
448.736
431.715
464.164
456.477
429.101
454.637
466.857
478.321
451.353
428.639
421.021
446.162
524.444
445.120
440.681
442.698
442.982
400.282
460.199
451.882
442.142
402.775
434.942
400.907
471.412
401.489
439.919
425.495
452.739
417.034
410.135
429.222
405.840
416.965
418.761
421.600
403.247
429.561
424.853
425.351
415.345
395.182
435.250
413.168
396.528
412.808
393.862
424.700
396.308
398.385
414.742
384.832
388.198
421.401
397.453
368.883
429.175
376.896
416.925
386.524
409.985
391.607
402.220
416.391
394.329
410.137
443.613
400.838
415.265
392.875
402.028
381.771
476.475
442.516
441.537
377.485
419.682
429.158
417.570
383.483
370.510
389.489
394.387
403.295
400.777
413.114
377.180
428.076
373.629
456.614
406.922
375.189
368.354
363.080
375.534
398.004
380.003
388.288
390.951
355.759
392.060
375.421
389.473
373.138
365.956
397.128
397.725
367.432
361.988
362.779
396.696
385.267
380.514
370.290
388.834
369.177
376.987
384.042
383.192
360.626
371.375
381.504
361.640
380.510
371.573
375.772
368.682
365.938
392.217
396.517
359.847
366.628
367.261
359.704
374.664
340.264
371.879
363.508
378.605
368.121
371.919
365.671
357.839
370.907
360.426
357.198
354.792
363.286
378.057
378.826
372.659
410.571
371.525
365.150
401.974
377.604
368.002
369.226
370.450
370.197
364.237
382.688
366.977
364.343
358.595
378.162
374.558
371.544
374.838
375.597
365.972
364.736
362.521
367.252
361.573
366.479
362.541
367.191
370.918
370.737
370.035
363.468
372.627
409.947
360.365
373.821
343.180
379.907
385.000
364.761
374.417
379.117
364.512
361.939
356.855
338.325
362.176
364.009
369.398
371.990
369.498
362.669
367.631
375.003
366.755
366.647
354.239
371.860
381.739
366.647
369.626
376.227
372.491
343.755
371.310
355.541
369.609
342.283
388.892
356.738
383.466
368.452
375.588
347.243
351.751
379.638
354.772
383.493
363.689
389.947
382.107
357.702
387.391
372.324
337.168
358.521
341.037
396.836
369.902
356.635
349.421
352.690
353.477
347.683
341.335
339.459
369.206
363.810
343.485
365.281
351.137
342.093
357.860
355.509
338.654
344.186
346.672
340.385
366.093
362.894
354.862
356.841
364.758
341.448
338.605
358.254
347.375
370.239
346.010
358.900
348.305
340.880
344.253
355.536
371.843
343.742
344.172
342.336
345.537
360.292
348.148
335.959
378.100
346.797
351.878
365.527
354.375
358.329
343.770
349.893
335.131
340.749
347.752

Error results for GA9
---------------------------
1187.113
1062.024
1037.795
1040.228
789.683
1150.422
1328.171
985.037
974.551
1078.773
1092.929
1106.347
1033.611
1326.325
1226.757
1306.116
1298.846
997.497
1146.572
1183.892
975.117
994.274
936.486
1028.007
990.603
911.727
1011.212
896.132
1047.039
1271.380
1108.191
1069.475
976.385
885.418
1347.280
1114.852
824.472
951.901
995.661
868.801
1038.048
938.275
849.922
719.827
868.462
966.548
881.331
840.190
896.165
778.437
837.383
1066.203
916.674
1003.134
1124.050
987.092
995.747
1004.047
838.752
994.629
805.848
1060.865
877.727
877.941
837.563
896.390
892.914
917.650
951.964
799.255
875.452
820.280
723.357
783.817
843.776
734.250
745.524
745.300
720.594
651.236
919.863
805.841
755.154
841.677
862.521
696.289
695.614
913.939
899.687
727.337
680.154
815.369
819.843
772.237
674.743
740.859
688.500
780.781
630.148
669.616
741.451
741.359
718.898
989.769
770.863
747.559
893.544
655.771
834.325
537.651
681.834
742.873
713.210
687.434
726.598
713.612
777.242
618.427
658.462
667.543
572.219
614.079
565.075
540.128
657.191
561.238
557.055
734.763
631.055
631.926
634.880
651.165
666.467
613.873
596.610
550.382
663.532
565.066
604.345
593.011
533.027
529.376
521.825
547.679
444.763
509.336
456.112
482.305
723.871
481.751
533.137
696.681
705.410
615.213
447.800
528.021
528.569
492.935
520.811
535.777
611.779
619.067
594.479
516.308
526.850
485.998
446.006
517.399
537.897
514.931
595.052
496.141
543.659
479.775
472.274
492.912
503.716
502.026
503.864
446.934
525.619
474.624
525.290
472.449
500.096
482.933
516.409
531.731
531.535
452.147
523.201
421.634
517.589
448.671
472.230
447.272
424.038
515.702
515.265
532.835
449.991
425.862
438.213
422.686
472.461
404.322
482.120
431.498
492.932
424.345
512.797
440.029
456.815
426.961
442.981
482.719
425.040
449.933
382.679
433.199
439.456
443.521
450.503
377.417
404.871
395.919
422.992
390.549
451.364
383.477
428.824
438.773
390.452
463.621
412.826
409.836
381.977
425.911
377.964
381.567
390.755
411.276
389.029
383.740
404.860
391.129
354.850
380.846
373.421
391.188
337.589
433.655
407.608
402.032
372.313
363.628
354.552
354.537
376.558
367.005
385.623
376.823
409.820
358.437
374.056
369.096
375.537
399.629
365.241
372.020
382.765
354.648
372.297
351.688
368.317
365.591
368.723
366.431
379.572
363.715
355.884
365.994
394.438
352.622
365.545
371.592
385.677
374.511
366.156
386.533
354.083
358.850
383.818
359.290
330.285
357.146
366.463
355.477
380.568
442.501
345.448
325.220
354.891
376.331
346.439
310.575
363.380
385.938
344.010
340.760
350.450
343.015
355.209
357.386
338.454
372.513
366.295
353.699
391.795
396.929
335.498
354.178
349.311
330.361
323.584
360.501
354.533
355.026
329.621
329.445
331.948
330.760
317.391
336.628
365.680
345.629
356.575
337.826
347.798
360.153
346.754
334.599
335.252
352.888
343.524
330.437
332.235
357.550
335.336
339.298
308.852
370.791
349.686
341.987
334.888
337.062
341.836
321.547
350.174
359.203
348.631
358.946
336.586
333.072
322.111
329.545
310.421
313.288
314.989
334.831
357.545
348.394
342.327
347.342
309.553
335.301
334.202
329.824
346.145
347.339
315.159
318.533
322.721
321.937
322.937
343.335
349.863
337.382
309.218
329.813
319.899
303.507
319.306
318.914
320.968
310.328
318.738
306.797
318.541
340.325
315.025
325.774
308.301
305.346
321.500
314.647
326.016
301.066
306.988
302.742
309.975
330.957
300.141
320.588
312.502
331.641
323.326
320.624
316.718
305.488
305.138
320.899
315.296
311.218
315.618
331.051
314.618
303.555
329.584
335.748
325.641
319.095
310.822
319.899
322.099
323.229
316.473
323.889
311.825
315.932
323.245
316.629
315.958
333.614
316.578
337.869
305.124
312.502
303.138
341.096
308.565
343.065
321.933
330.725
316.372
322.527
305.216
325.253
324.168
315.846
326.943
326.084
306.786
307.259
320.874
323.204
308.708
317.239
330.082
302.799
311.634
320.370
313.275
305.370
313.106
312.178
334.484
323.797
297.736
313.149
311.711
311.011
338.642
317.444
300.180
312.957
317.835
302.697
301.077
306.737
317.603
302.957
301.494
305.947
323.837
309.343
315.504
305.814
300.256
312.778

Error results for GA10
---------------------------
1041.455
963.704
1046.022
1207.604
892.393
948.389
796.142
1063.004
1261.806
1126.814
949.866
1032.138
939.641
1114.071
927.177
1150.454
1231.462
1167.935
1044.529
1002.905
1294.679
1209.966
922.022
939.133
872.116
883.074
893.039
1005.867
958.474
895.060
1076.632
1038.068
1167.695
1100.375
837.905
827.468
876.446
1173.879
1201.399
1121.233
1048.099
929.392
963.332
1046.067
1079.992
861.019
897.239
960.519
1060.623
994.541
992.202
1042.173
983.064
993.078
1145.304
1175.466
972.375
899.756
976.459
863.001
930.860
819.271
1148.687
818.474
935.459
1014.578
906.110
766.835
840.067
880.599
893.533
801.028
821.199
892.512
937.752
894.327
739.894
928.140
800.096
1020.497
837.415
946.585
803.585
715.106
1022.181
796.560
806.267
848.609
761.674
696.902
791.817
704.147
961.551
813.427
784.888
938.379
784.329
698.271
703.621
884.208
694.675
856.632
873.532
741.468
747.816
820.270
857.121
787.824
706.449
690.807
629.412
761.886
717.262
802.024
801.314
819.322
810.446
667.597
715.752
676.844
688.484
767.363
801.195
677.719
678.905
761.980
719.194
754.619
676.979
684.074
742.790
605.784
652.239
505.086
626.327
725.503
611.938
557.205
629.161
607.502
646.745
655.789
642.553
546.976
546.113
543.560
590.880
651.890
581.456
575.968
518.175
511.877
607.479
486.437
582.115
627.236
562.646
484.411
602.960
548.368
526.071
565.667
497.435
492.000
507.660
574.620
482.200
588.169
450.912
568.313
501.700
524.248
498.255
564.366
534.296
546.445
481.908
542.595
530.428
577.701
506.755
594.206
483.621
600.154
535.248
529.786
570.125
522.947
470.987
497.263
505.892
508.610
485.722
458.535
463.255
467.549
475.498
476.521
514.456
367.657
447.092
495.892
549.716
487.374
508.845
456.245
447.896
408.403
450.322
449.822
505.096
449.209
506.650
437.736
425.200
443.533
506.206
457.224
442.618
426.834
459.981
412.706
401.179
394.108
412.679
532.872
401.870
401.335
441.329
398.478
397.299
403.919
408.668
404.717
386.635
403.073
387.494
399.441
398.283
372.716
397.836
443.489
379.841
377.224
371.731
367.960
389.647
391.071
382.419
438.509
383.745
369.060
388.099
417.544
368.709
387.559
386.847
361.291
388.535
402.503
393.944
384.406
386.955
372.408
371.240
390.188
376.941
378.442
391.584
371.244
368.480
374.851
370.709
397.006
367.533
374.648
408.360
378.968
365.801
391.323
388.101
369.839
371.084
383.184
381.389
362.359
380.538
368.045
407.819
366.328
381.635
369.089
356.404
355.120
368.090
360.877
353.160
369.180
362.794
351.168
361.568
384.814
355.850
379.826
361.177
351.202
369.997
362.112
340.489
351.761
351.727
363.855
367.354
354.759
365.453
342.719
355.546
345.613
351.300
351.084
360.388
394.180
355.574
362.190
352.889
359.188
360.657
350.641
357.198
362.548
369.299
364.097
343.916
370.688
341.632
353.168
356.249
430.648
353.673
350.914
360.817
353.772
360.878
358.211
365.517
381.046
370.779
354.398
364.549
362.437
342.753
381.796
357.633
340.709
365.896
366.238
356.834
341.879
337.168
344.387
351.932
345.337
369.320
346.133
354.931
355.010
347.937
347.759
339.728
349.054
348.191
335.149
350.204
349.610
349.898
341.656
354.199
343.234
364.335
345.134
353.493
340.970
345.195
335.092
344.540
350.516
342.601
386.826
344.309
363.675
338.131
345.134
343.691
346.860
346.566
344.698
344.854
348.027
346.099
348.797
344.107
371.259
369.033
342.121
363.801
343.529
350.239
348.153
355.367
343.932
337.724
353.854
348.331
348.095
350.013
346.329
354.402
343.193
340.932
356.182
358.749
344.934
344.524
342.974
346.213
351.022
344.877
341.774
347.552
346.965
342.347
348.945
347.993
342.778
341.137
338.107
366.730
351.311
346.822
340.105
332.049
339.973
343.620
353.382
350.052
345.329
333.563
340.627
337.534
339.029
338.409
343.689
338.339
339.958
344.088
362.225
330.399
343.663
344.118
349.044
337.169
330.109
340.065
344.626
342.720
340.605
347.802
348.700
346.615
329.298
348.118
340.548
344.600
342.930
358.401
341.613
339.413
347.971
343.778
333.954
339.295
335.915
338.279
329.220
354.949
346.431
333.551
326.616
332.983
325.239
342.737
329.868
337.649
348.230
342.406
322.366
358.504
337.043
332.635
334.876

--------------------------------------------
Results for GA1: 
--------------------------------------------
Correctly classified (TEST) 2792.0 instances.
Incorrectly classified (TEST) 525.0 instances.
Percent correctly classified (TEST): 84.172%

Correctly classified (TRAIN)6415.0 instances.
Incorrectly classified (TRAIN) 1323.0 instances.
Percent correctly classified (TRAIN): 82.903%

Training time: 518.387 seconds
Testing time: 0.200 seconds

--------------------------------------------
Results for GA2: 
--------------------------------------------
Correctly classified (TEST) 2930.0 instances.
Incorrectly classified (TEST) 387.0 instances.
Percent correctly classified (TEST): 88.333%

Correctly classified (TRAIN)6833.0 instances.
Incorrectly classified (TRAIN) 905.0 instances.
Percent correctly classified (TRAIN): 88.304%

Training time: 527.497 seconds
Testing time: 0.094 seconds

--------------------------------------------
Results for GA3: 
--------------------------------------------
Correctly classified (TEST) 3011.0 instances.
Incorrectly classified (TEST) 306.0 instances.
Percent correctly classified (TEST): 90.775%

Correctly classified (TRAIN)7017.0 instances.
Incorrectly classified (TRAIN) 721.0 instances.
Percent correctly classified (TRAIN): 90.682%

Training time: 521.879 seconds
Testing time: 0.108 seconds

--------------------------------------------
Results for GA4: 
--------------------------------------------
Correctly classified (TEST) 2962.0 instances.
Incorrectly classified (TEST) 355.0 instances.
Percent correctly classified (TEST): 89.298%

Correctly classified (TRAIN)6931.0 instances.
Incorrectly classified (TRAIN) 807.0 instances.
Percent correctly classified (TRAIN): 89.571%

Training time: 542.221 seconds
Testing time: 0.302 seconds

--------------------------------------------
Results for GA5: 
--------------------------------------------
Correctly classified (TEST) 2990.0 instances.
Incorrectly classified (TEST) 327.0 instances.
Percent correctly classified (TEST): 90.142%

Correctly classified (TRAIN)6937.0 instances.
Incorrectly classified (TRAIN) 801.0 instances.
Percent correctly classified (TRAIN): 89.648%

Training time: 598.268 seconds
Testing time: 0.119 seconds

--------------------------------------------
Results for GA6: 
--------------------------------------------
Correctly classified (TEST) 2929.0 instances.
Incorrectly classified (TEST) 388.0 instances.
Percent correctly classified (TEST): 88.303%

Correctly classified (TRAIN)6923.0 instances.
Incorrectly classified (TRAIN) 815.0 instances.
Percent correctly classified (TRAIN): 89.468%

Training time: 558.395 seconds
Testing time: 0.110 seconds

--------------------------------------------
Results for GA7: 
--------------------------------------------
Correctly classified (TEST) 2934.0 instances.
Incorrectly classified (TEST) 383.0 instances.
Percent correctly classified (TEST): 88.453%

Correctly classified (TRAIN)6859.0 instances.
Incorrectly classified (TRAIN) 879.0 instances.
Percent correctly classified (TRAIN): 88.640%

Training time: 576.688 seconds
Testing time: 0.130 seconds

--------------------------------------------
Results for GA8: 
--------------------------------------------
Correctly classified (TEST) 2988.0 instances.
Incorrectly classified (TEST) 329.0 instances.
Percent correctly classified (TEST): 90.081%

Correctly classified (TRAIN)7018.0 instances.
Incorrectly classified (TRAIN) 720.0 instances.
Percent correctly classified (TRAIN): 90.695%

Training time: 560.260 seconds
Testing time: 0.127 seconds

--------------------------------------------
Results for GA9: 
--------------------------------------------
Correctly classified (TEST) 2999.0 instances.
Incorrectly classified (TEST) 318.0 instances.
Percent correctly classified (TEST): 90.413%

Correctly classified (TRAIN)6969.0 instances.
Incorrectly classified (TRAIN) 769.0 instances.
Percent correctly classified (TRAIN): 90.062%

Training time: 528.481 seconds
Testing time: 0.132 seconds

--------------------------------------------
Results for GA10: 
--------------------------------------------
Correctly classified (TEST) 2976.0 instances.
Incorrectly classified (TEST) 341.0 instances.
Percent correctly classified (TEST): 89.720%

Correctly classified (TRAIN)6980.0 instances.
Incorrectly classified (TRAIN) 758.0 instances.
Percent correctly classified (TRAIN): 90.204%

Training time: 597.774 seconds
Testing time: 0.259 seconds