GA. Pop: 100, Mate: 50, Mutate: 30

Error results for GA1
---------------------------
1160.728
1322.556
1171.861
980.355
806.648
804.054
1083.381
1052.167
1021.933
901.344
881.399
1097.040
978.978
1260.496
1375.807
1079.560
1019.049
944.715
940.909
1031.938
1019.326
990.258
1064.929
1154.189
997.082
977.766
1208.151
948.450
997.859
927.496
956.811
991.713
936.436
983.941
951.326
862.570
839.574
884.619
986.543
917.189
887.238
1051.940
935.446
936.286
979.037
1083.440
910.536
777.005
1097.831
970.238
1019.598
863.505
933.384
844.455
1054.549
867.503
881.550
811.867
740.651
894.726
780.631
779.493
630.250
895.113
845.833
876.405
783.693
713.803
660.070
972.172
826.366
920.402
771.570
856.077
719.781
800.730
689.849
849.730
579.579
626.752
594.471
698.887
751.596
550.933
579.798
665.580
712.161
682.243
525.698
550.495
611.151
712.678
550.305
471.441
687.751
507.513
558.987
606.758
565.252
506.674
599.715
545.532
559.414
621.447
545.998
507.164
433.253
706.066
521.519
585.435
586.922
502.268
490.764
494.135
484.244
544.341
543.216
572.635
456.630
590.096
394.669
435.235
460.883
499.806
370.836
362.510
442.528
430.667
438.322
355.111
395.753
445.613
409.028
402.860
359.491
393.979
381.438
344.350
401.060
437.495
412.725
374.596
389.480
422.776
434.521
437.140
389.597
409.835
362.529
440.096
410.522
358.324
368.016
474.395
343.612
405.655
357.189
350.087
420.816
398.727
372.608
380.540
458.392
369.172
367.052
357.829
384.857
340.587
419.067
412.354
358.112
459.648
355.787
333.206
358.106
352.757
330.418
364.748
447.126
363.634
355.054
371.458
356.957
329.163
373.214
337.737
338.219
351.411
337.987
351.102
331.749
350.968
337.526
308.447
339.774
328.579
335.167
368.915
375.089
360.918
336.584
400.929
322.140
345.980
381.064
352.072
335.044
341.852
330.139
339.093
319.231
331.672
351.777
358.904
334.457
330.947
329.179
372.141
348.647
327.646
319.792
325.470
333.175
354.136
316.446
326.005
368.165
335.087
326.304
319.986
311.583
315.617
338.192
318.154
314.744
303.811
315.418
333.229
329.517
341.346
323.788
347.011
337.753
328.137
326.971
320.889
334.030
318.531
316.984
372.970
394.248
335.578
325.244
338.499
325.283
319.711
315.651
319.834
333.890
331.164
311.564
320.153
330.186
330.635
321.448
346.664
333.788
321.022
305.143
329.220
313.340
330.174
326.620
350.611
334.490
309.808
298.839
309.152
325.016
308.280
295.436
321.898
332.645
324.988
316.678
320.272
319.087
291.996
315.242
338.726
314.671
309.872
320.421
310.719
326.036
320.923
327.787
310.028
331.885
312.062
324.700
320.091
305.937
317.706
319.549
304.610
308.052
308.954
310.880
309.874
316.515
319.504
303.735
323.237
327.142
294.702
303.967
324.547
317.524
308.572
312.164
306.519
328.070
317.665
312.577
324.056
317.006
331.175
322.193
310.777
320.004
314.858
337.102
312.895
314.754
318.136
311.086
311.717
331.636
309.540
307.537
309.280
337.162
322.646
311.813
319.694
305.342
323.210
312.808
295.473
305.760
310.789
303.735
329.496
299.295
304.203
309.457
297.053
298.037
305.821
296.328
313.757
308.732
357.951
320.374
311.790
312.245
315.906
299.769
305.535
304.301
306.626
308.232
305.180
299.309
309.725
318.901
308.648
296.229
323.861
311.758
306.467
326.330
313.873
284.039
309.378
300.484
305.718
306.084
306.105
321.626
310.150
304.397
307.309
307.139
303.446
302.684
293.849
295.405
306.603
316.132
306.521
299.267
302.284
322.220
313.380
305.075
311.820
304.340
310.173
305.523
313.059
303.132
304.381
306.772
303.737
306.253
308.996
303.612
296.654
313.406
320.394
309.325
310.166
315.719
298.870
294.392
297.296
311.597
299.809
318.347
327.689
296.310
310.451
314.013
325.943
318.533
314.067
331.129
312.631
303.310
302.394
303.244
306.232
314.960
315.591
296.893
305.077
307.144
313.667
308.685
314.851
325.525
319.593
308.304
315.205
316.457
311.808
319.267
306.646
316.637
356.130
296.257
305.971
296.532
317.216
309.338
301.875
304.191
316.004
301.910
295.211
306.813
298.432
308.350
299.785
315.425
312.409
313.620
309.510
307.906
305.742
297.610
313.847
314.771
297.485
312.518
308.241
302.190
310.257
301.975
298.328
301.580
297.389
307.889
307.646
299.660
306.992
306.731
298.526

Error results for GA2
---------------------------
1115.629
1201.476
1003.282
1016.599
867.204
950.772
1067.025
1036.474
1038.376
987.509
1075.784
1103.647
1022.469
1345.041
1252.866
1081.279
1000.453
857.069
897.756
1382.402
1313.547
847.683
1324.847
972.792
966.707
1172.252
848.500
1104.978
967.106
1082.588
1071.402
1065.022
1015.554
855.667
932.360
978.954
910.108
888.822
944.463
966.542
1007.182
1004.769
946.217
960.024
904.064
1045.080
888.911
982.109
983.442
1000.116
947.850
1058.734
983.546
862.022
989.996
797.299
895.435
882.495
890.658
758.003
1001.165
971.788
897.959
702.783
907.765
952.556
769.221
902.869
831.778
981.519
985.281
959.707
1087.790
910.489
1055.487
1018.782
803.928
983.998
934.470
826.803
823.602
1021.307
1025.230
851.129
1006.223
906.743
975.721
850.041
811.258
826.565
724.790
806.058
794.322
893.128
907.197
818.619
665.132
854.931
816.790
909.679
815.274
803.946
745.842
723.992
847.378
722.498
894.406
891.303
733.308
827.959
766.594
882.703
881.913
717.604
903.512
711.886
599.229
807.980
733.292
807.308
660.210
564.697
673.423
675.321
589.434
628.891
679.862
667.161
581.077
816.004
667.249
653.200
694.658
605.157
566.834
733.712
692.001
554.424
623.839
658.587
713.912
688.703
548.687
671.195
659.570
661.332
560.248
647.907
498.597
572.979
555.072
553.877
606.749
620.193
563.415
533.184
463.779
575.473
452.644
450.941
453.350
572.121
530.886
453.048
591.370
598.566
468.146
486.550
504.967
463.653
435.189
536.824
435.523
458.780
484.707
443.387
479.132
423.722
473.253
444.026
470.193
529.030
476.924
430.853
429.844
417.844
450.892
423.058
461.640
435.935
413.655
479.999
395.523
467.810
467.669
462.422
482.354
454.919
466.136
458.609
427.231
472.662
402.708
389.013
462.451
473.548
458.805
427.332
468.515
412.631
427.982
417.140
464.880
443.176
373.935
455.406
446.716
432.953
414.638
411.693
403.534
455.970
382.317
423.506
440.704
429.053
442.096
404.517
403.892
483.740
415.586
366.821
428.333
366.845
405.980
407.329
416.853
411.675
412.479
425.905
424.738
406.953
431.802
406.696
428.497
401.082
369.906
394.653
448.142
408.361
414.184
409.907
443.428
384.899
430.775
436.280
407.278
408.533
414.179
419.223
444.257
416.013
401.939
411.748
362.117
419.522
400.322
416.541
393.372
381.647
423.104
407.181
383.912
404.761
384.371
373.142
431.769
401.352
380.658
408.304
392.523
395.478
400.011
437.020
419.832
389.248
381.059
384.231
395.711
367.356
382.978
439.826
388.956
386.776
380.626
391.941
389.663
404.958
384.522
402.854
396.727
414.296
403.657
407.842
371.892
396.614
406.487
403.582
382.375
403.681
401.784
360.281
385.578
372.427
413.681
372.160
383.955
386.017
390.934
382.222
360.663
408.061
390.128
430.358
384.179
379.569
354.013
403.725
367.252
362.692
378.150
354.465
347.501
364.336
376.008
341.551
386.975
384.407
384.477
383.137
364.331
373.347
371.967
373.415
391.263
364.743
364.017
342.565
411.180
380.953
368.352
366.488
365.133
383.737
378.676
398.941
383.564
380.407
362.708
442.656
392.883
350.233
369.273
376.989
384.889
378.107
386.362
372.805
376.886
382.664
394.929
376.826
372.939
374.244
367.392
404.704
360.264
333.951
363.484
360.874
354.306
352.267
317.414
381.868
375.631
337.010
355.149
336.236
325.856
359.958
363.294
349.814
338.737
348.639
357.965
340.038
362.561
360.839
373.819
367.565
346.380
336.060
353.010
356.110
360.422
371.197
353.498
361.522
360.256
370.914
369.558
367.494
348.804
352.033
366.499
387.623
361.463
354.626
358.701
366.885
358.704
405.546
372.207
350.391
355.512
333.896
351.493
335.010
326.630
338.394
361.223
344.625
325.807
345.964
350.946
374.410
328.936
345.571
367.491
334.430
365.894
345.783
366.466
337.892
315.349
351.513
326.770
337.908
364.234
339.891
358.441
344.965
351.998
349.900
339.107
379.325
325.689
319.741
330.061
324.600
340.759
352.994
352.463
328.477
350.392
333.983
343.855
347.769
333.874
346.024
349.933
330.051
361.597
342.246
344.779
344.256
356.790
319.883
336.010
351.323
345.486
334.356
358.219
347.627
358.138
348.084
363.470
331.035
349.198
357.854
358.458
352.639
354.063
347.565
339.378
321.595
344.034
329.497
330.005
357.904

Error results for GA3
---------------------------
1154.677
965.901
1057.214
979.995
890.965
1012.544
1119.156
1072.139
1011.349
1194.312
1340.482
1165.916
1048.752
877.424
1021.788
1498.659
999.304
958.369
960.576
959.910
1238.569
992.152
961.233
955.967
1066.500
1459.435
1253.976
718.746
1051.811
925.599
1129.679
885.473
1043.933
976.278
991.618
967.332
958.331
1163.284
876.633
943.889
920.936
903.408
950.964
882.424
1018.570
944.601
1217.790
1209.484
836.829
945.590
996.171
947.154
916.760
882.576
879.581
884.033
898.311
904.800
869.192
787.256
878.948
876.263
835.394
795.136
799.349
882.513
982.176
843.901
968.078
900.217
1168.684
771.323
758.859
828.011
843.046
892.546
853.611
636.536
792.632
670.300
826.829
753.790
874.584
746.805
835.945
709.025
780.882
798.703
691.255
797.243
796.681
639.226
802.281
937.522
614.973
663.864
628.861
668.307
673.639
734.864
668.702
628.530
636.649
696.135
675.940
562.699
575.735
589.245
651.388
704.665
777.200
478.896
608.614
552.941
543.225
534.594
615.338
788.938
605.847
773.680
591.863
605.474
557.054
802.583
617.657
567.651
508.632
603.180
600.865
553.913
660.441
573.919
558.254
526.038
513.521
570.371
552.338
581.301
585.263
495.392
504.976
516.874
469.372
566.032
587.247
613.126
661.244
544.335
580.651
479.988
472.746
481.717
503.897
509.616
549.361
469.827
457.829
505.555
507.686
467.836
462.389
504.924
462.918
557.567
444.696
475.028
472.286
480.804
446.605
503.974
452.212
422.950
477.969
532.682
474.017
375.298
376.993
467.937
470.500
421.373
405.075
414.672
498.078
428.370
433.616
401.152
481.725
401.660
437.825
425.866
464.107
366.782
454.483
359.763
438.658
384.908
342.974
442.547
386.189
471.946
381.847
393.787
427.092
394.691
412.414
394.646
407.799
388.927
424.347
394.431
435.761
419.902
403.923
379.179
395.851
434.543
400.508
401.234
427.059
386.726
359.536
433.902
473.465
430.317
365.846
404.887
363.049
346.925
407.157
362.437
372.912
375.332
365.948
375.156
373.988
334.695
337.928
341.583
338.348
378.098
382.523
373.706
336.807
341.796
349.312
330.467
367.517
396.133
347.709
360.303
317.090
367.697
355.545
346.925
329.100
342.825
380.757
339.077
324.783
324.800
329.893
347.557
361.733
340.270
327.719
320.511
362.571
347.400
375.194
332.861
334.836
370.811
323.197
350.750
356.433
345.856
336.617
343.231
345.718
330.917
351.379
332.530
329.326
336.168
339.836
316.297
335.590
318.556
341.237
317.621
337.493
338.017
343.627
346.720
345.205
346.846
345.718
347.056
335.736
342.720
338.102
324.611
350.833
346.488
363.462
355.898
341.915
334.689
345.470
328.354
339.789
387.431
339.307
322.941
359.110
374.809
350.954
344.235
347.129
361.562
345.830
325.171
347.910
344.891
336.582
317.942
327.246
348.238
363.348
323.889
350.547
362.948
348.918
325.975
344.092
346.523
336.678
360.699
326.955
331.167
356.551
342.138
337.473
328.066
330.622
334.403
334.282
333.184
335.810
334.328
343.031
344.431
341.818
342.154
343.633
315.526
342.801
346.613
323.724
378.465
343.902
325.923
334.857
333.923
382.467
331.273
350.130
329.305
340.560
317.176
332.011
338.831
327.882
347.197
330.900
340.526
344.101
328.202
338.386
330.245
336.256
343.723
345.314
324.916
343.705
330.942
341.280
349.555
333.412
338.657
339.946
322.403
354.856
339.364
365.898
332.474
359.591
353.428
355.945
324.194
333.921
352.097
373.331
320.775
350.329
363.954
347.701
372.126
347.753
349.099
337.242
309.257
358.507
378.504
337.447
329.129
341.996
356.542
354.705
344.033
348.646
348.231
335.510
325.430
339.287
349.415
324.840
336.909
330.949
323.160
348.301
341.014
363.728
340.986
339.918
365.595
349.007
337.616
338.677
351.552
380.498
363.857
351.594
320.812
351.050
319.789
321.228
320.168
352.745
312.831
363.695
330.079
335.001
336.400
335.999
335.341
338.652
344.198
336.053
354.792
350.258
317.862
333.417
324.582
325.547
355.997
333.423
319.822
322.845
342.770
351.394
328.436
328.110
330.266
319.101
316.665
336.935
358.848
362.107
346.878
336.375
334.840
312.507
328.382
343.302
336.843
322.261
315.449
332.080
333.740
329.978
315.504
339.984
344.719
320.089
330.775
342.843
343.869
330.872
331.044

Error results for GA4
---------------------------
928.122
881.416
1310.656
940.024
1016.681
1382.312
917.370
1096.803
871.128
1051.784
1200.976
867.001
957.256
1251.872
1113.521
1117.510
1138.363
744.699
1227.018
1028.608
897.570
740.893
1045.570
1007.684
1193.720
981.093
947.552
923.576
1007.746
864.195
952.154
1077.271
884.346
1074.707
992.997
1023.050
983.266
974.252
960.498
760.322
813.872
887.976
974.825
919.675
835.676
1008.328
1176.727
742.687
931.835
915.377
683.300
901.120
824.253
684.256
774.481
1076.049
1042.956
1084.787
760.617
932.449
746.087
810.436
866.755
838.958
975.897
911.087
950.458
837.219
949.820
950.600
771.536
860.288
1018.772
618.320
608.807
725.665
769.370
867.606
718.668
861.551
857.545
742.091
718.082
658.588
880.247
684.747
635.679
1032.887
827.756
660.187
716.477
660.750
613.709
702.717
697.083
706.289
608.990
565.347
661.949
708.293
604.906
744.833
603.233
585.440
606.026
693.868
704.214
467.006
646.288
565.191
694.341
485.754
602.849
527.244
633.894
544.920
483.680
600.796
498.000
509.849
519.167
492.487
593.270
536.691
609.348
538.299
555.427
520.193
504.898
582.181
545.789
471.599
507.600
471.930
484.465
535.182
557.987
465.575
471.120
445.711
407.247
473.189
446.112
475.515
488.675
494.652
440.990
597.378
485.216
502.068
408.912
449.552
481.342
409.010
497.639
465.446
410.674
479.465
440.599
402.633
446.856
393.509
443.255
401.909
453.990
433.043
445.155
503.440
410.211
457.498
422.641
456.791
424.398
513.707
428.496
426.789
434.433
458.502
479.820
417.798
416.958
407.744
395.897
406.348
434.477
389.563
400.831
425.803
390.944
393.891
416.358
441.355
441.731
391.758
423.901
398.260
453.501
400.875
431.657
446.556
436.956
481.355
381.214
383.207
382.985
382.963
441.461
403.384
401.107
397.054
393.386
441.523
447.759
392.066
432.116
466.610
400.600
420.938
385.920
391.525
369.629
389.055
399.089
400.488
488.585
392.418
393.200
401.620
415.666
379.389
427.020
399.562
392.220
429.920
385.236
387.546
386.530
391.021
352.239
373.142
445.819
424.077
385.652
385.818
416.191
362.274
359.885
404.920
345.396
345.173
371.984
347.587
357.078
402.177
387.430
398.412
397.783
367.178
366.421
370.606
372.103
371.853
364.317
340.681
364.119
388.117
352.358
368.599
352.445
326.646
352.412
365.654
324.168
367.365
368.482
367.197
335.746
384.264
344.579
346.782
353.488
346.247
396.756
360.125
370.089
338.862
373.244
360.600
369.792
333.951
350.743
333.460
345.016
364.440
351.115
338.477
333.108
349.166
341.745
346.134
337.836
350.612
361.285
339.354
368.470
344.590
336.375
351.424
347.455
330.262
333.434
327.487
333.228
343.821
359.499
361.156
341.186
353.865
371.855
342.869
366.469
335.655
325.068
359.970
359.456
331.001
339.578
342.616
326.602
346.207
365.982
355.150
349.830
362.927
364.156
355.422
348.619
333.596
346.910
321.868
341.378
328.294
349.934
361.303
335.673
330.315
371.157
345.616
353.633
334.637
338.789
342.642
345.155
341.913
350.858
361.023
370.369
333.385
330.732
332.070
330.041
328.562
325.562
338.914
329.177
343.641
333.053
333.685
351.903
328.251
332.267
343.377
350.418
328.053
322.090
312.133
323.503
321.365
325.740
329.240
332.431
336.989
328.981
342.676
362.897
325.348
330.786
351.890
338.731
334.131
315.197
327.625
334.120
320.442
324.202
317.537
324.419
328.830
355.033
324.477
330.403
329.787
330.153
339.376
320.127
320.410
339.909
321.758
336.947
328.354
321.352
331.653
340.744
311.112
320.420
316.344
321.931
328.301
311.753
326.079
316.070
316.373
332.179
328.241
318.884
336.376
317.115
323.928
334.306
325.828
330.402
316.770
338.653
365.141
314.923
340.217
382.781
308.288
334.957
333.279
307.732
335.120
312.580
314.963
337.280
315.775
315.438
311.476
319.508
315.083
329.143
310.216
311.637
321.558
311.001
325.470
315.477
310.522
311.358
321.772
315.616
314.054
3299.782
321.760
306.573
312.061
317.139
305.612
308.201
337.275
328.890
345.048
336.410
314.872
310.800
315.326
306.919
326.004
315.355
317.152
309.797
322.054
314.029
309.746
314.302
319.312
313.543
310.488
323.608
300.091
294.168
331.883
314.969
309.146
321.789
312.507
314.297
325.383
296.736
317.652

Error results for GA5
---------------------------
1034.985
1191.558
935.496
1101.225
1205.714
1249.402
1080.210
1056.447
1065.109
864.767
1003.421
777.318
1031.650
1060.278
1139.434
981.542
1251.624
1096.756
822.232
944.241
1392.355
919.993
871.850
982.154
855.142
1089.488
1155.735
1370.514
1193.320
1001.924
969.186
834.602
1044.657
1131.415
802.895
830.401
952.493
760.574
760.185
925.714
1031.447
807.455
891.324
952.022
867.199
888.115
929.590
959.767
778.475
871.586
925.283
991.096
862.208
743.241
1132.305
715.481
743.670
908.175
864.196
981.040
1095.707
996.898
915.828
957.797
823.228
860.791
684.407
888.862
778.166
750.355
1061.726
952.633
1010.992
794.902
662.984
736.244
882.776
789.631
811.255
708.143
956.974
845.450
641.149
889.824
763.592
731.286
776.312
622.494
772.948
742.524
717.271
808.988
715.788
655.336
742.531
650.536
733.265
705.148
783.414
700.422
658.635
715.242
760.267
658.500
673.927
748.625
562.148
782.844
671.505
661.267
614.687
537.023
689.257
650.560
636.545
578.688
718.147
632.431
580.319
592.828
601.086
578.579
561.636
626.380
552.072
680.138
671.497
616.962
571.207
562.343
645.022
541.793
549.507
559.940
533.738
522.393
512.187
608.083
584.050
610.868
600.183
564.571
680.098
556.958
581.176
574.932
519.451
506.942
562.791
587.894
532.728
548.817
634.943
525.407
550.046
570.148
492.973
511.057
467.351
503.364
713.192
533.430
562.530
541.887
520.157
524.432
522.332
540.911
583.889
519.609
523.860
533.076
533.232
521.252
570.597
480.519
515.985
479.210
550.385
461.706
554.586
515.728
492.774
462.761
524.681
516.899
480.154
505.016
513.785
466.013
512.040
535.601
491.142
481.796
472.499
447.718
519.990
531.784
505.101
467.737
476.676
500.104
485.754
496.503
488.487
492.068
495.249
493.960
509.419
521.387
499.223
525.203
485.311
490.322
574.590
476.621
493.822
541.740
497.814
509.973
486.894
506.548
515.830
459.035
526.321
506.466
502.708
491.733
469.599
500.630
456.307
498.567
497.832
475.955
523.862
514.081
490.855
454.618
537.847
474.549
481.256
463.669
446.590
541.071
484.219
458.871
478.820
510.356
491.219
475.524
423.562
448.304
480.926
467.481
484.108
452.158
457.336
481.537
443.967
452.900
443.032
478.929
467.846
465.181
427.414
451.280
458.556
431.853
459.406
452.951
464.563
428.000
456.465
433.573
435.210
443.807
423.146
431.287
394.061
393.779
433.629
453.571
418.225
445.659
444.744
439.444
425.111
416.171
419.586
434.397
402.206
427.442
409.069
446.412
478.086
437.382
402.526
429.264
406.076
435.416
419.445
427.704
417.337
412.836
423.192
407.033
425.993
421.375
407.794
427.748
406.413
416.328
428.610
480.132
415.744
434.171
420.317
423.140
421.753
426.344
445.208
418.938
442.085
432.478
429.930
412.045
414.501
425.257
425.347
433.901
414.134
419.674
441.552
428.369
407.838
428.256
428.723
425.612
411.603
421.442
421.252
421.715
408.375
432.544
439.364
401.292
426.635
406.876
441.192
421.268
423.595
419.669
434.265
430.850
391.521
400.293
425.977
439.164
392.541
393.333
442.571
414.766
441.475
415.742
421.949
437.530
416.074
432.971
396.784
423.760
396.919
405.851
434.291
383.941
414.656
407.633
409.650
431.774
441.725
392.430
406.818
400.530
437.794
474.279
421.861
404.835
416.276
398.302
418.161
399.354
421.709
455.538
425.229
419.141
413.093
405.986
420.380
445.792
378.364
398.184
428.327
399.772
426.661
414.521
429.550
425.173
426.317
390.297
410.616
430.146
415.324
411.447
411.988
405.918
422.005
406.134
392.170
399.322
394.331
395.835
394.966
408.142
402.393
387.995
394.088
417.141
389.046
418.573
395.258
409.077
412.636
410.225
395.234
447.737
419.943
404.765
399.588
403.475
410.451
384.121
406.737
411.473
416.897
422.652
424.535
417.009
415.698
397.953
403.392
397.827
394.829
418.503
405.526
393.666
404.231
385.538
398.675
393.561
385.538
372.213
369.224
386.980
393.566
388.542
380.791
405.867
405.208
371.523
364.024
369.099
412.540
376.682
405.954
400.707
384.599
385.635
351.139
391.326
358.353
385.361
382.300
365.073
390.838
373.199
360.509
412.491
393.179
390.732
397.169
366.328
368.025
389.661
362.826
365.683
382.925
362.085
378.427
375.508
372.723
370.537

Error results for GA6
---------------------------
930.498
949.776
1059.664
1220.177
912.894
1122.503
1149.403
1019.776
879.364
877.897
788.126
1358.611
1058.357
848.570
958.813
1070.822
905.743
1141.663
1135.102
1499.180
832.290
933.279
921.311
1120.878
892.107
1144.091
853.673
954.548
876.661
968.309
784.879
1050.240
1054.057
910.553
1105.438
1071.001
977.973
1049.135
695.324
935.717
1102.436
771.497
796.993
761.728
975.708
865.413
1370.764
1142.883
1104.940
915.174
868.255
915.353
999.476
907.510
706.038
1080.908
784.659
703.301
795.181
1188.556
884.093
684.879
672.498
827.522
681.250
707.471
733.699
714.463
735.004
840.202
768.715
729.796
529.896
877.672
880.466
699.419
635.331
644.159
665.676
613.125
670.165
619.924
551.154
583.102
613.709
766.786
556.732
628.071
582.220
616.117
526.669
552.476
548.591
677.503
656.621
496.531
688.029
611.622
567.428
457.186
560.006
532.823
674.087
447.306
482.754
473.485
407.128
491.237
521.070
498.772
503.250
505.405
537.461
518.416
573.041
603.076
474.620
457.181
441.407
592.426
523.539
570.496
441.222
486.044
465.398
459.975
460.271
475.936
510.516
431.840
440.796
433.807
597.627
504.741
473.271
557.492
414.186
423.814
535.443
416.475
520.819
422.996
432.507
453.613
474.664
460.396
511.143
397.484
451.710
497.075
391.705
431.390
496.645
446.347
496.377
441.044
473.901
434.172
475.925
447.545
440.330
403.513
502.398
394.195
436.123
406.192
391.212
390.274
457.478
411.453
447.417
446.669
447.221
399.993
411.845
379.459
519.601
434.315
431.911
469.604
409.064
410.423
434.679
384.666
421.023
390.179
477.509
389.654
374.659
373.814
403.054
389.324
399.119
398.993
385.661
413.712
391.428
394.045
362.007
361.988
400.185
374.709
410.021
380.731
378.737
430.374
399.360
398.165
375.628
380.509
436.433
379.066
407.229
362.214
379.069
371.541
379.859
420.752
422.252
363.156
361.963
406.650
375.573
376.072
388.322
388.965
361.821
365.165
376.152
395.963
440.635
382.391
399.951
369.930
366.518
356.822
379.556
357.587
351.675
352.561
384.825
371.857
351.394
428.283
386.187
342.495
410.080
328.235
368.667
341.390
394.821
355.455
358.978
356.906
354.298
352.441
365.595
378.847
390.035
372.901
375.167
344.967
376.053
352.211
346.767
359.743
359.534
380.942
358.581
392.611
383.952
335.902
390.197
350.975
361.086
323.143
358.029
325.254
343.061
361.150
327.668
383.831
317.355
337.308
332.535
335.878
348.989
340.387
333.661
341.223
357.817
334.671
341.960
334.390
324.850
340.987
341.308
346.545
326.898
350.814
373.448
329.078
367.158
339.550
346.936
333.325
332.920
336.757
347.040
324.442
340.175
345.189
329.030
341.037
332.812
336.168
326.887
331.301
343.019
326.302
354.735
349.470
330.412
347.428
368.384
337.377
334.159
333.402
333.953
343.380
342.785
355.941
333.433
365.196
318.764
336.284
341.178
362.420
347.020
326.449
324.152
333.264
322.539
358.435
349.309
355.797
331.799
338.718
338.978
359.137
342.180
327.201
346.250
333.690
357.016
347.534
340.941
339.691
341.477
357.077
353.374
335.059
339.442
347.731
327.807
321.879
328.265
341.257
332.346
332.670
322.096
339.793
333.155
343.131
334.466
339.225
346.119
356.963
318.858
335.805
333.719
370.991
321.791
336.336
340.695
355.555
334.348
332.587
325.603
330.621
336.164
339.622
358.318
326.631
337.483
324.404
343.145
326.907
352.442
342.241
310.215
353.907
349.395
343.961
345.601
313.799
325.238
331.111
354.967
333.768
362.420
334.872
334.610
328.660
338.738
308.128
375.796
342.972
323.573
330.317
315.628
320.626
323.774
309.495
315.431
325.099
323.173
318.074
326.100
312.751
284.485
333.380
312.548
340.040
346.487
322.989
322.157
307.075
325.973
321.252
310.727
320.945
324.054
316.376
311.222
313.229
307.753
326.353
325.559
320.352
328.784
354.743
304.138
302.156
313.646
325.089
318.412
312.323
318.395
313.071
312.728
319.037
319.270
321.949
300.636
318.190
328.640
315.441
302.917
317.500
325.506
314.068
331.247
321.889
346.070
327.076
324.579
354.667
349.984
315.561
317.814
331.371
340.427
328.164
325.398
324.615
321.326
324.563
319.668
332.089
308.586
320.057
319.059
306.656
299.260
323.252
327.208
333.301
329.023
319.064

Error results for GA7
---------------------------
1107.768
976.830
889.580
1034.808
1013.015
1038.781
1095.857
1038.927
817.392
857.335
970.238
906.973
1158.340
1063.638
1084.267
1036.754
1012.123
1268.072
824.373
825.268
1092.506
1018.362
1066.015
882.026
1068.744
984.960
1185.343
952.700
917.810
964.018
959.926
985.360
919.292
866.058
1039.158
887.556
907.781
905.739
996.745
971.293
750.955
959.564
925.825
1078.964
1161.006
944.771
730.762
820.073
1082.552
974.793
988.774
1124.766
804.815
880.045
1022.788
922.097
948.465
796.042
1074.898
877.530
892.314
981.389
904.287
829.029
971.670
861.146
854.785
862.925
951.970
987.446
1038.502
1089.987
743.215
877.668
818.984
861.074
787.441
965.501
985.562
749.851
786.188
968.526
668.084
765.443
785.387
757.311
764.098
761.091
828.331
779.995
822.179
751.503
661.222
750.927
718.961
1033.350
668.110
727.341
694.486
721.361
650.000
720.930
672.938
637.332
707.229
631.962
666.749
763.407
626.293
790.432
666.050
742.992
679.513
634.972
659.545
770.855
710.706
593.381
612.165
876.026
632.522
644.890
672.948
643.500
656.367
723.003
758.142
599.039
557.862
576.247
573.425
583.610
632.430
640.002
568.225
628.798
637.143
635.505
582.908
578.237
530.127
542.778
641.789
524.885
575.254
567.086
714.420
486.854
592.016
577.166
550.718
567.017
484.553
650.940
487.399
588.621
498.744
565.289
547.808
578.223
500.372
543.501
467.500
471.776
513.202
504.421
460.052
437.862
522.985
493.260
476.865
487.714
472.828
458.891
458.210
520.139
529.612
485.285
474.115
483.219
505.806
473.549
481.473
457.692
467.246
484.772
484.562
432.610
414.028
549.572
482.686
466.667
432.435
466.712
471.155
455.345
522.832
455.836
523.869
463.129
427.457
499.052
462.179
428.397
463.827
525.771
412.212
441.998
452.773
447.356
478.929
406.450
407.485
460.226
424.664
415.157
396.755
425.870
429.473
433.047
424.887
397.316
425.321
473.188
430.448
425.505
411.154
419.457
422.896
387.804
397.538
424.510
435.018
405.712
383.101
476.739
392.848
422.750
420.916
394.254
421.693
467.995
422.310
400.938
381.781
394.661
428.536
375.352
418.589
404.268
448.953
480.208
398.168
398.410
424.206
396.118
397.768
386.742
422.704
404.904
400.530
419.168
400.264
389.144
418.576
398.391
375.114
425.526
379.773
383.304
407.588
383.493
356.393
381.145
380.259
374.753
411.223
434.947
381.824
402.619
399.853
374.596
393.470
392.452
400.270
396.456
413.985
417.908
365.344
355.878
397.068
390.776
409.290
361.694
414.081
405.190
364.027
383.629
470.960
360.289
354.017
391.316
402.557
350.239
364.722
390.349
390.155
362.423
382.436
372.258
397.609
372.405
384.139
370.835
341.701
440.888
398.016
395.334
386.820
353.052
395.455
402.162
367.367
395.624
373.132
390.972
356.659
381.868
369.672
391.244
393.460
355.468
372.266
357.068
336.973
372.215
369.254
349.504
364.864
378.032
357.767
356.549
374.658
359.080
334.487
370.142
335.998
355.581
349.701
333.280
356.822
352.650
349.885
337.777
379.102
336.478
332.339
373.233
352.696
322.760
321.063
322.438
352.087
355.509
327.105
355.673
354.108
370.362
344.948
340.217
325.367
342.184
349.911
354.962
341.466
345.439
358.499
337.811
322.953
336.481
343.595
332.409
349.039
380.691
334.824
335.824
342.410
335.373
363.736
322.621
348.473
335.745
313.702
336.048
339.418
330.726
377.370
315.409
360.931
324.773
315.627
321.647
339.517
329.807
337.886
333.890
338.769
333.545
341.338
319.176
343.195
314.649
323.112
326.039
336.209
322.359
345.223
323.209
338.485
335.730
346.038
320.481
342.560
339.935
321.717
336.299
334.286
356.853
331.124
333.428
306.234
353.806
330.237
320.559
334.195
325.278
342.340
331.023
331.741
331.551
337.843
329.891
351.770
328.604
323.215
311.050
324.644
313.417
322.296
331.812
325.980
326.249
351.335
338.704
322.171
322.737
315.432
343.835
367.961
316.210
310.818
353.797
328.811
326.066
322.116
331.339
326.675
335.663
315.389
327.038
334.984
326.413
330.227
334.771
347.968
317.168
339.688
330.505
311.374
312.830
307.713
320.090
303.022
321.603
308.651
323.520
324.809
323.710
326.480
310.218
310.055
315.394
337.847
315.418
321.082
331.693
309.119
324.098
321.176
324.376

Error results for GA8
---------------------------
1129.963
1175.238
782.419
1018.644
1013.444
1144.105
847.953
922.457
922.143
914.160
1160.728
1255.466
1181.541
1297.910
902.757
841.332
1044.502
929.671
945.181
889.815
898.319
868.257
1229.326
1090.455
1031.938
1084.859
1075.307
853.597
830.941
1141.247
931.073
1008.395
1088.782
1153.939
1084.439
862.252
946.642
897.747
951.934
803.321
938.129
1059.241
842.217
1034.314
883.093
1046.238
885.837
862.259
922.600
773.079
1003.115
704.341
990.875
846.012
825.977
990.010
1012.467
793.119
806.562
885.793
721.231
871.551
974.780
781.884
820.053
859.320
966.341
966.334
883.948
735.988
820.168
940.829
812.413
783.863
863.626
869.922
779.218
889.060
654.225
661.034
819.588
761.018
812.617
844.104
688.696
717.204
793.201
854.956
688.696
802.694
744.548
756.018
755.080
773.033
772.200
666.707
815.592
830.691
625.842
839.354
722.412
765.028
661.179
619.583
703.205
717.136
738.351
689.935
590.993
764.891
724.073
636.628
637.980
754.826
693.182
602.409
619.746
599.658
751.458
528.291
676.998
663.032
622.167
671.655
603.095
596.849
520.907
629.681
662.835
710.130
604.614
581.126
592.584
568.109
683.205
593.331
613.612
508.145
612.066
626.820
609.350
575.066
599.946
640.735
560.153
564.642
593.579
581.312
641.783
562.640
696.019
680.014
703.461
699.519
548.125
529.556
576.448
637.723
636.089
550.942
543.898
662.146
591.319
524.846
558.088
518.985
521.789
542.663
564.189
573.450
552.423
561.090
597.861
610.878
444.269
535.867
631.659
541.914
505.826
561.145
475.039
582.481
501.356
541.460
555.052
547.036
490.608
591.490
524.621
610.847
584.513
584.170
547.166
599.835
543.770
510.597
526.107
533.775
527.352
624.322
631.923
557.259
543.805
529.738
612.456
477.749
554.343
546.010
614.478
603.640
492.795
584.827
567.690
450.885
570.416
555.939
522.974
514.805
530.921
585.639
487.937
542.947
510.840
531.521
565.467
524.932
510.425
507.638
499.647
477.144
460.816
496.340
488.709
510.513
510.861
572.444
490.304
467.563
462.487
514.760
514.650
532.343
574.716
464.711
505.934
584.174
495.408
513.759
474.182
513.625
486.776
476.788
463.027
480.738
463.845
502.407
462.110
446.517
455.795
442.361
438.737
546.815
472.342
477.376
453.100
423.880
484.078
491.966
466.968
468.340
445.701
461.958
434.235
463.671
480.631
471.898
491.573
448.349
493.286
438.322
456.956
432.696
448.197
425.110
439.131
454.576
411.820
432.295
450.568
514.150
437.427
462.247
450.485
444.923
440.050
438.314
416.622
412.378
456.029
437.829
495.737
465.806
493.591
451.186
458.449
430.421
481.248
437.488
448.994
444.710
448.078
448.357
424.885
455.897
439.060
424.464
455.633
470.362
426.025
436.466
445.487
449.217
420.134
430.317
405.835
431.626
441.656
431.464
446.898
448.842
421.839
438.853
424.917
450.090
388.987
445.920
415.247
419.196
438.572
403.463
414.553
419.392
412.651
423.098
427.678
444.244
412.795
415.236
455.940
411.446
423.423
414.829
406.994
432.551
419.139
436.384
432.767
453.171
406.408
455.580
399.240
442.087
391.954
399.389
420.145
393.214
384.515
408.871
413.754
396.345
427.200
365.082
415.553
420.823
421.521
416.986
405.616
397.930
404.858
386.920
407.602
404.782
398.179
422.571
432.226
397.030
391.563
411.566
405.120
431.282
391.751
416.565
391.375
390.075
403.131
413.606
389.766
411.489
391.176
365.404
394.789
416.600
376.697
401.920
376.136
392.556
386.309
422.427
424.395
381.016
378.265
374.868
379.639
390.133
370.325
383.756
391.144
383.471
388.533
400.814
386.743
371.329
355.752
373.532
383.382
348.730
380.046
389.262
399.813
361.831
359.616
378.298
358.289
363.977
333.324
363.826
402.653
370.270
388.005
348.621
352.555
361.037
345.351
375.549
363.540
349.647
353.505
371.162
354.560
376.342
378.904
343.518
363.151
364.720
359.785
347.257
330.221
348.856
348.307
366.885
353.070
365.598
343.610
331.942
369.127
355.111
374.919
362.199
347.543
326.414
352.117
337.644
350.135
350.339
344.198
376.046
371.347
339.709
368.503
368.455
337.559
325.824
351.101
360.321
332.251
329.765
340.593
339.188
351.665
355.819
352.210
352.420
338.590
352.818
329.723
339.963
353.130
352.785
344.763
349.966

Error results for GA9
---------------------------
1191.399
1038.912
996.105
1166.536
637.075
747.394
1208.256
899.742
965.992
1102.468
993.955
1216.238
869.968
968.296
1039.445
1072.411
1158.398
983.111
1143.898
1061.398
905.535
1157.581
1233.761
960.347
1079.583
913.576
874.957
657.054
888.993
960.799
1022.855
1037.107
860.366
1199.992
994.458
1030.820
609.655
1288.643
1094.623
965.184
1113.708
1139.611
934.784
833.858
1025.261
747.602
782.582
775.436
739.983
773.944
1029.031
714.009
848.744
827.258
938.885
981.342
925.772
985.984
811.921
734.501
809.550
921.421
965.221
973.813
728.142
668.074
820.844
1067.258
872.626
881.277
883.995
855.743
819.372
647.569
781.413
924.183
671.597
696.911
733.823
766.361
706.664
829.113
837.774
599.661
802.001
855.691
706.284
874.735
1032.137
590.527
778.136
748.227
645.812
627.830
756.134
624.742
669.657
560.605
667.537
597.120
589.428
565.463
607.632
558.053
640.907
553.293
656.088
577.385
556.941
513.542
593.649
503.664
535.224
506.434
450.853
451.247
475.923
467.971
535.814
553.909
522.237
452.976
488.013
447.391
487.861
520.457
428.157
420.127
478.723
439.309
665.482
531.131
515.549
495.824
433.702
441.518
443.030
546.693
451.515
529.952
467.046
381.132
431.470
636.137
472.424
399.416
467.429
468.371
454.480
535.767
489.391
452.222
466.958
482.418
403.475
441.638
405.980
401.485
418.015
418.621
515.479
405.507
392.081
434.541
402.553
398.760
398.669
396.935
392.533
429.190
457.937
408.233
380.470
440.391
371.136
428.526
374.528
398.856
413.435
409.773
416.378
418.683
414.570
381.664
378.685
420.112
390.815
385.312
402.200
396.285
405.512
382.903
386.355
358.638
408.860
417.097
405.076
396.980
382.904
420.802
408.590
402.210
389.212
416.369
386.290
383.027
421.205
395.142
354.562
402.320
381.573
421.562
370.551
378.527
389.562
389.887
427.718
415.961
360.149
380.050
379.417
401.615
404.314
414.306
355.284
382.984
391.737
381.684
380.102
461.444
394.578
390.127
388.511
400.490
390.674
379.257
356.838
403.881
390.642
381.508
403.202
390.708
391.132
384.047
378.384
332.222
403.503
361.316
410.739
372.704
372.742
355.997
378.366
358.280
381.913
379.705
434.799
345.260
379.346
351.731
351.098
348.899
376.865
388.344
381.566
376.568
364.421
376.462
399.714
359.550
401.783
371.805
367.694
389.137
366.611
376.840
363.771
407.097
365.344
450.051
357.497
396.936
355.440
358.998
353.737
372.670
405.847
407.131
392.309
385.131
399.328
357.269
398.632
382.149
375.094
402.623
377.470
360.466
364.310
388.535
364.964
371.098
364.925
346.084
386.277
355.692
407.132
369.810
360.649
363.339
396.734
362.060
377.362
378.978
387.968
391.297
388.748
396.825
394.496
344.647
380.344
359.395
385.090
356.169
379.580
389.002
417.342
369.917
375.772
385.444
366.400
380.432
374.514
358.512
369.322
369.010
376.377
416.274
389.450
364.338
363.732
367.438
352.714
359.876
362.521
368.804
377.519
354.137
353.815
365.642
366.519
361.709
372.174
383.188
352.723
357.805
356.683
380.892
369.386
340.482
349.468
369.331
337.318
390.585
346.434
347.477
366.534
366.860
354.834
375.256
360.404
352.143
351.124
397.197
395.095
352.030
351.917
350.224
360.895
373.449
347.362
361.138
351.439
363.531
336.262
332.298
347.390
360.161
349.647
349.675
356.003
370.276
338.866
346.095
344.172
339.845
352.081
352.168
346.505
344.243
358.703
348.344
360.122
361.277
362.547
376.877
366.083
339.706
349.349
359.562
355.731
336.291
337.940
339.808
344.458
348.162
341.039
335.303
327.858
333.305
350.273
328.889
351.287
356.497
355.681
348.327
359.177
355.717
340.354
327.908
328.351
340.020
328.237
345.756
328.842
332.113
326.212
329.258
318.504
337.549
330.984
327.535
357.773
340.943
333.045
321.503
339.491
329.283
362.316
357.852
329.155
331.687
335.698
331.721
321.087
346.441
321.306
352.934
361.149
334.143
330.929
331.297
339.800
340.353
341.359
338.139
334.632
328.819
341.493
340.390
326.097
338.391
336.561
327.488
334.416
320.416
322.642
360.349
326.377
339.945
347.791
322.734
329.626
343.096
327.683
344.518
339.109
337.770
340.082
348.718
341.945
334.050
337.301
334.296
337.026
359.484
341.586
334.137
332.984
324.870

Error results for GA10
---------------------------
906.853
1103.891
1099.601
1093.909
983.508
994.910
1113.667
1140.189
1238.909
968.078
966.979
1198.522
1231.957
1041.955
872.906
1126.791
977.930
1091.117
1013.385
1060.665
1071.889
1277.527
1152.290
1053.526
944.968
1044.432
985.431
1199.187
898.772
964.828
991.956
807.039
896.385
795.903
810.011
1049.468
952.133
1127.743
1117.936
941.582
996.573
993.385
928.809
1150.871
965.826
1018.909
899.720
972.232
957.180
938.987
1130.388
1090.116
979.277
1061.370
879.994
959.056
860.882
888.798
963.194
904.589
880.580
1193.883
1055.540
1078.934
989.958
998.577
934.253
936.104
1213.487
1024.979
952.609
921.068
848.865
1053.365
868.297
1199.970
947.768
1100.902
819.208
1041.763
953.276
1074.244
903.088
783.632
1027.351
930.150
1040.012
988.951
945.591
999.241
1021.510
1113.331
1033.671
1014.531
1045.751
862.024
843.405
1000.207
865.041
1174.110
987.669
808.339
930.852
809.756
1089.420
853.023
798.582
825.761
863.997
968.938
921.119
847.904
848.431
919.633
968.311
803.813
1005.340
859.458
769.881
739.262
962.241
778.328
731.357
868.793
813.864
885.931
712.615
885.737
811.682
830.207
898.981
772.911
722.786
680.306
730.591
861.087
842.754
887.495
799.961
728.618
717.575
931.812
888.956
913.018
769.134
731.826
802.855
740.074
728.062
723.666
914.512
698.366
686.831
994.643
632.051
747.534
803.576
725.775
610.578
818.621
736.526
894.166
680.521
726.843
556.757
817.966
647.371
798.963
618.708
647.463
729.332
586.377
578.489
703.862
771.717
809.357
659.748
656.065
686.011
659.241
656.235
710.667
597.077
646.156
669.719
653.891
600.506
641.576
721.616
608.644
571.879
756.020
574.906
601.656
514.315
583.004
477.839
630.431
477.136
573.613
576.663
644.672
595.002
652.974
506.433
534.229
534.777
543.202
573.757
533.584
536.859
547.355
685.763
571.117
626.651
571.608
660.188
594.480
639.706
586.774
532.870
519.094
532.443
566.389
683.635
576.601
590.655
517.986
561.133
529.354
614.404
559.079
607.439
573.992
579.811
660.148
589.674
616.143
601.168
520.277
697.649
632.046
569.974
549.954
546.174
566.500
600.717
653.198
561.349
587.883
537.682
562.968
559.079
545.474
585.335
547.162
560.768
528.418
530.587
553.520
498.482
542.687
503.119
495.361
530.356
526.240
488.696
500.094
559.617
516.478
530.010
550.450
646.001
597.001
584.673
514.672
512.560
571.657
501.770
533.416
495.202
522.380
569.585
499.467
657.986
501.585
585.596
553.765
552.878
529.744
530.251
513.707
520.846
534.860
518.291
495.442
498.395
501.549
498.569
544.995
502.947
450.110
629.063
486.817
489.864
492.415
514.741
489.750
481.161
488.653
459.852
467.815
512.460
471.969
459.402
504.727
513.909
473.749
498.131
464.922
479.322
466.591
480.554
471.878
499.884
453.971
488.361
438.348
469.042
461.775
493.006
448.031
465.561
452.486
444.596
455.285
492.258
490.178
469.747
475.527
461.624
486.997
485.080
469.850
501.695
533.103
463.884
536.850
477.075
439.716
499.518
477.610
477.815
514.472
468.755
466.750
457.124
490.078
548.787
463.522
502.192
464.973
466.413
476.899
455.556
477.733
455.768
436.908
500.280
467.655
442.330
510.293
464.833
508.755
436.371
494.743
472.647
484.244
493.092
454.083
469.752
461.632
480.546
427.112
451.358
459.965
467.863
427.477
457.868
453.289
419.433
459.866
464.302
497.388
429.066
450.375
448.110
427.416
421.037
479.437
431.650
443.980
430.241
417.300
467.049
426.431
450.771
415.091
436.638
440.834
427.419
447.036
437.115
434.014
480.861
428.249
438.115
406.985
519.389
424.850
437.601
466.979
417.746
456.729
428.310
442.440
438.492
437.212
425.197
435.481
410.324
415.969
424.994
427.908
422.263
419.314
442.140
430.652
416.031
434.723
423.315
435.212
475.193
422.640
421.853
424.840
421.546
460.155
410.664
423.840
433.064
405.903
448.329
448.875
414.216
433.538
426.870
430.727
406.289
422.806
423.274
451.606
409.046
421.282
415.692
446.935
420.210
432.910
441.856
460.916
446.119
460.673
413.722
434.941
444.777
438.215
423.928
474.543
463.192
462.448
421.095
410.318
450.050
429.707
432.668
455.972
449.108
424.721
413.477
410.891
426.903
434.096
416.913
405.901
410.404
467.599
400.461
404.860
424.404
417.476

--------------------------------------------
Results for GA1: 
--------------------------------------------
Correctly classified (TEST) 3016.0 instances.
Incorrectly classified (TEST) 301.0 instances.
Percent correctly classified (TEST): 90.926%

Correctly classified (TRAIN)7021.0 instances.
Incorrectly classified (TRAIN) 717.0 instances.
Percent correctly classified (TRAIN): 90.734%

Training time: 935.795 seconds
Testing time: 0.283 seconds

--------------------------------------------
Results for GA2: 
--------------------------------------------
Correctly classified (TEST) 2980.0 instances.
Incorrectly classified (TEST) 337.0 instances.
Percent correctly classified (TEST): 89.840%

Correctly classified (TRAIN)6979.0 instances.
Incorrectly classified (TRAIN) 759.0 instances.
Percent correctly classified (TRAIN): 90.191%

Training time: 897.886 seconds
Testing time: 0.142 seconds

--------------------------------------------
Results for GA3: 
--------------------------------------------
Correctly classified (TEST) 2976.0 instances.
Incorrectly classified (TEST) 341.0 instances.
Percent correctly classified (TEST): 89.720%

Correctly classified (TRAIN)6956.0 instances.
Incorrectly classified (TRAIN) 782.0 instances.
Percent correctly classified (TRAIN): 89.894%

Training time: 889.501 seconds
Testing time: 0.136 seconds

--------------------------------------------
Results for GA4: 
--------------------------------------------
Correctly classified (TEST) 2980.0 instances.
Incorrectly classified (TEST) 337.0 instances.
Percent correctly classified (TEST): 89.840%

Correctly classified (TRAIN)6949.0 instances.
Incorrectly classified (TRAIN) 789.0 instances.
Percent correctly classified (TRAIN): 89.804%

Training time: 846.139 seconds
Testing time: 0.116 seconds

--------------------------------------------
Results for GA5: 
--------------------------------------------
Correctly classified (TEST) 2965.0 instances.
Incorrectly classified (TEST) 352.0 instances.
Percent correctly classified (TEST): 89.388%

Correctly classified (TRAIN)6864.0 instances.
Incorrectly classified (TRAIN) 874.0 instances.
Percent correctly classified (TRAIN): 88.705%

Training time: 639.117 seconds
Testing time: 0.095 seconds

--------------------------------------------
Results for GA6: 
--------------------------------------------
Correctly classified (TEST) 3022.0 instances.
Incorrectly classified (TEST) 295.0 instances.
Percent correctly classified (TEST): 91.106%

Correctly classified (TRAIN)7012.0 instances.
Incorrectly classified (TRAIN) 726.0 instances.
Percent correctly classified (TRAIN): 90.618%

Training time: 541.431 seconds
Testing time: 0.105 seconds

--------------------------------------------
Results for GA7: 
--------------------------------------------
Correctly classified (TEST) 2999.0 instances.
Incorrectly classified (TEST) 318.0 instances.
Percent correctly classified (TEST): 90.413%

Correctly classified (TRAIN)6995.0 instances.
Incorrectly classified (TRAIN) 743.0 instances.
Percent correctly classified (TRAIN): 90.398%

Training time: 542.715 seconds
Testing time: 0.088 seconds

--------------------------------------------
Results for GA8: 
--------------------------------------------
Correctly classified (TEST) 2984.0 instances.
Incorrectly classified (TEST) 333.0 instances.
Percent correctly classified (TEST): 89.961%

Correctly classified (TRAIN)6974.0 instances.
Incorrectly classified (TRAIN) 764.0 instances.
Percent correctly classified (TRAIN): 90.127%

Training time: 581.626 seconds
Testing time: 0.124 seconds

--------------------------------------------
Results for GA9: 
--------------------------------------------
Correctly classified (TEST) 2944.0 instances.
Incorrectly classified (TEST) 373.0 instances.
Percent correctly classified (TEST): 88.755%

Correctly classified (TRAIN)6899.0 instances.
Incorrectly classified (TRAIN) 839.0 instances.
Percent correctly classified (TRAIN): 89.157%

Training time: 569.832 seconds
Testing time: 0.094 seconds

--------------------------------------------
Results for GA10: 
--------------------------------------------
Correctly classified (TEST) 2899.0 instances.
Incorrectly classified (TEST) 418.0 instances.
Percent correctly classified (TEST): 87.398%

Correctly classified (TRAIN)6799.0 instances.
Incorrectly classified (TRAIN) 939.0 instances.
Percent correctly classified (TRAIN): 87.865%

Training time: 565.946 seconds
Testing time: 0.106 seconds